省份,品种名称,亲本来源,类型,原产地,审定编号,审定方,审定序号,母本,审定公司
湖南,桃优玉珍,桃农1A×玉珍,籼型三系杂交稻,袁氏种业高科技有限公司等,湘审稻20210033,湘审稻,20210033,桃农1A,袁氏种业高科技有限公司
湖南,安两优2号,安1S×低镉2号,籼型两系杂交稻,湖南金健种业科技有限公司等,湘审稻20244007,湘审稻,20244007,安1S,湖南金健种业科技有限公司
湖南,桃优玉晶,桃农1A×玉晶,籼型三系杂交稻,袁氏种业高科技有限公司等,湘审稻20210032,湘审稻,20210032,桃农1A,袁氏种业高科技有限公司
湖南,清莲香占,低镉1号×香占,籼型常规稻,湖南金健种业科技有限公司等,湘审稻20244006,湘审稻,20244006,低镉1号,湖南金健种业科技有限公司
湖南,金科丝苗5号,黄软占×合丰占,籼型常规稻,深圳隆平金谷种业有限公司等,湘审稻20210031,湘审稻,20210031,黄软占,深圳隆平金谷种业有限公司
湖南,清莲丝苗,丝苗×低镉1号,籼型常规稻,湖南金健种业科技有限公司等,湘审稻20244005,湘审稻,20244005,丝苗,湖南金健种业科技有限公司
湖南,兴糯优4483,兴糯A×R4483,籼型三系杂交稻,湖南兴隆种业有限公司等,湘审稻20244004,湘审稻,20244004,兴糯A,湖南兴隆种业有限公司
湖南,民升优6176,民升A×R6176,籼型三系杂交稻,袁隆平农业高科技股份有限公司等,湘审稻20210030,湘审稻,20210030,民升A,袁隆平农业高科技股份有限公司
湖南,轩两优1597,轩S×R1597,籼型两系杂交稻,袁隆平农业高科技股份有限公司等,湘审稻20210029,湘审稻,20210029,轩S,袁隆平农业高科技股份有限公司
湖南,隆8优5438,隆8A×华恢5438,籼型三系杂交稻,袁隆平农业高科技股份有限公司等,湘审稻20206002,湘审稻,20206002,隆8A,袁隆平农业高科技股份有限公司
湖南,珂两优1273,华珂226S×华恢1273,籼型两系杂交稻,袁隆平农业高科技股份有限公司等,湘审稻20206001,湘审稻,20206001,华珂226S,袁隆平农业高科技股份有限公司
湖南,隆糯两优6号,隆糯18S×华糯6号,籼型两系杂交稻,袁隆平农业高科技股份有限公司等,湘审稻20244003,湘审稻,20244003,隆糯18S,袁隆平农业高科技股份有限公司
湖南,深优1234,深95A×华恢1234,籼型三系杂交稻,袁隆平农业高科技股份有限公司等,湘审稻20190073,湘审稻,20190073,深95A,袁隆平农业高科技股份有限公司
湖南,韵两优7484,韵2013S×R7484,籼型两系杂交稻,袁隆平农业高科技股份有限公司等,湘审稻20210028,湘审稻,20210028,韵2013S,袁隆平农业高科技股份有限公司
湖南,绿银占,黄银占×丰粤占,籼型常规稻,深圳隆平金谷种业有限公司,湘审稻20190072,湘审稻,20190072,黄银占,深圳隆平金谷种业有限公司
湖南,赞两优13,赞6158S×GR13,籼型两系杂交稻,袁隆平农业高科技股份有限公司等,湘审稻20200064,湘审稻,20200064,赞6158S,袁隆平农业高科技股份有限公司
湖南,旗两优6176,旗482S×R6176,籼型两系杂交稻,袁隆平农业高科技股份有限公司等,湘审稻20210027,湘审稻,20210027,旗482S,袁隆平农业高科技股份有限公司
湖南,清莲丝占,丝占×低镉1号,籼型常规稻,湖南金健种业科技有限公司等,湘审稻20244002,湘审稻,20244002,丝占,湖南金健种业科技有限公司
湖南,泰优068,泰丰A×康农R06,籼型三系杂交稻,湖北康农种业股份有限公司等,湘审稻20190071,湘审稻,20190071,泰丰A,湖北康农种业股份有限公司
湖南,恒两优华占,恒59S×华占,籼型两系杂交稻,湖南恒德种业科技有限公司等,湘审稻20190070,湘审稻,20190070,恒59S,湖南恒德种业科技有限公司
湖南,韵两优6176,韵2013S×R6176,籼型两系杂交稻,袁隆平农业高科技股份有限公司等,湘审稻20210026,湘审稻,20210026,韵2013S,袁隆平农业高科技股份有限公司
湖南,韵两优6937,韵2013S×R6937,籼型两系杂交稻,袁隆平农业高科技股份有限公司等,湘审稻20210025,湘审稻,20210025,韵2013S,袁隆平农业高科技股份有限公司
湖南,C两优9号,C815S×70124,籼型两系杂交稻,湖南农业大学,湘审稻2012013,湘审稻,2012013,C815S,湖南农业大学
湖南,丰源优263,丰源A×湘恢263,籼型三系杂交稻,怀化职业技术学院等,湘审稻2012012,湘审稻,2012012,丰源A,怀化职业技术学院
湖南,内5优263,内香5A×湘恢263,籼型三系杂交稻,怀化职业技术学院等,湘审稻2012011,湘审稻,2012011,内香5A,怀化职业技术学院
湖南,广两优2010,广占63-4S×R2010,籼型两系杂交稻,袁隆平农业高科技股份有限公司,湘审稻2012010,湘审稻,2012010,广占63-4S,袁隆平农业高科技股份有限公司
湖南,C两优651,C815S×湘丰651,籼型两系杂交稻,湖南丰源种业有限责任公司等,湘审稻2012009,湘审稻,2012009,C815S,湖南丰源种业有限责任公司
湖南,皖稻93,X07S×Wh16,籼型两系杂交稻,宣城市农业科学研究所,湘审稻2012008,湘审稻,2012008,X07S,宣城市农业科学研究所
湖南,龙两优981,龙S×R981,籼型两系杂交稻,湖南省水稻研究所等,湘审稻2012007,湘审稻,2012007,龙S,湖南省水稻研究所
湖南,珞优2号,珞红4A×低镉1号,籼型三系杂交稻,湖南省农业科学院等,湘审稻20244001,湘审稻,20244001,珞红4A,湖南省农业科学院
湖南,湘糯28,湘晚糯1号×鄂荆糯6号,籼型常规稻,湖南湘穗种业有限责任公司,湘审稻20200063,湘审稻,20200063,湘晚糯1号,湖南湘穗种业有限责任公司
湖南,陵两优22,湘陵628S×中早22,籼型两系杂交稻,湖南亚华种业科学研究院等,湘审稻2012006,湘审稻,2012006,湘陵628S,湖南亚华种业科学研究院
湖南,荷香106,农香39×华香16//农香32/粤王丝苗,籼型常规稻,湖南禾之香农业科技有限公司,湘审稻20243027,湘审稻,20243027,农香39,湖南禾之香农业科技有限公司
湖南,原香优京贵占,原香39A×京贵占,籼型三系杂交稻,湖南金色农华种业科技有限公司,湘审稻20243026,湘审稻,20243026,原香39A,湖南金色农华种业科技有限公司
湖南,板仓红糯,糯110×湘晚籼12号,籼型常规稻,湖南省水稻研究所,湘审稻20200062,湘审稻,20200062,糯110,湖南省水稻研究所
湖南,东两优丰占,东81S×丰占,籼型两系杂交稻,袁氏种业高科技有限公司,湘审稻20190069,湘审稻,20190069,东81S,袁氏种业高科技有限公司
湖南,韵两优2935,韵2013S×R2935,籼型两系杂交稻,袁隆平农业高科技股份有限公司等,湘审稻20210024,湘审稻,20210024,韵2013S,袁隆平农业高科技股份有限公司
湖南,珠两优5298,珠S×R5298,籼型两系杂交稻,袁隆平农业高科技股份有限公司等,湘审稻20210023,湘审稻,20210023,珠S,袁隆平农业高科技股份有限公司
湖南,宇两优121,宇340S×GR121,籼型两系杂交稻,湖南隆平种业有限公司,湘审稻20210022,湘审稻,20210022,宇340S,湖南隆平种业有限公司
湖南,珠两优1597,珠S×R1597,籼型两系杂交稻,袁隆平农业高科技股份有限公司等,湘审稻20210021,湘审稻,20210021,珠S,袁隆平农业高科技股份有限公司
湖南,泓两优3069,泓92S×R3069,籼型两系杂交稻,湖南兴隆种业有限公司等,湘审稻20230014,湘审稻,20230014,泓92S,湖南兴隆种业有限公司
湖南,松雅馨香,玉针香×湘晚籼13号/湘选恢326,籼型常规稻,湖南省水稻研究所,湘审稻20243025,湘审稻,20243025,玉针香,湖南省水稻研究所
湖南,松雅77,玉针香辐射株×象牙香占,籼型常规稻,湖南省水稻研究所,湘审稻20243024,湘审稻,20243024,玉针香辐射株,湖南省水稻研究所
湖南,杰丰优1号,杰丰A×望恢493,籼型三系杂交稻,湖南希望种业科技有限公司,湘审稻2012005,湘审稻,2012005,杰丰A,湖南希望种业科技有限公司
湖南,陵两优4024,湘陵628S×4024,籼型两系杂交稻,湖南农业大学等,湘审稻2012004,湘审稻,2012004,湘陵628S,湖南农业大学
湖南,板仓全彩,全紫稻×湘晚籼13号,籼型常规稻,湖南省水稻研究所,湘审稻20200061,湘审稻,20200061,全紫稻,湖南省水稻研究所
湖南,株两优19,株1S×G19,籼型两系杂交稻,中国水稻研究所等,湘审稻2012003,湘审稻,2012003,株1S,中国水稻研究所
湖南,玮两优8675,华玮338S×华恢8675,籼型两系杂交稻,袁隆平农业高科技股份有限公司等,湘审稻20210020,湘审稻,20210020,华玮338S,袁隆平农业高科技股份有限公司
湖南,吉优华占,吉丰A×华占,籼型三系杂交稻,广东省金稻种业有限公司等,湘审稻20190068,湘审稻,20190068,吉丰A,广东省金稻种业有限公司
湖南,悦两优7068,华悦468S×华恢7068,籼型两系杂交稻,袁隆平农业高科技股份有限公司等,湘审稻20230013,湘审稻,20230013,华悦468S,袁隆平农业高科技股份有限公司
湖南,伍两优8549,晶4155S×华恢8549,籼型两系杂交稻,袁隆平农业高科技股份有限公司等,湘审稻20210019,湘审稻,20210019,晶4155S,袁隆平农业高科技股份有限公司
湖南,松雅11,湘早籼45号×湘晚籼13号/中9B,籼型常规稻,湖南省水稻研究所,湘审稻20243023,湘审稻,20243023,湘早籼45号,湖南省水稻研究所
湖南,创两优银华粘,创5S×银华粘,籼型两系杂交稻,湖南永益农业科技发展有限公司等,湘审稻20180016,湘审稻,20180016,创5S,湖南永益农业科技发展有限公司
湖南,两优5518,1892S×益恢5518,籼型两系杂交稻,湖南永益农业科技发展有限公司,湘审稻20230049,湘审稻,20230049,1892S,湖南永益农业科技发展有限公司
湖南,长两优173,长早S×嘉早173,籼型两系杂交稻,湖南亚华种业科学研究院,湘审稻2012002,湘审稻,2012002,长早S,湖南亚华种业科学研究院
湖南,松雅7号,湘早籼45号/玉针香×湘晚籼17号/湘早籼45号,籼型常规稻,湖南省水稻研究所等,湘审稻20243022,湘审稻,20243022,湘早籼45号/玉针香,湖南省水稻研究所
湖南,芯香两优1751,芯香S×R1751,籼型两系杂交稻,湖南金色农华种业科技有限公司等,湘审稻20220055,湘审稻,20220055,芯香S,湖南金色农华种业科技有限公司
湖南,恒两优金农丝苗,恒59S×金农丝苗,籼型两系杂交稻,湖南恒德种业科技有限公司等,湘审稻20190067,湘审稻,20190067,恒59S,湖南恒德种业科技有限公司
湖南,袁优华占,F5-42A×华占,籼型三系杂交稻,袁氏种业高科技有限公司等,湘审稻20190066,湘审稻,20190066,F5-42A,袁氏种业高科技有限公司
湖南,Y两优971,Y58S×健恢971,籼型两系杂交稻,湖南永益农业科技发展有限公司等,湘审稻20230048,湘审稻,20230048,Y58S,湖南永益农业科技发展有限公司
湖南,板仓早紫,早籼黑宝×丰优早11号,籼型常规稻,湖南省水稻研究所,湘审稻20200060,湘审稻,20200060,早籼黑宝,湖南省水稻研究所
湖南,伍两优泰丝,晶4155S×泰丝,籼型两系杂交稻,袁隆平农业高科技股份有限公司等,湘审稻20210018,湘审稻,20210018,晶4155S,袁隆平农业高科技股份有限公司
湖南,惠两优419,530S×R419,籼型两系杂交稻,湖南省春云农业科技股份有限公司,湘审稻20180015,湘审稻,20180015,530S,湖南省春云农业科技股份有限公司
湖南,贡香优丝占,贡香A×创恢丝占,籼型三系杂交稻,湖南袁创超级稻技术有限公司,湘审稻20220054,湘审稻,20220054,贡香A,湖南袁创超级稻技术有限公司
湖南,3两优911,33S×创恢911,籼型两系杂交稻,湖南袁创超级稻技术有限公司等,湘审稻20243021,湘审稻,20243021,33S,湖南袁创超级稻技术有限公司
湖南,深两优5518,深08S×益恢5518,籼型两系杂交稻,湖南永益农业科技发展有限公司等,湘审稻20230047,湘审稻,20230047,深08S,湖南永益农业科技发展有限公司
湖南,潭两优215,潭农S×潭早215,籼型两系杂交稻,湘潭市农业科学研究所,湘审稻2012001,湘审稻,2012001,潭农S,湘潭市农业科学研究所
湖南,桃优89,桃农1A×R89,籼型三系杂交稻,湖南北大荒种业科技有限责任公司等,湘审稻20190065,湘审稻,20190065,桃农1A,湖南北大荒种业科技有限责任公司
湖南,旺两优958,W115S×创恢958,籼型两系杂交稻,湖南袁创超级稻技术有限公司,湘审稻20180014,湘审稻,20180014,W115S,湖南袁创超级稻技术有限公司
湖南,宏优69,宏A×R69,籼型三系杂交稻,湛江神禾生物技术有限公司等,湘审稻2011028,湘审稻,2011028,宏A,湛江神禾生物技术有限公司
湖南,星两优1号,星锐S×PJK147,籼型两系杂交稻,湖南神州星锐种业科技有限公司,湘审稻20230046,湘审稻,20230046,星锐S,湖南神州星锐种业科技有限公司
湖南,Y两优096,Y58S×R096,籼型两系杂交稻,湖南旺农生物科技研究所等,湘审稻2011027,湘审稻,2011027,Y58S,湖南旺农生物科技研究所
湖南,C两优277,C815S×N恢277,籼型两系杂交稻,湖南杂交水稻研究中心等,湘审稻2011026,湘审稻,2011026,C815S,湖南杂交水稻研究中心
湖南,板仓早糯,香糯110×云大粒,籼型常规稻,湖南省水稻研究所,湘审稻20200059,湘审稻,20200059,香糯110,湖南省水稻研究所
湖南,C两优34156,C815S×34156,籼型两系杂交稻,湖南农业大学,湘审稻2011025,湘审稻,2011025,C815S,湖南农业大学
湖南,旺两优98丝苗,W115S×粤恢98丝苗,籼型两系杂交稻,湖南袁创超级稻技术有限公司等,湘审稻20200058,湘审稻,20200058,W115S,湖南袁创超级稻技术有限公司
湖南,H750S,SV14S×ZR02,籼型不育系,袁隆平农业高科技股份有限公司等,湘审稻2011050,湘审稻,2011050,SV14S,袁隆平农业高科技股份有限公司
湖南,晶两优农占,晶4155S×农占,籼型两系杂交稻,袁隆平农业高科技股份有限公司等,湘审稻20210017,湘审稻,20210017,晶4155S,袁隆平农业高科技股份有限公司
湖南,泓两优4832,泓92S×R4832,籼型两系杂交稻,湖南兴隆种业有限公司等,湘审稻20230012,湘审稻,20230012,泓92S,湖南兴隆种业有限公司
湖南,隆两优1686,隆科638S×华恢1686,籼型两系杂交稻,袁隆平农业高科技股份有限公司等,湘审稻20180013,湘审稻,20180013,隆科638S,袁隆平农业高科技股份有限公司
湖南,冰两优007,冰S×万恢007,籼型两系杂交稻,湖南万仓科技有限公司,湘审稻20230045,湘审稻,20230045,冰S,湖南万仓科技有限公司
湖南,朝湘优2028,朝湘A×R2028,籼型三系杂交稻,湖南省水稻研究所等,湘审稻20220053,湘审稻,20220053,朝湘A,湖南省水稻研究所
湖南,甬优5526,甬粳55A×F4926,籼粳交三系杂交稻,宁波市种子有限公司,湘审稻20190064,湘审稻,20190064,甬粳55A,宁波市种子有限公司
湖南,汉两优97,汉S×R97,籼型两系杂交稻,湖南佳和种业股份有限公司,湘审稻20243020,湘审稻,20243020,汉S,湖南佳和种业股份有限公司
湖南,帮191S,湘陵628S×C815S,籼型不育系,湖南农业大学,湘审稻2011049,湘审稻,2011049,湘陵628S,湖南农业大学
湖南,金镶玉A,?×金23B/嘉育935,籼型不育系,湖南农业大学,湘审稻2011048,湘审稻,2011048,?,湖南农业大学
湖南,创优华九,创3A×创恢华九,籼型三系杂交稻,湖南袁创超级稻技术有限公司,湘审稻20200057,湘审稻,20200057,创3A,湖南袁创超级稻技术有限公司
湖南,正丰118A,T98A×正丰118B,籼型不育系,怀化市农业科学研究所,湘审稻2011047,湘审稻,2011047,T98A,怀化市农业科学研究所
湖南,万丰优荔丝,万丰99A×荔丝16,籼型三系杂交稻,湖南袁创超级稻技术有限公司等,湘审稻20243019,湘审稻,20243019,万丰99A,湖南袁创超级稻技术有限公司
湖南,桔两优623,桔182S×R1623,籼型两系杂交稻,江西先农种业有限公司,湘审稻20230044,湘审稻,20230044,桔182S,江西先农种业有限公司
湖南,B两优6号,B621S×望恢006,籼型两系杂交稻,湖南希望种业科技股份有限公司,湘审稻20180012,湘审稻,20180012,B621S,湖南希望种业科技股份有限公司
湖南,英两优华占,英S×华占,籼型两系杂交稻,袁隆平农业高科技股份有限公司等,湘审稻20210016,湘审稻,20210016,英S,袁隆平农业高科技股份有限公司
湖南,吉优晶占,吉丰A×晶占,籼型三系杂交稻,湖南永益农业科技发展有限公司等,湘审稻20200056,湘审稻,20200056,吉丰A,湖南永益农业科技发展有限公司
湖南,隆两优7810,隆科638S×华恢7810,籼型两系杂交稻,袁隆平农业高科技股份有限公司等,湘审稻20180011,湘审稻,20180011,隆科638S,袁隆平农业高科技股份有限公司
湖南,臻优149,臻丰A×R149,籼型三系杂交稻,湖南金色农华种业科技有限公司,湘审稻20220052,湘审稻,20220052,臻丰A,湖南金色农华种业科技有限公司
湖南,鑫A,金23A×鑫B,籼型不育系,湖南洞庭高科种业股份有限公司等,湘审稻2011046,湘审稻,2011046,金23A,湖南洞庭高科种业股份有限公司
湖南,吉优粤占,吉丰A×粤占,籼型三系杂交稻,益阳市惠民种业科技有限公司等,湘审稻20200055,湘审稻,20200055,吉丰A,益阳市惠民种业科技有限公司
湖南,莉优058,莉丰A×R058,籼型三系杂交稻,袁隆平农业高科技股份有限公司等,湘审稻20206037,湘审稻,20206037,莉丰A,袁隆平农业高科技股份有限公司
湖南,永6A,先恢207变异不育株×永6B,籼型不育系,海南神农大丰种业科技股份有限公司,湘审稻2011045,湘审稻,2011045,先恢207变异不育株,海南神农大丰种业科技股份有限公司
湖南,松雅7号,湘早籼45号/玉针香×湘晚籼17号/湘早籼45号,籼型常规稻,湖南省水稻研究所等,湘审稻20230043,湘审稻,20230043,湘早籼45号/玉针香,湖南省水稻研究所
湖南,松雅520,农香32×华航31,籼型常规稻,湖南省水稻研究所,湘审稻20243018,湘审稻,20243018,农香32,湖南省水稻研究所
湖南,郝两优6955,郝S×R6955,籼型两系杂交稻,湖南兴隆种业有限公司等,湘审稻20230011,湘审稻,20230011,郝S,湖南兴隆种业有限公司
湖南,两优1128,P88S×HR1128,籼型两系杂交稻,湖南杂交水稻研究中心,湘审稻2011024,湘审稻,2011024,P88S,湖南杂交水稻研究中心
湖南,泓两优2137,泓92S×R2137,籼型两系杂交稻,袁隆平农业高科技股份有限公司等,湘审稻20210015,湘审稻,20210015,泓92S,袁隆平农业高科技股份有限公司
湖南,甬优8822,甬粳88A×F22,籼型三系杂交稻,湖南正隆农业科技有限公司等,湘审稻20220051,湘审稻,20220051,甬粳88A,湖南正隆农业科技有限公司
湖南,青香优健香丝苗,青香A×健香丝苗,籼型三系杂交稻,湖南永益农业科技发展有限公司等,湘审稻20243017,湘审稻,20243017,青香A,湖南永益农业科技发展有限公司
湖南,梦两优丝苗,梦S×黄粤丝苗,籼型两系杂交稻,湖南隆平种业有限公司等,湘审稻20180010,湘审稻,20180010,梦S,湖南隆平种业有限公司
湖南,潭原A,金23A×潭原B,籼型不育系,湘潭市原种场,湘审稻2011044,湘审稻,2011044,金23A,湘潭市原种场
湖南,先两优125,先119S×8H012-5,籼型两系杂交稻,袁氏种业高科技有限公司等,湘审稻20230042,湘审稻,20230042,先119S,袁氏种业高科技有限公司
湖南,悦两优8210,华悦468S×华恢8210,籼型两系杂交稻,袁隆平农业高科技股份有限公司等,湘审稻20220020,湘审稻,20220020,华悦468S,袁隆平农业高科技股份有限公司
湖南,君丝占,8417×丰丝占,籼型常规稻,湖南鑫盛华丰种业科技有限公司,湘审稻20220050,湘审稻,20220050,8417,湖南鑫盛华丰种业科技有限公司
湖南,春两优121,春S×R121,籼型两系杂交稻,湖南省春云农业科技股份有限公司等,湘审稻20190063,湘审稻,20190063,春S,湖南省春云农业科技股份有限公司
湖南,深优610,深95A×R610,籼型三系杂交稻,湖南佳和种业股份有限公司等,湘审稻20200054,湘审稻,20200054,深95A,湖南佳和种业股份有限公司
湖南,旺两优911,W115S×创恢911,籼型两系杂交稻,湖南袁创超级稻技术有限公司,湘审稻20200053,湘审稻,20200053,W115S,湖南袁创超级稻技术有限公司
湖南,韶优766,韶农A×泰766,籼型三系杂交稻,广东源泰农业科技有限公司等,湘审稻20200052,湘审稻,20200052,韶农A,广东源泰农业科技有限公司
湖南,汉两优1607,汉S×R1607,籼型两系杂交稻,湖南佳和种业股份有限公司,湘审稻20200051,湘审稻,20200051,汉S,湖南佳和种业股份有限公司
湖南,妙两优2056,妙S×R2056,籼型两系杂交稻,袁隆平农业高科技股份有限公司等,湘审稻20206036,湘审稻,20206036,妙S,袁隆平农业高科技股份有限公司
湖南,旗两优隆王丝苗,旗482S×隆王丝苗,籼型两系杂交稻,袁隆平农业高科技股份有限公司等,湘审稻20210014,湘审稻,20210014,旗482S,袁隆平农业高科技股份有限公司
湖南,圳两优2018,圳S×R2018,籼型两系杂交稻,长沙利诚种业有限公司,湘审稻20200050,湘审稻,20200050,圳S,长沙利诚种业有限公司
湖南,望两优815,望S×R815,籼型两系杂交稻,湖南湘穗种业有限责任公司,湘审稻20200049,湘审稻,20200049,望S,湖南湘穗种业有限责任公司
湖南,晶两优641,晶4155S×R641,籼型两系杂交稻,袁隆平农业高科技股份有限公司等,湘审稻20170019,湘审稻,20170019,晶4155S,袁隆平农业高科技股份有限公司
湖南,旺两优107,W115S×创恢107,籼型两系杂交稻,湖南袁创超级稻技术有限公司,湘审稻20190062,湘审稻,20190062,W115S,湖南袁创超级稻技术有限公司
湖南,俱两优4876,俱S×R4876,籼型两系杂交稻,合肥侬本农业科技有限公司等,湘审稻20230010,湘审稻,20230010,俱S,合肥侬本农业科技有限公司
湖南,瑞两优1053,瑞丰S×R1053,籼型两系杂交稻,长沙利诚种业有限公司等,湘审稻20243016,湘审稻,20243016,瑞丰S,长沙利诚种业有限公司
湖南,泓两优570,泓92S×K570,籼型两系杂交稻,袁隆平农业高科技股份有限公司等,湘审稻20210013,湘审稻,20210013,泓92S,袁隆平农业高科技股份有限公司
湖南,梦两优5208,梦S×R5208,籼型两系杂交稻,湖南隆平种业有限公司等,湘审稻20180009,湘审稻,20180009,梦S,湖南隆平种业有限公司
湖南,常两优613,常香39S×R613,籼型两系杂交稻,湖南湘穗种业有限责任公司,湘审稻20220049,湘审稻,20220049,常香39S,湖南湘穗种业有限责任公司
湖南,扬泰优5293,扬泰A×香丝5293,籼型三系杂交稻,湖南优至种业有限公司等,湘审稻20230041,湘审稻,20230041,扬泰A,湖南优至种业有限公司
湖南,恒优520,恒丰A×恢520,籼型三系杂交稻,湖南佳和种业股份有限公司等,湘审稻20190061,湘审稻,20190061,恒丰A,湖南佳和种业股份有限公司
湖南,臻两优4811,隆臻36S×华恢4811,籼型两系杂交稻,袁隆平农业高科技股份有限公司等,湘审稻20220019,湘审稻,20220019,隆臻36S,袁隆平农业高科技股份有限公司
湖南,奥富A,T98A×奥富B,籼型不育系,湖南怀化奥谱隆作物育种工程研究所,湘审稻2011043,湘审稻,2011043,T98A,湖南怀化奥谱隆作物育种工程研究所
湖南,创香5号,IAPAR9×明恢63/湘晚籼13号,籼型常规稻,湖南省水稻研究所等,湘审稻2011023,湘审稻,2011023,IAPAR9,湖南省水稻研究所
湖南,甄香优179,甄香A×Z179,籼型三系杂交稻,湖南兴隆种业有限公司等,湘审稻20243015,湘审稻,20243015,甄香A,湖南兴隆种业有限公司
湖南,望两优华占,望S×华占,籼型两系杂交稻,湖南希望种业科技股份有限公司等,湘审稻20170018,湘审稻,20170018,望S,湖南希望种业科技股份有限公司
湖南,麟两优亢稻,麟S×亢稻,籼型两系杂交稻,湖南兴隆种业有限公司等,湘审稻20230009,湘审稻,20230009,麟S,湖南兴隆种业有限公司
湖南,华润2号,黄华占×黄华占//黄华占/鄂中5号,籼型常规稻,湖北省农业科学院粮食作物研究所等,湘审稻2014019,湘审稻,2014019,黄华占,湖北省农业科学院粮食作物研究所
湖南,宜香优618,宜香1A×R618,籼型三系杂交稻,湖南民生种业科技有限公司,湘审稻2014018,湘审稻,2014018,宜香1A,湖南民生种业科技有限公司
湖南,泰优粤占,泰丰A×粤占,籼型三系杂交稻,湖南永益农业科技发展有限公司等,湘审稻20190060,湘审稻,20190060,泰丰A,湖南永益农业科技发展有限公司
湖南,华浙优261,华浙2A×中恢261,籼型三系杂交稻,中国水稻研究所等,湘审稻20210012,湘审稻,20210012,华浙2A,中国水稻研究所
湖南,粒香优1466,粒香A×R1466,籼型三系杂交稻,湖南兴隆种业有限公司等,湘审稻20243014,湘审稻,20243014,粒香A,湖南兴隆种业有限公司
湖南,利两优华晶,利S×惠恢851,籼型两系杂交稻,湖南垦惠商业化育种有限责任公司等,湘审稻20200048,湘审稻,20200048,利S,湖南垦惠商业化育种有限责任公司
湖南,妙两优3287,妙S×K3287,籼型两系杂交稻,袁隆平农业高科技股份有限公司等,湘审稻20206035,湘审稻,20206035,妙S,袁隆平农业高科技股份有限公司
湖南,荃优0861,荃9311A×R0861,籼型三系杂交稻,江西先农种业有限公司等,湘审稻20170017,湘审稻,20170017,荃9311A,江西先农种业有限公司
湖南,深两优475,深08S×R1475,籼型两系杂交稻,湖南恒德种业科技有限公司等,湘审稻20180008,湘审稻,20180008,深08S,湖南恒德种业科技有限公司
湖南,丰源优2297,丰源A×R2297,籼型三系杂交稻,袁隆平农业高科技股份有限公司,湘审稻2014017,湘审稻,2014017,丰源A,袁隆平农业高科技股份有限公司
湖南,钱优0508,钱江1号A×浙恢0508,籼型三系杂交稻,浙江省农业科学院作物与核技术利用研究所,湘审稻2011022,湘审稻,2011022,钱江1号A,浙江省农业科学院作物与核技术利用研究所
湖南,科裕两优华占,裕S×华占,籼型两系杂交稻,湖南科裕隆种业有限公司,湘审稻20200031,湘审稻,20200031,裕S,湖南科裕隆种业有限公司
湖南,科两优梅占,科S×湘恢梅占,籼型两系杂交稻,湖南科裕隆种业有限公司,湘审稻20200030,湘审稻,20200030,科S,湖南科裕隆种业有限公司
湖南,常两优816,常香39S×R816,籼型两系杂交稻,湖南湘穗种业有限责任公司,湘审稻20220048,湘审稻,20220048,常香39S,湖南湘穗种业有限责任公司
湖南,吨两优17,吨S×创恢17,籼型两系杂交稻,湖南袁创超级稻技术有限公司,湘审稻20200047,湘审稻,20200047,吨S,湖南袁创超级稻技术有限公司
湖南,平两优1466,平S×R1466,籼型两系杂交稻,湖南兴隆种业有限公司等,湘审稻20230008,湘审稻,20230008,平S,湖南兴隆种业有限公司
湖南,天两优528,天安S×奥R528,籼型两系杂交稻,湖南奥谱隆科技股份有限公司,湘审稻20210011,湘审稻,20210011,天安S,湖南奥谱隆科技股份有限公司
湖南,顺优1208,顺1A×R1208,籼型三系杂交稻,湖南鑫盛华丰种业科技有限公司,湘审稻20190059,湘审稻,20190059,顺1A,湖南鑫盛华丰种业科技有限公司
湖南,益优701,益丰A×R505,籼型三系杂交稻,湖南阳明种业有限公司,湘审稻2011041,湘审稻,2011041,益丰A,湖南阳明种业有限公司
湖南,康两优911,康58S×创恢911,籼型两系杂交稻,湖南袁创超级稻技术有限公司,湘审稻20200046,湘审稻,20200046,康58S,湖南袁创超级稻技术有限公司
湖南,莉优1221,莉丰A×R1221,籼型三系杂交稻,袁隆平农业高科技股份有限公司等,湘审稻20206034,湘审稻,20206034,莉丰A,袁隆平农业高科技股份有限公司
湖南,穗湘丝苗,美香占2号×穗香98,籼型常规稻,湖南湘穗种业有限责任公司,湘审稻20220047,湘审稻,20220047,美香占2号,湖南湘穗种业有限责任公司
湖南,朝优华占,朝1A×华占,籼型三系杂交稻,湖南省水稻研究所等,湘审稻20210010,湘审稻,20210010,朝1A,湖南省水稻研究所
湖南,广泰优25,广泰A×HH25,籼型三系杂交稻,湖南神农大丰种业科技有限责任公司等,湘审稻20243013,湘审稻,20243013,广泰A,湖南神农大丰种业科技有限责任公司
湖南,焱两优华占,焱S×华占,籼型两系杂交稻,湖南兴隆种业有限公司等,湘审稻20220018,湘审稻,20220018,焱S,湖南兴隆种业有限公司
湖南,悦两优2945,华悦468S×华恢2945,籼型两系杂交稻,袁隆平农业高科技股份有限公司等,湘审稻20216007,湘审稻,20216007,华悦468S,袁隆平农业高科技股份有限公司
湖南,裕两优18,裕S×湘恢18,籼型两系杂交稻,湖南科裕隆种业有限公司,湘审稻20200029,湘审稻,20200029,裕S,湖南科裕隆种业有限公司
湖南,兴两优16,兴11S×R66,籼型两系杂交稻,湖南兴亚种业科技有限公司,湘审稻20170016,湘审稻,20170016,兴11S,湖南兴亚种业科技有限公司
湖南,浙两优166,浙397S×Z16-6,籼型两系杂交稻,湖南佳和种业股份有限公司等,湘审稻20200045,湘审稻,20200045,浙397S,湖南佳和种业股份有限公司
湖南,深优5105,深95A×华恢1054,籼型三系杂交稻,湖南亚华种业科学研究院,湘审稻2014016,湘审稻,2014016,深95A,湖南亚华种业科学研究院
湖南,星2号,茉莉香105×湘晚籼13号,籼型常规稻,湖南金健种业有限责任公司,湘审稻2011021,湘审稻,2011021,茉莉香105,湖南金健种业有限责任公司
湖南,T优H505,T98A×H505,籼型三系杂交稻,衡阳市农业科学研究所等,湘审稻2011040,湘审稻,2011040,T98A,衡阳市农业科学研究所
湖南,Y两优2号,Y58S×远恢2号,籼型两系杂交稻,湖南杂交水稻研究中心,湘审稻2011020,湘审稻,2011020,Y58S,湖南杂交水稻研究中心
湖南,民两优1314,民丰520S×R1314,籼型两系杂交稻,怀化职业技术学院等,湘审稻20180007,湘审稻,20180007,民丰520S,怀化职业技术学院
湖南,吉优421,吉丰A×R421,籼型三系杂交稻,湖南北大荒种业科技有限责任公司等,湘审稻20190003,湘审稻,20190003,吉丰A,湖南北大荒种业科技有限责任公司
湖南,垦优1683,垦丰A×R1683,籼型三系杂交稻,湖南北大荒种业科技有限责任公司,湘审稻20190002,湘审稻,20190002,垦丰A,湖南北大荒种业科技有限责任公司
湖南,檀优耘刚占,檀湘A×耘刚占,籼型三系杂交稻,湖南兴隆种业有限公司等,湘审稻20243012,湘审稻,20243012,檀湘A,湖南兴隆种业有限公司
湖南,香禾优5293,香禾A×香丝5293,籼型三系杂交稻,湖南优至种业有限公司等,湘审稻20230040,湘审稻,20230040,香禾A,湖南优至种业有限公司
湖南,隆晶优2636,隆晶4302A×华恢2636,籼型三系杂交稻,袁隆平农业高科技股份有限公司等,湘审稻20206033,湘审稻,20206033,隆晶4302A,袁隆平农业高科技股份有限公司
湖南,润君优656,润君A×P656,籼型三系杂交稻,湖南鑫盛华丰种业科技有限公司等,湘审稻20210009,湘审稻,20210009,润君A,湖南鑫盛华丰种业科技有限公司
湖南,隆两优195,隆科638S×华恢195,籼型两系杂交稻,袁隆平农业高科技股份有限公司等,湘审稻20170015,湘审稻,20170015,隆科638S,袁隆平农业高科技股份有限公司
湖南,Y两优646,Y58S×F646,籼型两系杂交稻,长沙金垦科技发展有限公司等,湘审稻2011019,湘审稻,2011019,Y58S,长沙金垦科技发展有限公司
湖南,桔两优京贵占,桔182S×京贵占,籼型两系杂交稻,江西先农种业有限公司,湘审稻20220046,湘审稻,20220046,桔182S,江西先农种业有限公司
湖南,两优205,创5S×R205,籼型两系杂交稻,袁氏种业高科技有限公司,湘审稻20200028,湘审稻,20200028,创5S,袁氏种业高科技有限公司
湖南,03优华占,03A×华占,籼型三系杂交稻,湖南泰邦农业科技股份有限公司等,湘审稻20190058,湘审稻,20190058,03A,湖南泰邦农业科技股份有限公司
湖南,奥两优200,奥龙1S×奥R200,籼型两系杂交稻,湖南怀化奥谱隆作物育种工程研究所,湘审稻2011039,湘审稻,2011039,奥龙1S,湖南怀化奥谱隆作物育种工程研究所
湖南,亘两优2857,亘S×R2857,籼型两系杂交稻,湖南兴隆种业有限公司,湘审稻20220017,湘审稻,20220017,亘S,湖南兴隆种业有限公司
湖南,贺优1号,贺50A×怀恢210,籼型三系杂交稻,怀化市农业科学研究所等,湘审稻2011018,湘审稻,2011018,贺50A,怀化市农业科学研究所
湖南,祺两优4832,祺S×R4832,籼型两系杂交稻,湖南兴隆种业有限公司等,湘审稻20230007,湘审稻,20230007,祺S,湖南兴隆种业有限公司
湖南,冠两优1466,冠S×R1466,籼型两系杂交稻,湖南兴隆种业有限公司等,湘审稻20230006,湘审稻,20230006,冠S,湖南兴隆种业有限公司
湖南,陵两优1309,湘陵628S×R1309,籼型两系杂交稻,湖南佳和种业股份有限公司等,湘审稻20200044,湘审稻,20200044,湘陵628S,湖南佳和种业股份有限公司
湖南,炫两优2646,华炫302S×华恢2646,籼型两系杂交稻,袁隆平农业高科技股份有限公司等,湘审稻20216006,湘审稻,20216006,华炫302S,袁隆平农业高科技股份有限公司
湖南,早丰优华占,早丰A×华占,籼型三系杂交稻,中国水稻研究所等,湘审稻2014015,湘审稻,2014015,早丰A,中国水稻研究所
湖南,鹏优5627,鹏A×R5627,籼型三系杂交稻,广东和丰种业科技有限公司,湘审稻20180006,湘审稻,20180006,鹏A,广东和丰种业科技有限公司
湖南,悦两优1273,华悦468S×华恢1273,籼型两系杂交稻,袁隆平农业高科技股份有限公司等,湘审稻20200027,湘审稻,20200027,华悦468S,袁隆平农业高科技股份有限公司
湖南,Y两优150,Y58S×华恢150,籼型两系杂交稻,袁隆平农业高科技股份有限公司等,湘审稻2011017,湘审稻,2011017,Y58S,袁隆平农业高科技股份有限公司
湖南,隆晶优5842,隆晶4302A×华恢5842,籼型三系杂交稻,袁隆平农业高科技股份有限公司等,湘审稻20206032,湘审稻,20206032,隆晶4302A,袁隆平农业高科技股份有限公司
湖南,陵两优1785,H628S×R1785,籼型两系杂交稻,岳阳市金穗作物研究所等,湘审稻20190001,湘审稻,20190001,H628S,岳阳市金穗作物研究所
湖南,峰晟优9113,峰晟A×岳恢9113,籼型三系杂交稻,湖南洞庭高科种业股份有限公司等,湘审稻20190057,湘审稻,20190057,峰晟A,湖南洞庭高科种业股份有限公司
湖南,兴湘优1466,兴湘A×R1466,籼型三系杂交稻,湖南兴隆种业有限公司等,湘审稻20230039,湘审稻,20230039,兴湘A,湖南兴隆种业有限公司
湖南,亘两优6176,亘S×R6176,籼型两系杂交稻,湖南兴隆种业有限公司,湘审稻20220016,湘审稻,20220016,亘S,湖南兴隆种业有限公司
湖南,Y两优1964,Y58S×R1964,籼型两系杂交稻,湖南绿丰种业科技有限公司等,湘审稻20170014,湘审稻,20170014,Y58S,湖南绿丰种业科技有限公司
湖南,晶两优1206,晶4155S×R1206,籼型两系杂交稻,袁隆平农业高科技股份有限公司等,湘审稻20170013,湘审稻,20170013,晶4155S,袁隆平农业高科技股份有限公司
湖南,威优8号,V20A×湘恢8,籼型三系杂交稻,湖南科裕隆种业有限公司,湘审稻2011038,湘审稻,2011038,V20A,湖南科裕隆种业有限公司
湖南,深3优5354,深39A×R5354,籼型三系杂交稻,湖南杂交水稻研究中心,湘审稻20210008,湘审稻,20210008,深39A,湖南杂交水稻研究中心
湖南,佳湘占,美香占2号×R1607,籼型常规稻,湖南佳和种业股份有限公司,湘审稻20220045,湘审稻,20220045,美香占2号,湖南佳和种业股份有限公司
湖南,协优117,协青早A×泸恢17,籼型三系杂交稻,四川省泸州泰丰种业有限公司,湘审稻2009036,湘审稻,2009036,协青早A,四川省泸州泰丰种业有限公司
湖南,浙207,Z9512×K青,籼型常规稻,浙江省农业科学院作物与核技术利用研究所,湘审稻2009001,湘审稻,2009001,Z9512,浙江省农业科学院作物与核技术利用研究所
湖南,源两优736,源511S×R736,籼型两系杂交稻,湖南农业大学等,湘审稻20230005,湘审稻,20230005,源511S,湖南农业大学
湖南,韵两优128,韵2013S×GR128,籼型两系杂交稻,袁隆平农业高科技股份有限公司等,湘审稻20200026,湘审稻,20200026,韵2013S,袁隆平农业高科技股份有限公司
湖南,民升优丝占,民升A×丝占,籼型三系杂交稻,袁隆平农业高科技股份有限公司等,湘审稻20200025,湘审稻,20200025,民升A,袁隆平农业高科技股份有限公司
湖南,隆晶优4171,隆晶4302A×华恢4171,籼型三系杂交稻,袁隆平农业高科技股份有限公司等,湘审稻20200043,湘审稻,20200043,隆晶4302A,袁隆平农业高科技股份有限公司
湖南,隆两优8387,隆科638S×R8387,籼型两系杂交稻,湖南杂交水稻研究中心,湘审稻20170012,湘审稻,20170012,隆科638S,湖南杂交水稻研究中心
湖南,南洲香1号,农香42×象牙香针,籼型常规稻,湖南金色农丰种业有限公司等,湘审稻20243011,湘审稻,20243011,农香42,湖南金色农丰种业有限公司
湖南,泰邦A,金23A×泰邦B,籼型不育系,湖南泰邦农业科技发展有限公司,湘审稻2008055,湘审稻,2008055,金23A,湖南泰邦农业科技发展有限公司
湖南,沁香A,金23A×沁香B,籼型不育系,湖南省岳阳市农业科学研究所等,湘审稻2008054,湘审稻,2008054,金23A,湖南省岳阳市农业科学研究所
湖南,君香A,金23A×君香B,籼型不育系,湖南省岳阳市农业科学研究所等,湘审稻2008053,湘审稻,2008053,金23A,湖南省岳阳市农业科学研究所
湖南,源两优356,源511S×R356,籼型两系杂交稻,垦丰长江种业科技有限公司等,湘审稻20230004,湘审稻,20230004,源511S,垦丰长江种业科技有限公司
湖南,民两优丝苗,民丰520S×五山丝苗,籼型两系杂交稻,怀化职业技术学院等,湘审稻20210007,湘审稻,20210007,民丰520S,怀化职业技术学院
湖南,岳优2115,岳4A×R2115,籼型三系杂交稻,湖南桃花源种业有限责任公司等,湘审稻2014014,湘审稻,2014014,岳4A,湖南桃花源种业有限责任公司
湖南,C两优258,C815S×红米R01,籼型两系杂交稻,湖南省春云农业科技股份有限公司等,湘审稻20180048,湘审稻,20180048,C815S,湖南省春云农业科技股份有限公司
湖南,福两优华占,福228S×华占,籼型两系杂交稻,袁隆平农业高科技股份有限公司等,湘审稻20190056,湘审稻,20190056,福228S,袁隆平农业高科技股份有限公司
湖南,金优6530,金23A×R6530,籼型三系杂交稻,湖南省水稻研究所,湘审稻2011037,湘审稻,2011037,金23A,湖南省水稻研究所
湖南,中青优2号,中青A×CNR2,籼型三系杂交稻,长沙市三华农业科技有限公司,湘审稻2011036,湘审稻,2011036,中青A,长沙市三华农业科技有限公司
湖南,平两优5298,平S×R5298,籼型两系杂交稻,湖南兴隆种业有限公司,湘审稻20220015,湘审稻,20220015,平S,湖南兴隆种业有限公司
湖南,民泰优4876,民泰A×R4876,籼型三系杂交稻,湖南兴隆种业有限公司等,湘审稻20243010,湘审稻,20243010,民泰A,湖南兴隆种业有限公司
湖南,赞两优570,赞6158S×K570,籼型两系杂交稻,袁隆平农业高科技股份有限公司等,湘审稻20200024,湘审稻,20200024,赞6158S,袁隆平农业高科技股份有限公司
湖南,吉两优1号,吉1628S×R7952,籼型两系杂交稻,湖南恒大种业高科技有限公司,湘审稻20180005,湘审稻,20180005,吉1628S,湖南恒大种业高科技有限公司
湖南,中籼6410,佳丰占×湘中籼4号,籼型常规稻,湖南省水稻研究所等,湘审稻20220044,湘审稻,20220044,佳丰占,湖南省水稻研究所
湖南,湘优6号,湘菲A×R166,籼型三系杂交稻,湖南荆楚种业科技有限公司,湘审稻2011016,湘审稻,2011016,湘菲A,湖南荆楚种业科技有限公司
湖南,臻两优钰占,隆臻36S×钰占,籼型两系杂交稻,袁隆平农业高科技股份有限公司等,湘审稻20216005,湘审稻,20216005,隆臻36S,袁隆平农业高科技股份有限公司
湖南,圳优7号,圳A×α-7,籼型三系杂交稻,湖南杂交水稻研究中心,湘审稻2011035,湘审稻,2011035,圳A,湖南杂交水稻研究中心
湖南,冈优140,冈46A×天龙恢140,籼型三系杂交稻,四川省绵阳市天龙水稻研究所等,湘审稻2009035,湘审稻,2009035,冈46A,四川省绵阳市天龙水稻研究所
湖南,五优369,五丰A×R369,籼型三系杂交稻,湖南泰邦农业科技股份有限公司等,湘审稻2014013,湘审稻,2014013,五丰A,湖南泰邦农业科技股份有限公司
湖南,彩慧籼糯,湘晚糯1号×R8,籼型常规稻,湖南五彩农业科技发展有限公司,湘审稻20180047,湘审稻,20180047,湘晚糯1号,湖南五彩农业科技发展有限公司
湖南,泰丰优2213,泰丰A×广恢2213,籼型三系杂交稻,广东省农业科学院水稻研究所,湘审稻20190055,湘审稻,20190055,泰丰A,广东省农业科学院水稻研究所
湖南,泓两优7484,泓92S×R7484,籼型两系杂交稻,湖南兴隆种业有限公司,湘审稻20220014,湘审稻,20220014,泓92S,湖南兴隆种业有限公司
湖南,凤两优464,凤S×XC464,籼型两系杂交稻,湖南洞庭高科种业股份有限公司等,湘审稻20170011,湘审稻,20170011,凤S,湖南洞庭高科种业股份有限公司
湖南,隆晶优3135,隆晶4302A×华恢3135,籼型三系杂交稻,袁隆平农业高科技股份有限公司等,湘审稻20206031,湘审稻,20206031,隆晶4302A,袁隆平农业高科技股份有限公司
湖南,润香优1466,润香A×R1466,籼型三系杂交稻,广西恒茂农业科技有限公司等,湘审稻20230038,湘审稻,20230038,润香A,广西恒茂农业科技有限公司
湖南,韵两优象牙香珍,韵2013S×象牙香珍,籼型两系杂交稻,袁隆平农业高科技股份有限公司等,湘审稻20200023,湘审稻,20200023,韵2013S,袁隆平农业高科技股份有限公司
湖南,杨明A,金23A×杨明B,籼型不育系,张家界市瑞安水稻研究所,湘审稻2008052,湘审稻,2008052,金23A,张家界市瑞安水稻研究所
湖南,绿银占,黄银占×丰粤占,籼型常规稻,深圳隆平金谷种业有限公司,湘审稻20180004,湘审稻,20180004,黄银占,深圳隆平金谷种业有限公司
湖南,锦两优1988,锦4128S×R1988,籼型两系杂交稻,湖南隆平高科种业科学研究院有限公司等,湘审稻20180003,湘审稻,20180003,锦4128S,湖南隆平高科种业科学研究院有限公司
湖南,五优3636,五丰A×P36,籼型三系杂交稻,湖南恒德种业科技有限公司等,湘审稻20200042,湘审稻,20200042,五丰A,湖南恒德种业科技有限公司
湖南,爽两优丰籼占,爽1S×丰籼占,籼型两系杂交稻,湖南杂交水稻研究中心,湘审稻20210006,湘审稻,20210006,爽1S,湖南杂交水稻研究中心
湖南,莉晶优1466,莉晶A×R1466,籼型三系杂交稻,湖南兴隆种业有限公司等,湘审稻20230037,湘审稻,20230037,莉晶A,湖南兴隆种业有限公司
湖南,裕两优113,华湘3S×R113,籼型两系杂交稻,湖南常德丰裕种子有限公司,湘审稻20230003,湘审稻,20230003,华湘3S,湖南常德丰裕种子有限公司
湖南,T优1655,T98A×盛恢1655,籼型三系杂交稻,湖南天盛生物科技有限公司等,湘审稻2011015,湘审稻,2011015,T98A,湖南天盛生物科技有限公司
湖南,C两优018,C815S×R018,籼型两系杂交稻,湖南洞庭高科种业股份有限公司等,湘审稻2014012,湘审稻,2014012,C815S,湖南洞庭高科种业股份有限公司
湖南,潇香优1466,潇香A×R1466,籼型三系杂交稻,湖南兴隆种业有限公司,湘审稻20243009,湘审稻,20243009,潇香A,湖南兴隆种业有限公司
湖南,五丰优569,五丰A×G569,籼型三系杂交稻,贵州省水稻研究所等,湘审稻2011034,湘审稻,2011034,五丰A,贵州省水稻研究所
湖南,深优9591,深95A×R191,籼型三系杂交稻,湖南金健种业科技有限公司等,湘审稻20190054,湘审稻,20190054,深95A,湖南金健种业科技有限公司
湖南,妙两优1221,妙S×R1221,籼型两系杂交稻,袁隆平农业高科技股份有限公司等,湘审稻20206030,湘审稻,20206030,妙S,袁隆平农业高科技股份有限公司
湖南,泰两优1528,泰1S×R136,籼型两系杂交稻,湖南兴亚种业科技有限公司等,湘审稻20180002,湘审稻,20180002,泰1S,湖南兴亚种业科技有限公司
湖南,恒丰优778,恒丰A×粤恢778,籼型三系杂交稻,广东粤良种业有限公司,湘审稻20180001,湘审稻,20180001,恒丰A,广东粤良种业有限公司
湖南,创两优608,创5S×R608,籼型两系杂交稻,湖南隆平种业有限公司等,湘审稻20170038,湘审稻,20170038,创5S,湖南隆平种业有限公司
湖南,星两优98,星丰S×P318,籼型两系杂交稻,湖南年丰种业科技有限公司等,湘审稻20243008,湘审稻,20243008,星丰S,湖南年丰种业科技有限公司
湖南,福两优366,SE21S×R366,籼型两系杂交稻,福建省农业科学院福州国家水稻改良分中心等,湘审稻20170010,湘审稻,20170010,SE21S,福建省农业科学院福州国家水稻改良分中心
湖南,剑1A,威20A×剑1B,籼型不育系,湖南杂交水稻研究中心,湘审稻2008051,湘审稻,2008051,威20A,湖南杂交水稻研究中心
湖南,湘早籼43号,湘早籼21号×玉米,籼型常规稻,湖南省水稻研究所,湘审稻2006002,湘审稻,2006002,湘早籼21号,湖南省水稻研究所
湖南,H优636,H28A×63036,籼型三系杂交稻,湖南农业大学等,湘审稻2011033,湘审稻,2011033,H28A,湖南农业大学
湖南,隆优2129,隆香634A×华恢2129,籼型三系杂交稻,袁隆平农业高科技股份有限公司等,湘审稻20200041,湘审稻,20200041,隆香634A,袁隆平农业高科技股份有限公司
湖南,韵两优隆王丝苗,韵2013S×隆王丝苗,籼型两系杂交稻,袁隆平农业高科技股份有限公司等,湘审稻20200022,湘审稻,20200022,韵2013S,袁隆平农业高科技股份有限公司
湖南,广两优8号,广8S×R8,籼型两系杂交稻,湖南大唐种业有限公司,湘审稻2009034,湘审稻,2009034,广8S,湖南大唐种业有限公司
湖南,隆晶优1212,隆晶4302A×R1212,籼型三系杂交稻,袁隆平农业高科技股份有限公司等,湘审稻20170037,湘审稻,20170037,隆晶4302A,袁隆平农业高科技股份有限公司
湖南,景观紫2号,湘晚籼12号×紫叶指示稻,籼型常规稻,湖南省水稻研究所,湘审稻20180046,湘审稻,20180046,湘晚籼12号,湖南省水稻研究所
湖南,科两优529,科S×湘恢529,籼型两系杂交稻,湖南科裕隆种业有限公司,湘审稻2014011,湘审稻,2014011,科S,湖南科裕隆种业有限公司
湖南,民香优4876,民香A×R4876,籼型三系杂交稻,湖南兴隆种业有限公司等,湘审稻20230036,湘审稻,20230036,民香A,湖南兴隆种业有限公司
湖南,T两优131,T764S×R131,籼型两系杂交稻,湖南农业大学,湘审稻20200040,湘审稻,20200040,T764S,湖南农业大学
湖南,隆两优301,隆科638S×华恢301,籼型两系杂交稻,袁隆平农业高科技股份有限公司等,湘审稻20170009,湘审稻,20170009,隆科638S,袁隆平农业高科技股份有限公司
湖南,泓两优7228,泓92S×R7228,籼型两系杂交稻,湖南兴隆种业有限公司,湘审稻20220013,湘审稻,20220013,泓92S,湖南兴隆种业有限公司
湖南,臻两优农占,隆臻36S×农占,籼型两系杂交稻,袁隆平农业高科技股份有限公司等,湘审稻20216004,湘审稻,20216004,隆臻36S,袁隆平农业高科技股份有限公司
湖南,湘早籼42号,冯9×丰优早11号,籼型常规稻,湖南省水稻研究所等,湘审稻2006001,湘审稻,2006001,冯9,湖南省水稻研究所
湖南,安农标810S,810S,籼型不育系,怀化职业技术学院,湘审稻2008050,湘审稻,2008050,810S,怀化职业技术学院
湖南,华湘油糯,湘晚籼13号×湘晚糯1号,籼型常规稻,湖南粮安科技股份有限公司,湘审稻20220043,湘审稻,20220043,湘晚籼13号,湖南粮安科技股份有限公司
湖南,科香优56,科香A×湘恢56,籼型三系杂交稻,湖南科裕隆种业有限公司,湘审稻2011032,湘审稻,2011032,科香A,湖南科裕隆种业有限公司
湖南,坤两优丰占,坤4-6S×丰占,籼型两系杂交稻,袁氏种业高科技有限公司,湘审稻20230035,湘审稻,20230035,坤4-6S,袁氏种业高科技有限公司
湖南,松雅530,湘早籼45号×农香24,籼型常规稻,湖南省水稻研究所等,湘审稻20230034,湘审稻,20230034,湘早籼45号,湖南省水稻研究所
湖南,旷两优3430,旷4-7S×R3430,籼型两系杂交稻,袁氏种业高科技有限公司,湘审稻20220012,湘审稻,20220012,旷4-7S,袁氏种业高科技有限公司
湖南,湘陵628S,SV14S×ZR02,籼型不育系,湖南亚华种业科学研究院,湘审稻2008049,湘审稻,2008049,SV14S,湖南亚华种业科学研究院
湖南,中种优448,中种1A×成恢448,籼型三系杂交稻,株洲市唐氏种业水稻科学研究所等,湘审稻2008048,湘审稻,2008048,中种1A,株洲市唐氏种业水稻科学研究所
湖南,湘早籼7号,81-280×HA79317-4,籼型常规稻,怀化市农业科学研究所,湘品审第55号,湘审稻,55,81-280,怀化市农业科学研究所
湖南,玖两优169,33S×R169,籼型两系杂交稻,湖南杂交水稻研究中心等,湘审稻20220011,湘审稻,20220011,33S,湖南杂交水稻研究中心
湖南,Q优1127,Q1A×华恢1127,籼型三系杂交稻,湖南六三种业有限公司等,湘审稻2011014,湘审稻,2011014,Q1A,湖南六三种业有限公司
湖南,泰优959,泰丰A×R959,籼型三系杂交稻,长沙利诚种业有限公司等,湘审稻20180045,湘审稻,20180045,泰丰A,长沙利诚种业有限公司
湖南,福两优534,福228S×R534,籼型两系杂交稻,袁隆平农业高科技股份有限公司等,湘审稻20190053,湘审稻,20190053,福228S,袁隆平农业高科技股份有限公司
湖南,创两优5198,创5S×R5198,籼型两系杂交稻,永州市农业科学研究所等,湘审稻20230002,湘审稻,20230002,创5S,永州市农业科学研究所
湖南,深优9586,深95A×R8086,籼型三系杂交稻,清华大学深圳研究生院,湘审稻2011031,湘审稻,2011031,深95A,清华大学深圳研究生院
湖南,隆科丝苗14号,黄广油占/////谷梅4号/中鉴17//华恢4号///金山软...,籼型常规稻,袁隆平农业高科技股份有限公司等,湘审稻20206029,湘审稻,20206029,黄广油占/////谷梅4号/中鉴17//华恢4号///金山软...,袁隆平农业高科技股份有限公司
湖南,甬优8802,甬粳88A×F19,籼粳交三系杂交稻,宁波种业股份有限公司等,湘审稻20220042,湘审稻,20220042,甬粳88A,宁波种业股份有限公司
湖南,资优299,资100A×湘恢299,籼型三系杂交稻,湖南杂交水稻研究中心,湘审稻2008047,湘审稻,2008047,资100A,湖南杂交水稻研究中心
湖南,蓝两优1314,蓝9S×R1314,籼型两系杂交稻,岳阳市金穗作物研究所等,湘审稻20220010,湘审稻,20220010,蓝9S,岳阳市金穗作物研究所
湖南,盛泰优9712,盛泰A×岳恢9712,籼型三系杂交稻,湖南洞庭高科种业股份有限公司等,湘审稻2011030,湘审稻,2011030,盛泰A,湖南洞庭高科种业股份有限公司
湖南,新香优9113,新香A×岳恢9113,籼型三系杂交稻,湖南省岳阳市农业科学研究所等,湘审稻2008046,湘审稻,2008046,新香A,湖南省岳阳市农业科学研究所
湖南,Z9S,香125S,籼型不育系,湖南省郴州市农业科学研究所,湘审稻2005045,湘审稻,2005045,香125S,湖南省郴州市农业科学研究所
湖南,扬泰优6663,扬泰A×广恢6663,籼型三系杂交稻,湖南优至种业有限公司等,湘审稻20230033,湘审稻,20230033,扬泰A,湖南优至种业有限公司
湖南,华两优89,H155S×华89,籼型两系杂交稻,湖南亚华种业科学研究院,湘审稻2005012,湘审稻,2005012,H155S,湖南亚华种业科学研究院
湖南,盛两优358,盛1618S×R358,籼型两系杂交稻,湖南杂交水稻研究中心,湘审稻20220009,湘审稻,20220009,盛1618S,湖南杂交水稻研究中心
湖南,两优168,丰39S×R168,籼型两系杂交稻,合肥丰乐种业股份有限公司,湘审稻2009033,湘审稻,2009033,丰39S,合肥丰乐种业股份有限公司
湖南,鑫优9113,鑫A×岳恢9113,籼型三系杂交稻,湖南洞庭种业高科股份有限公司等,湘审稻2011029,湘审稻,2011029,鑫A,湖南洞庭种业高科股份有限公司
湖南,两优147,Y58S×PJK147,籼型两系杂交稻,湖南神州星锐种业科技有限公司,湘审稻20220041,湘审稻,20220041,Y58S,湖南神州星锐种业科技有限公司
湖南,悦两优3189,华悦468S×R3189,籼型两系杂交稻,袁隆平农业高科技股份有限公司等,湘审稻20200021,湘审稻,20200021,华悦468S,袁隆平农业高科技股份有限公司
湖南,隆两优6018,隆科638S×华恢6018,籼型两系杂交稻,袁隆平农业高科技股份有限公司等,湘审稻20216003,湘审稻,20216003,隆科638S,袁隆平农业高科技股份有限公司
湖南,星两优1000,星丰S×P1000,籼型两系杂交稻,湖南年丰种业科技有限公司等,湘审稻20243007,湘审稻,20243007,星丰S,湖南年丰种业科技有限公司
湖南,香禾优1482,香禾A×广恢1482,籼型三系杂交稻,湖南优至种业有限公司等,湘审稻20230032,湘审稻,20230032,香禾A,湖南优至种业有限公司
湖南,泰优祥占,泰丰A×祥占,籼型三系杂交稻,湖南优至种业有限公司等,湘审稻20190052,湘审稻,20190052,泰丰A,湖南优至种业有限公司
湖南,深和两优332,深和S×R332,籼型两系杂交稻,湖南杂交水稻研究中心,湘审稻20210005,湘审稻,20210005,深和S,湖南杂交水稻研究中心
湖南,创两优2815,创5S×R2815,籼型两系杂交稻,湖南杂交水稻研究中心等,湘审稻20220008,湘审稻,20220008,创5S,湖南杂交水稻研究中心
湖南,两优121,1892S×H121,籼型两系杂交稻,湖南鑫盛华丰种业科技有限公司等,湘审稻20170008,湘审稻,20170008,1892S,湖南鑫盛华丰种业科技有限公司
湖南,Y58S,安农S-1/常菲22B//安农S-1/Lemont×培矮64S,籼型不育系,湖南杂交水稻研究中心,湘审稻2005044,湘审稻,2005044,安农S-1/常菲22B//安农S-1/Lemont,湖南杂交水稻研究中心
湖南,耘两优965,耘9S×R30965,籼型两系杂交稻,湖南鑫盛华丰种业科技有限公司等,湘审稻20180044,湘审稻,20180044,耘9S,湖南鑫盛华丰种业科技有限公司
湖南,深和两优2139,深和S×R2139,籼型两系杂交稻,湖南杂交水稻研究中心,湘审稻20220007,湘审稻,20220007,深和S,湖南杂交水稻研究中心
湖南,臻两优1468,隆臻36S×R1468,籼型两系杂交稻,袁隆平农业高科技股份有限公司等,湘审稻20216002,湘审稻,20216002,隆臻36S,袁隆平农业高科技股份有限公司
湖南,明两优143,明S×P143,籼型两系杂交稻,国家杂交水稻工程技术研究中心,湘审稻20220040,湘审稻,20220040,明S,国家杂交水稻工程技术研究中心
湖南,昱香两优香丝,昱香S×粮发香丝,籼型两系杂交稻,广西恒茂农业科技有限公司等,湘审稻20220039,湘审稻,20220039,昱香S,广西恒茂农业科技有限公司
湖南,垦两优云晶,垦隆S×惠恢云晶,籼型两系杂交稻,湖南佳和垦惠种业有限公司,湘审稻20243006,湘审稻,20243006,垦隆S,湖南佳和垦惠种业有限公司
湖南,湘早籼6号,湘矮早9号×莲塘早,籼型常规稻,湖南省沅江市农业科学研究所,湘品审第54号,湘审稻,54,湘矮早9号,湖南省沅江市农业科学研究所
湖南,粘两优1086,粘S×怀恢1086,籼型两系杂交稻,怀化市农业科学研究所等,湘审稻20170007,湘审稻,20170007,粘S,怀化市农业科学研究所
湖南,冠两优华占,冠S×华占,籼型两系杂交稻,袁隆平农业高科技股份有限公司等,湘审稻20200020,湘审稻,20200020,冠S,袁隆平农业高科技股份有限公司
湖南,汉两优32,汉2S×华航32号,籼型两系杂交稻,西科农业集团股份有限公司等,湘审稻20230001,湘审稻,20230001,汉2S,西科农业集团股份有限公司
湖南,泰优1710,泰丰A×R1710,籼型三系杂交稻,湖南金色农丰种业有限公司等,湘审稻20220038,湘审稻,20220038,泰丰A,湖南金色农丰种业有限公司
湖南,平两优华占,平S×华占,籼型两系杂交稻,袁隆平农业高科技股份有限公司等,湘审稻20200019,湘审稻,20200019,平S,袁隆平农业高科技股份有限公司
湖南,尚两优丰占,尚83S×丰占,籼型两系杂交稻,袁氏种业高科技有限公司,湘审稻20190051,湘审稻,20190051,尚83S,袁氏种业高科技有限公司
湖南,H155S,株1S×培矮64S,籼型不育系,湖南亚华种业科学研究院,湘审稻2005043,湘审稻,2005043,株1S,湖南亚华种业科学研究院
湖南,隆优2991,隆香634A×华恢2991,籼型三系杂交稻,袁隆平高科技股份有限公司等,湘审稻20200039,湘审稻,20200039,隆香634A,袁隆平高科技股份有限公司
湖南,玮两优6246,华玮338S×华恢6246,籼型两系杂交稻,袁隆平农业高科技股份有限公司等,湘审稻20216001,湘审稻,20216001,华玮338S,袁隆平农业高科技股份有限公司
湖南,T优82,T98A×明恢82,籼型三系杂交稻,麻阳苗族自治县种子公司,湘审稻2005011,湘审稻,2005011,T98A,麻阳苗族自治县种子公司
湖南,赣优18,赣73A×R18,籼型三系杂交稻,怀化职业技术学院等,湘审稻20220006,湘审稻,20220006,赣73A,怀化职业技术学院
湖南,9771S,安农810S/安农S-1/献党×香125S//香125S/培...,籼型不育系,湖南农业大学,湘审稻2005042,湘审稻,2005042,安农810S/安农S-1/献党,湖南农业大学
湖南,Y两优911,Y58S×创恢911,籼型两系杂交稻,湖南袁创超级稻技术有限公司,湘审稻20180043,湘审稻,20180043,Y58S,湖南袁创超级稻技术有限公司
湖南,玖两优金2号,33S×金恢2号,籼型两系杂交稻,深圳市金谷美香实业有限公司等,湘审稻20190050,湘审稻,20190050,33S,深圳市金谷美香实业有限公司
湖南,泓两优503,泓92S×DF503,籼型两系杂交稻,袁隆平农业高科技股份有限公司等,湘审稻20200018,湘审稻,20200018,泓92S,袁隆平农业高科技股份有限公司
湖南,晖两优1102,华晖217S×华恢1102,籼型两系杂交稻,袁隆平农业高科技股份有限公司等,湘审稻20220037,湘审稻,20220037,华晖217S,袁隆平农业高科技股份有限公司
湖南,玮两优2020,华玮338S×R2020,籼型两系杂交稻,湖南亚华种业科学研究院等,湘审稻20243005,湘审稻,20243005,华玮338S,湖南亚华种业科学研究院
湖南,资100A,V20A×资100B,籼型不育系,湖南杂交水稻研究中心,湘审稻2005041,湘审稻,2005041,V20A,湖南杂交水稻研究中心
湖南,文早糯1号,越糯3号×郴早糯1号,籼型常规稻,郴州市农业科学研究所等,湘审稻20210061,湘审稻,20210061,越糯3号,郴州市农业科学研究所
湖南,两优2469,广占63S×R2469,籼型两系杂交稻,湖南隆平种业有限公司,湘审稻2009032,湘审稻,2009032,广占63S,湖南隆平种业有限公司
湖南,春两优1705,春80S×R1705,籼型两系杂交稻,宜春学院,湘审稻20210004,湘审稻,20210004,春80S,宜春学院
湖南,隆科两优673,隆科638S×R673,籼型两系杂交稻,怀化职业技术学院等,湘审稻20220005,湘审稻,20220005,隆科638S,怀化职业技术学院
湖南,珑香优4832,隆香634A×R4832,籼型三系杂交稻,湖南兴隆种业有限公司等,湘审稻20230031,湘审稻,20230031,隆香634A,湖南兴隆种业有限公司
湖南,新香优101,新香A×湘恢101,籼型三系杂交稻,湖南杂交水稻研究中心,湘审稻2008045,湘审稻,2008045,新香A,湖南杂交水稻研究中心
湖南,钰两优113,湘钰668S×H113,籼型两系杂交稻,袁隆平农业高科技股份有限公司等,湘审稻20200017,湘审稻,20200017,湘钰668S,袁隆平农业高科技股份有限公司
湖南,昱香两优8号,昱香S×恒恢8号,籼型两系杂交稻,广西恒茂农业科技有限公司等,湘审稻20220036,湘审稻,20220036,昱香S,广西恒茂农业科技有限公司
湖南,陆两优267,陆18S×LW267,籼型两系杂交稻,娄底市农业科学研究所等,湘审稻2008044,湘审稻,2008044,陆18S,娄底市农业科学研究所
湖南,株两优819,株1S×华819,籼型两系杂交稻,湖南亚华种业科学研究院,湘审稻2005010,湘审稻,2005010,株1S,湖南亚华种业科学研究院
湖南,威优1126,威20A×R1126,籼型三系杂交稻,湖南杂交水稻研究中心,湘品审第41号,湘审稻,41,威20A,湖南杂交水稻研究中心
湖南,Y两优香2号,Y58S×江恢6292,籼型两系杂交稻,湖南中江种业有限公司等,湘审稻2009031,湘审稻,2009031,Y58S,湖南中江种业有限公司
湖南,陵两优238,湘陵628S×华1238,籼型两系杂交稻,江西惠农种业有限公司等,湘审稻20210003,湘审稻,20210003,湘陵628S,江西惠农种业有限公司
湖南,荃优9,荃9311A×R1833,籼型三系杂交稻,长沙碧盈农业科技有限公司等,湘审稻20220004,湘审稻,20220004,荃9311A,长沙碧盈农业科技有限公司
湖南,枫林丝苗,Lemont/02428×YN10,籼型常规稻,湖南希望种业科技股份有限公司等,湘审稻20200038,湘审稻,20200038,Lemont/02428,湖南希望种业科技股份有限公司
湖南,隆晶优2911,隆晶4302A×华恢2911,籼型三系杂交稻,袁隆平农业高科技股份有限公司等,湘审稻20206028,湘审稻,20206028,隆晶4302A,袁隆平农业高科技股份有限公司
湖南,中南优8号,中莲1A×中莲恢8号,籼型三系杂交稻,江苏中南种业科技有限公司,湘审稻2011013,湘审稻,2011013,中莲1A,江苏中南种业科技有限公司
湖南,威优48,威20A×测48-2,籼型三系杂交稻,湖南省安江农业学校,湘品审第40号,湘审稻,40,威20A,湖南省安江农业学校
湖南,威优46,威20A×密阳46,籼型三系杂交稻,湖南杂交水稻研究中心,湘品审第34号,湘审稻,34,威20A,湖南杂交水稻研究中心
湖南,美优晶丝苗,美1A×晶丝苗1,籼型三系杂交稻,湖南金源种业有限公司,湘审稻20210060,湘审稻,20210060,美1A,湖南金源种业有限公司
湖南,钰两优611,湘钰668S×H611,籼型两系杂交稻,袁隆平农业高科技股份有限公司等,湘审稻20200016,湘审稻,20200016,湘钰668S,袁隆平农业高科技股份有限公司
湖南,领优华占,领A×华占,籼型三系杂交稻,湖南隆平种业有限公司等,湘审稻20170036,湘审稻,20170036,领A,湖南隆平种业有限公司
湖南,株两优100,株1S×中鉴100,籼型两系杂交稻,湘潭市农业科学研究所,湘审稻2005009,湘审稻,2005009,株1S,湘潭市农业科学研究所
湖南,Y两优3218,Y58S×湘恢3218,籼型两系杂交稻,湖南科裕隆种业有限公司等,湘审稻2009030,湘审稻,2009030,Y58S,湖南科裕隆种业有限公司
湖南,Y两优9918,Y58S×R928,籼型两系杂交稻,湖南天盛生物科技有限公司等,湘审稻2009029,湘审稻,2009029,Y58S,湖南天盛生物科技有限公司
湖南,艳两优039,艳66S×R039,籼型两系杂交稻,湖南希望种业科技股份有限公司等,湘审稻20200015,湘审稻,20200015,艳66S,湖南希望种业科技股份有限公司
湖南,五优新华粘,五丰A×新华粘,籼型三系杂交稻,湖南永益农业科技发展有限公司等,湘审稻20180042,湘审稻,20180042,五丰A,湖南永益农业科技发展有限公司
湖南,腾两优3485,腾晖191S×华恢3485,籼型两系杂交稻,袁隆平农业高科技股份有限公司等,湘审稻20226013,湘审稻,20226013,腾晖191S,袁隆平农业高科技股份有限公司
湖南,广两优210,广占63-4S×怀恢210,籼型两系杂交稻,怀化市农业科学研究所等,湘审稻2014010,湘审稻,2014010,广占63-4S,怀化市农业科学研究所
湖南,玖两优615,33S×R615,籼型两系杂交稻,湖南金健种业科技有限公司等,湘审稻20190049,湘审稻,20190049,33S,湖南金健种业科技有限公司
湖南,柒两优43,株712S×早43,籼型两系杂交稻,湖南省水稻研究所等,湘审稻20210002,湘审稻,20210002,株712S,湖南省水稻研究所
湖南,湘州113A,金23A×湘州113B,籼型不育系,湘西土家族苗族自治州农业科学研究院,湘审稻2005040,湘审稻,2005040,金23A,湘西土家族苗族自治州农业科学研究院
湖南,珑香优4876,隆香634A×R4876,籼型三系杂交稻,湖南兴隆种业有限公司,湘审稻20220035,湘审稻,20220035,隆香634A,湖南兴隆种业有限公司
湖南,金优212,金23A×R2122,籼型三系杂交稻,湖南希望种业科技有限公司,湘审稻2008043,湘审稻,2008043,金23A,湖南希望种业科技有限公司
湖南,华优322,华37A×TR322,籼型三系杂交稻,湖南亚华种业科学研究院,湘审稻2008042,湘审稻,2008042,华37A,湖南亚华种业科学研究院
湖南,怀两优8318,怀1S×洪恢8318,籼型两系杂交稻,湖南裕创种业有限公司,湘审稻20220003,湘审稻,20220003,怀1S,湖南裕创种业有限公司
湖南,誉两优4420,华誉568S×华恢4420,籼型两系杂交稻,袁隆平农业高科技股份有限公司等,湘审稻20230030,湘审稻,20230030,华誉568S,袁隆平农业高科技股份有限公司
湖南,泽两优6502,华泽621S×华恢6502,籼型两系杂交稻,袁隆平农业高科技股份有限公司等,湘审稻20206027,湘审稻,20206027,华泽621S,袁隆平农业高科技股份有限公司
湖南,隆香优1624,隆香634A×R1624,籼型三系杂交稻,袁隆平农业高科技股份有限公司等,湘审稻20206026,湘审稻,20206026,隆香634A,袁隆平农业高科技股份有限公司
湖南,五优蒂占,五丰A×蒂占,籼型三系杂交稻,袁隆平农业高科技股份有限公司等,湘审稻20206025,湘审稻,20206025,五丰A,袁隆平农业高科技股份有限公司
湖南,隆晶优534,隆晶4302A×R534,籼型三系杂交稻,袁隆平农业高科技股份有限公司等,湘审稻20206024,湘审稻,20206024,隆晶4302A,袁隆平农业高科技股份有限公司
湖南,彦两优黄莉占,彦S×黄莉占,籼型两系杂交稻,袁隆平农业高科技股份有限公司等,湘审稻20206023,湘审稻,20206023,彦S,袁隆平农业高科技股份有限公司
湖南,捷两优1057,华捷221S×华恢1057,籼型两系杂交稻,袁隆平农业高科技股份有限公司等,湘审稻20206022,湘审稻,20206022,华捷221S,袁隆平农业高科技股份有限公司
湖南,Y两优51,Y58S×J5511,籼型两系杂交稻,长沙金垦科技发展有限公司,湘审稻2008041,湘审稻,2008041,Y58S,长沙金垦科技发展有限公司
湖南,甬优4149,甬粳41A×F9249,籼粳交三系杂交稻,宁波市种子有限公司,湘审稻20170006,湘审稻,20170006,甬粳41A,宁波市种子有限公司
湖南,耘两优玖48,耘9S×玖48,籼型两系杂交稻,湖南金色农丰种业有限公司等,湘审稻20190048,湘审稻,20190048,耘9S,湖南金色农丰种业有限公司
湖南,C两优501,C815S×制501,籼型两系杂交稻,湖南金健种业有限责任公司等,湘审稻2009028,湘审稻,2009028,C815S,湖南金健种业有限责任公司
湖南,金优828,金23A×湘恢828,籼型三系杂交稻,湖南科裕隆种业有限公司,湘审稻2011012,湘审稻,2011012,金23A,湖南科裕隆种业有限公司
湖南,陆两优996,陆18S×996,籼型两系杂交稻,湖南农业大学水稻科学研究所等,湘审稻2005008,湘审稻,2005008,陆18S,湖南农业大学水稻科学研究所
湖南,隆晶优1273,隆晶4302A×华恢1273,籼型三系杂交稻,袁隆平农业高科技股份有限公司等,湘审稻20206021,湘审稻,20206021,隆晶4302A,袁隆平农业高科技股份有限公司
湖南,爽两优黄莉丝苗,爽1S×黄莉丝苗,籼型两系杂交稻,湖南杂交水稻研究中心等,湘审稻20220002,湘审稻,20220002,爽1S,湖南杂交水稻研究中心
湖南,钰两优771,湘钰621S×华771,籼型两系杂交稻,袁隆平农业高科技股份有限公司等,湘审稻20210001,湘审稻,20210001,湘钰621S,袁隆平农业高科技股份有限公司
湖南,华两优285,H155S×华284选,籼型两系杂交稻,湖南亚华种业科学研究院,湘审稻2007050,湘审稻,2007050,H155S,湖南亚华种业科学研究院
湖南,绿晶占,黄晶占×绿新占,籼型常规稻,深圳市金谷美香实业有限公司,湘审稻20220034,湘审稻,20220034,黄晶占,深圳市金谷美香实业有限公司
湖南,C两优农39,C815S×农香39,籼型两系杂交稻,湖南金色农丰种业有限公司等,湘审稻20220033,湘审稻,20220033,C815S,湖南金色农丰种业有限公司
湖南,锦两优8号,锦4128S×R8,籼型两系杂交稻,湖南桃花源农业科技股份有限公司等,湘审稻20200014,湘审稻,20200014,锦4128S,湖南桃花源农业科技股份有限公司
湖南,顺天A,T98A×顺天B,籼型不育系,怀化市农业科学研究所,湘审稻2010043,湘审稻,2010043,T98A,怀化市农业科学研究所
湖南,民兴优6955,民兴A×R6955,籼型三系杂交稻,湖南兴隆种业有限公司等,湘审稻20243004,湘审稻,20243004,民兴A,湖南兴隆种业有限公司
湖南,麟两优07,麟S×R07,籼型两系杂交稻,袁隆平农业高科技股份有限公司等,湘审稻20226012,湘审稻,20226012,麟S,袁隆平农业高科技股份有限公司
湖南,C两优608,C815S×R608,籼型两系杂交稻,湖南隆平种业有限公司等,湘审稻2009027,湘审稻,2009027,C815S,湖南隆平种业有限公司
湖南,堆优6553,堆丰A×R6553,籼型三系杂交稻,湖南宽和仁农业发展有限公司,湘审稻20190047,湘审稻,20190047,堆丰A,湖南宽和仁农业发展有限公司
湖南,松雅早1号,湘早籼45号×湘早籼32号/华航31,籼型常规稻,湖南桃花源农业科技股份有限公司等,湘审稻20200013,湘审稻,20200013,湘早籼45号,湖南桃花源农业科技股份有限公司
湖南,中优978,中9A×良恢1号,籼型三系杂交稻,湖南省良种引进公司,湘审稻2008040,湘审稻,2008040,中9A,湖南省良种引进公司
湖南,荣优0861,荣丰A×R0861,籼型三系杂交稻,北京金色农华种业科技股份有限公司等,湘审稻20170035,湘审稻,20170035,荣丰A,北京金色农华种业科技股份有限公司
湖南,创宇9号,黄华占×中香1号,籼型常规稻,湖南省水稻研究所等,湘审稻20170034,湘审稻,20170034,黄华占,湖南省水稻研究所
湖南,板仓粳糯,湘粳2号×糯110,粳型常规稻,湖南省水稻研究所等,湘审稻20170033,湘审稻,20170033,湘粳2号,湖南省水稻研究所
湖南,深优5438,深95A×华恢5438,籼型三系杂交稻,湖南隆平高科种业科学研究院有限公司等,湘审稻20170032,湘审稻,20170032,深95A,湖南隆平高科种业科学研究院有限公司
湖南,陵两优396,湘陵628S×华396,籼型两系杂交稻,湖南亚华种业科学研究院,湘审稻2011011,湘审稻,2011011,湘陵628S,湖南亚华种业科学研究院
湖南,麓山丝苗,Lemont/02428×R180,籼型常规稻,湖南希望种业科技股份有限公司等,湘审稻20200037,湘审稻,20200037,Lemont/02428,湖南希望种业科技股份有限公司
湖南,伍两优6215,晶4155S×华恢6215,籼型两系杂交稻,袁隆平农业高科技股份有限公司等,湘审稻20220032,湘审稻,20220032,晶4155S,袁隆平农业高科技股份有限公司
湖南,盼两优12,盼S×R12,籼型两系杂交稻,湖南兴隆种业有限公司,湘审稻20220031,湘审稻,20220031,盼S,湖南兴隆种业有限公司
湖南,韵两优4876,韵2013S×R4876,籼型两系杂交稻,湖南兴隆种业有限公司,湘审稻20220030,湘审稻,20220030,韵2013S,湖南兴隆种业有限公司
湖南,隆晶优1195,隆晶4302A×华恢1195,籼型三系杂交稻,袁隆平农业高科技股份有限公司等,湘审稻20206039,湘审稻,20206039,隆晶4302A,袁隆平农业高科技股份有限公司
湖南,隆优812,隆香634A×华恢812,籼型三系杂交稻,湖南隆平高科种业科学研究院有限公司等,湘审稻20170005,湘审稻,20170005,隆香634A,湖南隆平高科种业科学研究院有限公司
湖南,湘丰70A,V20A×湘丰70B,籼型不育系,湖南杂交水稻研究中心,湘审稻2005039,湘审稻,2005039,V20A,湖南杂交水稻研究中心
湖南,C两优386,C815S×R386,籼型两系杂交稻,湖南农业大学等,湘审稻2014009,湘审稻,2014009,C815S,湖南农业大学
湖南,玖两优298,33S×ZR298,籼型两系杂交稻,湖南金色农丰种业有限公司等,湘审稻20180041,湘审稻,20180041,33S,湖南金色农丰种业有限公司
湖南,隆晶优5438,隆晶4302A×华恢5438,籼型三系杂交稻,袁隆平农业高科技股份有限公司等,湘审稻20206020,湘审稻,20206020,隆晶4302A,袁隆平农业高科技股份有限公司
湖南,创两优晶丝苗,创5S×晶丝苗,籼型两系杂交稻,江西省天仁种业有限公司等,湘审稻20220001,湘审稻,20220001,创5S,江西省天仁种业有限公司
湖南,泸红早1号,1277×红410,籼型常规稻,四川省农业科学院水稻高粱研究所,湘品审第33号,湘审稻,33,1277,四川省农业科学院水稻高粱研究所
湖南,郝两优4876,郝S×R4876,籼型两系杂交稻,合肥侬本农业科技有限公司等,湘审稻20230029,湘审稻,20230029,郝S,合肥侬本农业科技有限公司
湖南,陵两优102,湘陵628S×04E02,籼型两系杂交稻,株洲市农业科学研究所等,湘审稻2011010,湘审稻,2011010,湘陵628S,株洲市农业科学研究所
湖南,冠两优5298,冠S×R5298,籼型两系杂交稻,袁隆平农业高科技股份有限公司等,湘审稻20226011,湘审稻,20226011,冠S,袁隆平农业高科技股份有限公司
湖南,盛优656,盛丰A×P656,籼型三系杂交稻,湖南鑫盛华丰种业科技有限公司等,湘审稻20170031,湘审稻,20170031,盛丰A,湖南鑫盛华丰种业科技有限公司
湖南,锦两优华占,锦4128S×华占,籼型两系杂交稻,袁隆平农业高科技股份有限公司等,湘审稻20170030,湘审稻,20170030,锦4128S,袁隆平农业高科技股份有限公司
湖南,C两优755,C815S×755,籼型两系杂交稻,湖南农业大学,湘审稻2009026,湘审稻,2009026,C815S,湖南农业大学
湖南,忠丰2号,Ⅱ-32A×忠恢166,籼型三系杂交稻,重庆皇华种子有限公司,湘审稻2009025,湘审稻,2009025,Ⅱ-32A,重庆皇华种子有限公司
湖南,陵两优104,湘陵750S×华104,籼型两系杂交稻,袁隆平农业高科技股份有限公司等,湘审稻2011009,湘审稻,2011009,湘陵750S,袁隆平农业高科技股份有限公司
湖南,隆锋优8262,隆锋18A×华恢8262,籼型三系杂交稻,袁隆平农业高科技股份有限公司等,湘审稻20216022,湘审稻,20216022,隆锋18A,袁隆平农业高科技股份有限公司
湖南,津两优丝苗,津S×FZ6,籼型两系杂交稻,湖南金健种业科技有限公司等,湘审稻20243003,湘审稻,20243003,津S,湖南金健种业科技有限公司
湖南,中优9918,中9A×R9918,籼型三系杂交稻,湖南省长沙市农业科学研究所等,湘审稻2008039,湘审稻,2008039,中9A,湖南省长沙市农业科学研究所
湖南,C43A,K9A×C43B,籼型不育系,湘西海鑫农业科技开发有限责任公司,湘审稻2010042,湘审稻,2010042,K9A,湘西海鑫农业科技开发有限责任公司
湖南,泉两优芸占,泉298S×R芸占,籼型两系杂交稻,湖南粮安科技股份有限公司等,湘审稻20200012,湘审稻,20200012,泉298S,湖南粮安科技股份有限公司
湖南,恒优068,恒丰A×R068,籼型三系杂交稻,湖南优至种业有限公司等,湘审稻20180040,湘审稻,20180040,恒丰A,湖南优至种业有限公司
湖南,玖两优玉占,33S×玉占,籼型两系杂交稻,湖南恒德种业科技有限公司等,湘审稻20200036,湘审稻,20200036,33S,湖南恒德种业科技有限公司
湖南,深优9595,深95A×R6295,籼型三系杂交稻,袁隆平农业高科技股份有限公司,湘审稻2014008,湘审稻,2014008,深95A,袁隆平农业高科技股份有限公司
湖南,华两优164,H155S×华164,籼型两系杂交稻,湖南亚华种业科学研究院,湘审稻2007049,湘审稻,2007049,H155S,湖南亚华种业科学研究院
湖南,中优9806,中9A×R9806,籼型三系杂交稻,湖南东方红种业有限公司等,湘审稻2008038,湘审稻,2008038,中9A,湖南东方红种业有限公司
湖南,增两优黄莉占,增S×黄莉占,籼型两系杂交稻,袁隆平农业高科技股份有限公司等,湘审稻20206019,湘审稻,20206019,增S,袁隆平农业高科技股份有限公司
湖南,隆科丝苗13号,谷梅4号/中鉴17//华恢4号///金山软占////象牙香占...,籼型常规稻,袁隆平农业高科技股份有限公司等,湘审稻20206038,湘审稻,20206038,谷梅4号/中鉴17//华恢4号///金山软占////象牙香占...,袁隆平农业高科技股份有限公司
湖南,甬优6708,甬粳67A×F7708,籼粳交三系杂交稻,宁波种业股份有限公司,湘审稻20210059,湘审稻,20210059,甬粳67A,宁波种业股份有限公司
湖南,更香优巴丝,更香A×R巴丝,籼型三系杂交稻,长沙利诚种业有限公司等,湘审稻20210058,湘审稻,20210058,更香A,长沙利诚种业有限公司
湖南,陆两优105,陆18S×华105,籼型两系杂交稻,湖南亚华种业科学研究院,湘审稻2005007,湘审稻,2005007,陆18S,湖南亚华种业科学研究院
湖南,先丰优933,先丰A×洪恢933,籼型三系杂交稻,湖南省洪江先丰种业有限公司,湘审稻2009024,湘审稻,2009024,先丰A,湖南省洪江先丰种业有限公司
湖南,增两优5629,增S×R5629,籼型两系杂交稻,袁隆平农业高科技股份有限公司等,湘审稻20216021,湘审稻,20216021,增S,袁隆平农业高科技股份有限公司
湖南,三香优974,三香A×To974,籼型三系杂交稻,衡阳市农业科学研究所,湘审稻2005006,湘审稻,2005006,三香A,衡阳市农业科学研究所
湖南,安丰A,金23A×安丰B,籼型不育系,怀化职业技术学院,湘审稻2010041,湘审稻,2010041,金23A,怀化职业技术学院
湖南,明糯优6号,明糯S-1×荆糯6号,籼型两系杂交稻,三明市农业科学研究所等,湘审稻2010040,湘审稻,2010040,明糯S-1,三明市农业科学研究所
湖南,898A,金23A×898B,籼型不育系,湖南金健种业有限责任公司等,湘审稻2005038,湘审稻,2005038,金23A,湖南金健种业有限责任公司
湖南,C两优4488,C815S×4488,籼型两系杂交稻,湖南农业大学,湘审稻2008037,湘审稻,2008037,C815S,湖南农业大学
湖南,耕香优荔丝苗,耕香A×恒恢荔香丝苗,籼型三系杂交稻,湖南大地种业有限责任公司等,湘审稻20210057,湘审稻,20210057,耕香A,湖南大地种业有限责任公司
湖南,株两优15,株1S×H98-15,籼型两系杂交稻,湖南省贺家山原种场,湘审稻2007015,湘审稻,2007015,株1S,湖南省贺家山原种场
湖南,川香优1101,川香29A×R1101,籼型三系杂交稻,长沙惟楚种业有限公司,湘审稻2009023,湘审稻,2009023,川香29A,长沙惟楚种业有限公司
湖南,晶沅优蒂占,晶沅42A×蒂占,籼型三系杂交稻,袁隆平农业高科技股份有限公司等,湘审稻20226010,湘审稻,20226010,晶沅42A,袁隆平农业高科技股份有限公司
湖南,中两优凡9,中18S×凡9,籼型两系杂交稻,湖南金健种业科技有限公司等,湘审稻20200035,湘审稻,20200035,中18S,湖南金健种业科技有限公司
湖南,五优5013,五丰A×R5013,籼型三系杂交稻,湖南省水稻研究所等,湘审稻20170029,湘审稻,20170029,五丰A,湖南省水稻研究所
湖南,湘早籼5号,岳早籼1号,籼型常规稻,湖南省岳阳市农业科学研究所,湘品审第32号,湘审稻,32,岳早籼1号,湖南省岳阳市农业科学研究所
湖南,七二优华占,72A×华占,籼型三系杂交稻,湖南神农大丰种业科技有限责任公司,湘审稻20170004,湘审稻,20170004,72A,湖南神农大丰种业科技有限责任公司
湖南,Y两优599,Y58S×599,籼型两系杂交稻,湖南农业大学等,湘审稻2008036,湘审稻,2008036,Y58S,湖南农业大学
湖南,陵两优229,湘陵628S×华229,籼型两系杂交稻,袁隆平农业高科技股份有限公司等,湘审稻2011008,湘审稻,2011008,湘陵628S,袁隆平农业高科技股份有限公司
湖南,望两优889,望S×望恢889,籼型两系杂交稻,湖南希望种业科技股份有限公司等,湘审稻20180039,湘审稻,20180039,望S,湖南希望种业科技股份有限公司
湖南,荃优594,荃9311A×华恢594,籼型三系杂交稻,湖南隆平高科种业科学研究院有限公司等,湘审稻20180038,湘审稻,20180038,荃9311A,湖南隆平高科种业科学研究院有限公司
湖南,深优1706,深95A×华恢1706,籼型三系杂交稻,袁隆平农业高科技股份有限公司等,湘审稻20180037,湘审稻,20180037,深95A,袁隆平农业高科技股份有限公司
湖南,盛泰优626,盛泰A×Pc626,籼型三系杂交稻,湖南洞庭高科种业股份有限公司等,湘审稻20190046,湘审稻,20190046,盛泰A,湖南洞庭高科种业股份有限公司
湖南,隆晶优1266,隆晶4302A×华恢1266,籼型三系杂交稻,袁隆平农业高科技股份有限公司等,湘审稻20216020,湘审稻,20216020,隆晶4302A,袁隆平农业高科技股份有限公司
湖南,C两优银华粘,C815S×银华粘,籼型两系杂交稻,湖南永益农业科技发展有限公司等,湘审稻20190038,湘审稻,20190038,C815S,湖南永益农业科技发展有限公司
湖南,金优706,金23A×R706,籼型三系杂交稻,湖南隆平高科农平种业有限公司,湘审稻2005005,湘审稻,2005005,金23A,湖南隆平高科农平种业有限公司
湖南,晶两优510,晶4155S×R10,籼型两系杂交稻,袁隆平农业高科技股份有限公司等,湘审稻20190037,湘审稻,20190037,晶4155S,袁隆平农业高科技股份有限公司
湖南,华两优10,华1037S×R10,籼型两系杂交稻,袁隆平农业高科技股份有限公司等,湘审稻20190036,湘审稻,20190036,华1037S,袁隆平农业高科技股份有限公司
湖南,B两优0502,B621S×望恢0502,籼型两系杂交稻,湖南希望种业科技股份有限公司等,湘审稻20190035,湘审稻,20190035,B621S,湖南希望种业科技股份有限公司
湖南,晶两优5438,晶4155S×华恢5438,籼型两系杂交稻,袁隆平农业高科技股份有限公司等,湘审稻20190034,湘审稻,20190034,晶4155S,袁隆平农业高科技股份有限公司
湖南,旗两优7059,旗482S×R7059,籼型两系杂交稻,湖南兴隆种业有限公司,湘审稻20220029,湘审稻,20220029,旗482S,湖南兴隆种业有限公司
湖南,准两优1141,准S×R1141,籼型两系杂交稻,湖南隆平种业有限公司等,湘审稻2008021,湘审稻,2008021,准S,湖南隆平种业有限公司
湖南,五优85,五丰A×CR85,籼型三系杂交稻,衡阳市农业科学研究所等,湘审稻20170003,湘审稻,20170003,五丰A,衡阳市农业科学研究所
湖南,株两优124,株1S×124,籼型两系杂交稻,湖南省原子能农业应用研究所,湘审稻2007014,湘审稻,2007014,株1S,湖南省原子能农业应用研究所
湖南,湘晚籼17号,湘晚籼10号×三合占,籼型常规稻,湖南省水稻研究所,湘审稻2008035,湘审稻,2008035,湘晚籼10号,湖南省水稻研究所
湖南,岳优6135,岳4A×R6135,籼型三系杂交稻,湖南隆平高科农平种业有限公司,湘审稻2005037,湘审稻,2005037,岳4A,湖南隆平高科农平种业有限公司
湖南,袁优6735,F5-42A×R6735,籼型三系杂交稻,袁氏种业高科技有限公司,湘审稻20190045,湘审稻,20190045,F5-42A,袁氏种业高科技有限公司
湖南,Y两优624,Y58S×华恢624,籼型两系杂交稻,湖南亚华种业科学研究院等,湘审稻2010039,湘审稻,2010039,Y58S,湖南亚华种业科学研究院
湖南,Y两优1998,Y58S×新恢1998,籼型两系杂交稻,湖南希望种业科技股份有限公司,湘审稻2014007,湘审稻,2014007,Y58S,湖南希望种业科技股份有限公司
湖南,光优708,光叶A×F708,籼型三系杂交稻,湖南隆平高科农平种业有限公司,湘审稻2007048,湘审稻,2007048,光叶A,湖南隆平高科农平种业有限公司
湖南,隆6优华占,隆6A×华占,籼型三系杂交稻,湖南隆平种业有限公司等,湘审稻20180036,湘审稻,20180036,隆6A,湖南隆平种业有限公司
湖南,T优705,T98A×R705,籼型三系杂交稻,湖南隆平高科农平种业有限公司,湘审稻2005004,湘审稻,2005004,T98A,湖南隆平高科农平种业有限公司
湖南,隆晶优蒂占,隆晶4302A×蒂占,籼型三系杂交稻,袁隆平农业高科技股份有限公司等,湘审稻20206018,湘审稻,20206018,隆晶4302A,袁隆平农业高科技股份有限公司
湖南,晶沅优4231,晶沅42A×华恢4231,籼型三系杂交稻,袁隆平农业高科技股份有限公司等,湘审稻20226009,湘审稻,20226009,晶沅42A,袁隆平农业高科技股份有限公司
湖南,盼两优1466,盼S×R1466,籼型两系杂交稻,湖南兴隆种业有限公司等,湘审稻20230028,湘审稻,20230028,盼S,湖南兴隆种业有限公司
湖南,津两优27,津S×J27,籼型两系杂交稻,湖南金健种业科技有限公司,湘审稻20243002,湘审稻,20243002,津S,湖南金健种业科技有限公司
湖南,株两优2008,株1S×R2008,籼型两系杂交稻,湖南旺农生物科技研究所等,湘审稻2011007,湘审稻,2011007,株1S,湖南旺农生物科技研究所
湖南,农香18,农香16×三合占,籼型常规稻,湖南省水稻研究所,湘审稻2010038,湘审稻,2010038,农香16,湖南省水稻研究所
湖南,桂武糯,78-14×桂糯80,粳型常规稻,湖南省水稻研究所,湘品审第22号,湘审稻,22,78-14,湖南省水稻研究所
湖南,泰优1261,泰丰A×16T-1261,籼型三系杂交稻,湖南金健种业科技有限公司等,湘审稻20200034,湘审稻,20200034,泰丰A,湖南金健种业科技有限公司
湖南,丰优1167,丰源A×R1167,籼型三系杂交稻,袁隆平农业高科技股份有限公司,湘审稻2008034,湘审稻,2008034,丰源A,袁隆平农业高科技股份有限公司
湖南,Y两优828,Y58S×R828,籼型两系杂交稻,湖南大农种业科技有限公司等,湘审稻2014006,湘审稻,2014006,Y58S,湖南大农种业科技有限公司
湖南,株两优08,株1S×潭早08,籼型两系杂交稻,湘潭市农业科学研究所,湘审稻2007013,湘审稻,2007013,株1S,湘潭市农业科学研究所
湖南,农香42,湘晚籼17号×谷梅4号,籼型常规稻,湖南省水稻研究所,湘审稻20200011,湘审稻,20200011,湘晚籼17号,湖南省水稻研究所
湖南,隆锋优3228,隆锋18A×华恢3228,籼型三系杂交稻,袁隆平农业高科技股份有限公司等,湘审稻20216019,湘审稻,20216019,隆锋18A,袁隆平农业高科技股份有限公司
湖南,韵两优50125,韵2013S×R50125,籼型两系杂交稻,湖南兴隆种业有限公司,湘审稻20220028,湘审稻,20220028,韵2013S,湖南兴隆种业有限公司
湖南,金优59,金23A×R59,籼型三系杂交稻,湖南泰邦农业科技发展有限公司,湘审稻2010037,湘审稻,2010037,金23A,湖南泰邦农业科技发展有限公司
湖南,泰优305,泰丰A×广恢305,籼型三系杂交稻,广东省农业科学院水稻研究所等,湘审稻20190044,湘审稻,20190044,泰丰A,广东省农业科学院水稻研究所
湖南,德两优华占,德S×华占,籼型两系杂交稻,湖南金健种业科技有限公司等,湘审稻20170028,湘审稻,20170028,德S,湖南金健种业科技有限公司
河南,豫农粳11号,方欣4号×20106,粳型常规稻,河南农业大学等,豫审稻2017002,豫审稻,2017002,方欣4号,河南农业大学
湖南,珂两优8612,华珂226S×华恢8612,籼型两系杂交稻,袁隆平农业高科技股份有限公司等,湘审稻20206017,湘审稻,20206017,华珂226S,袁隆平农业高科技股份有限公司
湖南,Y两优19,Y58S×19,籼型两系杂交稻,湖南隆平种业有限公司等,湘审稻2008033,湘审稻,2008033,Y58S,湖南隆平种业有限公司
湖北,珞长香紫,桂香丝糯/黑贡王×象牙香占,籼型常规稻,武汉大学等,鄂审稻20244010,鄂审稻,20244010,桂香丝糯/黑贡王,武汉大学
湖南,万丰优丝占,万丰99A×创恢丝占,籼型三系杂交稻,湖南袁创超级稻技术有限公司,湘审稻20210056,湘审稻,20210056,万丰99A,湖南袁创超级稻技术有限公司
湖南,准两优1102,准S×R1102,籼型两系杂交稻,湖南隆平高科农平种业有限公司等,湘审稻2008020,湘审稻,2008020,准S,湖南隆平高科农平种业有限公司
湖南,玖两优1858,33S×R1858,籼型两系杂交稻,湖南金健种业科技有限公司等,湘审稻20200033,湘审稻,20200033,33S,湖南金健种业科技有限公司
湖南,Y两优8188,Y58S×奥R8188,籼型两系杂交稻,湖南奥谱隆科技股份有限公司等,湘审稻2014005,湘审稻,2014005,Y58S,湖南奥谱隆科技股份有限公司
湖南,俱两优4832,俱S×R4832,籼型两系杂交稻,湖南兴隆种业有限公司等,湘审稻20230027,湘审稻,20230027,俱S,湖南兴隆种业有限公司
湖南,韵两优526,韵2013S×K526,籼型两系杂交稻,袁隆平农业高科技股份有限公司等,湘审稻20216018,湘审稻,20216018,韵2013S,袁隆平农业高科技股份有限公司
湖南,早优33,早丰A×E33-1,籼型三系杂交稻,北京金色农华种业科技股份有限公司等,湘审稻20170027,湘审稻,20170027,早丰A,北京金色农华种业科技股份有限公司
湖南,玉香88,玉香A×R88,籼型三系杂交稻,湖南隆平高科农平种业有限公司,湘审稻2005036,湘审稻,2005036,玉香A,湖南隆平高科农平种业有限公司
湖南,创丰1号,塘丝占×红突31,籼型常规稻,湖南省水稻研究所,湘审稻2005003,湘审稻,2005003,塘丝占,湖南省水稻研究所
湖南,湘晚籼1号,IR22//红米冬占/广秋矮×ASD7,籼型常规稻,湖南省水稻研究所,湘品审第21号,湘审稻,21,IR22//红米冬占/广秋矮,湖南省水稻研究所
湖北,华墨香12号,华墨香5号×扬稻6号,籼型常规稻,华中农业大学等,鄂审稻20244009,鄂审稻,20244009,华墨香5号,华中农业大学
湖北,两优308,HD9802S×R308,籼型两系杂交稻,湖北兴农种子有限责任公司,鄂审稻20244008,鄂审稻,20244008,HD9802S,湖北兴农种子有限责任公司
湖南,农香39,粤奇丝苗×农香25,籼型常规稻,湖南省水稻研究所,湘审稻20200010,湘审稻,20200010,粤奇丝苗,湖南省水稻研究所
湖南,振两优8549,振湘S×华恢8549,籼型两系杂交稻,袁隆平农业高科技股份有限公司等,湘审稻20226008,湘审稻,20226008,振湘S,袁隆平农业高科技股份有限公司
湖南,Y两优372,Y58S×R372,籼型两系杂交稻,湖南袁创超级稻技术有限公司,湘审稻2007047,湘审稻,2007047,Y58S,湖南袁创超级稻技术有限公司
湖南,天龙1号,籼小粘×特玻粘,籼型常规稻,湖南省天龙米业有限公司,湘审稻2014004,湘审稻,2014004,籼小粘,湖南省天龙米业有限公司
湖南,陆两优8号,陆18S×96E08,籼型两系杂交稻,湖南省水稻研究所,湘审稻2007012,湘审稻,2007012,陆18S,湖南省水稻研究所
湖南,玖两优305,33S×R305,籼型两系杂交稻,湖南鑫盛华丰种业科技有限公司等,湘审稻20170026,湘审稻,20170026,33S,湖南鑫盛华丰种业科技有限公司
河南,信粳糯631,皖稻68×信粳64,粳型常规稻,信阳市农业科学院,豫审稻2017001,豫审稻,2017001,皖稻68,信阳市农业科学院
湖南,民兴优4832,民兴A×R4832,籼型三系杂交稻,湖南兴隆种业有限公司等,湘审稻20230026,湘审稻,20230026,民兴A,湖南兴隆种业有限公司
湖南,C两优华晶占,C815S×华晶占,籼型两系杂交稻,湖南中朗种业有限公司等,湘审稻20190033,湘审稻,20190033,C815S,湖南中朗种业有限公司
湖南,晖两优钰占,华晖217S×钰占,籼型两系杂交稻,袁隆平农业高科技股份有限公司等,湘审稻20216017,湘审稻,20216017,华晖217S,袁隆平农业高科技股份有限公司
湖南,惠两优998,惠隆S×R998,籼型两系杂交稻,湖南北大荒种业科技有限责任公司等,湘审稻20180035,湘审稻,20180035,惠隆S,湖南北大荒种业科技有限责任公司
湖南,汕优63,珍汕97A×明恢63,籼型三系杂交稻,三明市农业科学研究所,湘品审第20号,湘审稻,20,珍汕97A,三明市农业科学研究所
湖南,玮两优1206,华玮338S×R1206,籼型两系杂交稻,袁隆平农业高科技股份有限公司等,湘审稻20206016,湘审稻,20206016,华玮338S,袁隆平农业高科技股份有限公司
湖南,晶泰优莉香,晶泰A×莉香,籼型三系杂交稻,湖南金色农华种业科技有限公司,湘审稻20210055,湘审稻,20210055,晶泰A,湖南金色农华种业科技有限公司
湖南,C两优1102,C815S×1102,籼型两系杂交稻,湖南隆平种业有限公司等,湘审稻2008032,湘审稻,2008032,C815S,湖南隆平种业有限公司
湖南,陆两优4026,陆18S×4026,籼型两系杂交稻,湖南农业大学等,湘审稻2011006,湘审稻,2011006,陆18S,湖南农业大学
湖南,六两优56,六三S×L56,籼型两系杂交稻,湖南六三种业有限公司,湘审稻20170002,湘审稻,20170002,六三S,湖南六三种业有限公司
湖南,新香优111,新香A×长恢111,籼型三系杂交稻,长沙长龙生物科技有限公司,湘审稻2009022,湘审稻,2009022,新香A,长沙长龙生物科技有限公司
湖南,玖两优玖39,33S×农香39,籼型两系杂交稻,湖南金色农丰种业有限公司等,湘审稻20200032,湘审稻,20200032,33S,湖南金色农丰种业有限公司
湖南,玮两优8612,华玮338S×华恢8612,籼型两系杂交稻,袁隆平农业高科技股份有限公司等,湘审稻20206015,湘审稻,20206015,华玮338S,袁隆平农业高科技股份有限公司
湖南,D两优8146,D080S×华恢8146,籼型两系杂交稻,袁隆平农业高科技股份有限公司等,湘审稻20206014,湘审稻,20206014,D080S,袁隆平农业高科技股份有限公司
湖南,炳优98,炳1A×泰恢1298,籼型三系杂交稻,四川泰隆农业科技有限公司等,湘审稻2014003,湘审稻,2014003,炳1A,四川泰隆农业科技有限公司
湖南,韵两优1308,韵2013S×华恢1308,籼型两系杂交稻,袁隆平农业高科技股份有限公司等,湘审稻20206013,湘审稻,20206013,韵2013S,袁隆平农业高科技股份有限公司
湖南,慧两优210,慧S×R210,籼型两系杂交稻,湖南金健种业科技有限公司等,湘审稻20243001,湘审稻,20243001,慧S,湖南金健种业科技有限公司
河南,信优糯5533,信3122Awx×信糯恢5533,籼型三系杂交稻,信阳市农业科学院,豫审稻2016010,豫审稻,2016010,信3122Awx,信阳市农业科学院
湖北,锦两优228,EK2S×中恢2284,籼型两系杂交稻,中垦锦绣华农武汉科技有限公司等,鄂审稻20244007,鄂审稻,20244007,EK2S,中垦锦绣华农武汉科技有限公司
湖南,五优银占,五丰A×银占,籼型三系杂交稻,湖南永益农业科技发展有限公司等,湘审稻20180034,湘审稻,20180034,五丰A,湖南永益农业科技发展有限公司
湖南,中佳糯,孝早糯08×早糯198,籼型常规稻,湖南金健种业科技有限公司等,湘审稻20170001,湘审稻,20170001,孝早糯08,湖南金健种业科技有限公司
湖南,湘州优918,湘州113A×张恢918,籼型三系杂交稻,张家界市瑞安水稻研究所,湘审稻2009021,湘审稻,2009021,湘州113A,张家界市瑞安水稻研究所
湖南,韵两优5438,韵2013S×华恢5438,籼型两系杂交稻,袁隆平农业高科技股份有限公司等,湘审稻20206012,湘审稻,20206012,韵2013S,袁隆平农业高科技股份有限公司
湖南,玉锋优7068,玉锋18A×华恢7068,籼型三系杂交稻,袁隆平农业高科技股份有限公司等,湘审稻20230025,湘审稻,20230025,玉锋18A,袁隆平农业高科技股份有限公司
湖南,金优967,金23A×泰恢967,籼型三系杂交稻,湖南泰邦农业科技发展有限公司,湘审稻2007011,湘审稻,2007011,金23A,湖南泰邦农业科技发展有限公司
湖南,湘优269,湘丰70A×R269,籼型三系杂交稻,安徽袁粮水稻产业有限公司,湘审稻20170025,湘审稻,20170025,湘丰70A,安徽袁粮水稻产业有限公司
湖南,潭原优4903,潭原A×R4903,籼型三系杂交稻,湘潭市原种场,湘审稻2014002,湘审稻,2014002,潭原A,湘潭市原种场
湖南,硕丰2号,优ⅠB×油菜总DNA,籼型常规稻,湖南省水稻研究所,湘审稻2005002,湘审稻,2005002,优ⅠB,湖南省水稻研究所
湖南,炫两优钰占,华炫302S×钰占,籼型两系杂交稻,袁隆平农业高科技股份有限公司等,湘审稻20226007,湘审稻,20226007,华炫302S,袁隆平农业高科技股份有限公司
湖南,伍两优5368,晶4155S×华恢5368,籼型两系杂交稻,袁隆平农业高科技股份有限公司等,湘审稻20226006,湘审稻,20226006,晶4155S,袁隆平农业高科技股份有限公司
湖南,C两优343,C815S×岳恢9113,籼型两系杂交稻,湖南农业大学等,湘审稻2008031,湘审稻,2008031,C815S,湖南农业大学
湖南,亚华优624,华297A×华恢624,籼型三系杂交稻,湖南亚华种业科学研究院,湘审稻2008030,湘审稻,2008030,华297A,湖南亚华种业科学研究院
湖南,顺优656,顺1A×P656,籼型三系杂交稻,湖南鑫盛华丰种业科技有限公司等,湘审稻20180033,湘审稻,20180033,顺1A,湖南鑫盛华丰种业科技有限公司
湖南,华盛优莉香,华盛A×莉香,籼型三系杂交稻,湖南金色农华种业科技有限公司,湘审稻20210054,湘审稻,20210054,华盛A,湖南金色农华种业科技有限公司
湖南,玉香优164,玉香A×R164,籼型三系杂交稻,湖南隆平高科农平种业有限公司,湘审稻2005035,湘审稻,2005035,玉香A,湖南隆平高科农平种业有限公司
湖南,两优88,HD9802S×R88,籼型两系杂交稻,湖南省贺家山原种场等,湘审稻20200009,湘审稻,20200009,HD9802S,湖南省贺家山原种场
湖南,晖两优1308,华晖217S×华恢1308,籼型两系杂交稻,袁隆平农业高科技股份有限公司等,湘审稻20216016,湘审稻,20216016,华晖217S,袁隆平农业高科技股份有限公司
湖南,嘉早211,嘉早935×Z91-17/嘉早43,籼型常规稻,浙江省嘉兴市农业科学院,湘审稻2005001,湘审稻,2005001,嘉早935,浙江省嘉兴市农业科学院
湖南,K优117,K17A×温恢117,籼型三系杂交稻,浙江省温州市农业科学研究院,湘审稻2007046,湘审稻,2007046,K17A,浙江省温州市农业科学研究院
湖南,泓两优6332,泓92S×R6332,籼型两系杂交稻,湖南兴隆种业有限公司,湘审稻20220027,湘审稻,20220027,泓92S,湖南兴隆种业有限公司
湖南,泰优553,泰丰A×R553,籼型三系杂交稻,湖南金健种业科技有限公司等,湘审稻20190043,湘审稻,20190043,泰丰A,湖南金健种业科技有限公司
湖南,金优238,金23A×R238,籼型三系杂交稻,湖南省怀化市职业技术学院,湘审稻2010036,湘审稻,2010036,金23A,湖南省怀化市职业技术学院
湖南,泰优金华粘,泰丰A×金华粘,籼型三系杂交稻,湖南永益农业科技发展有限公司等,湘审稻20200008,湘审稻,20200008,泰丰A,湖南永益农业科技发展有限公司
湖南,吉优716,吉2A×蜀恢716,籼型三系杂交稻,四川农业大学水稻研究所等,湘审稻2008019,湘审稻,2008019,吉2A,四川农业大学水稻研究所
湖南,盛优2318,盛丰A×R2318,籼型三系杂交稻,湖南鑫盛华丰种业科技有限公司等,湘审稻20180032,湘审稻,20180032,盛丰A,湖南鑫盛华丰种业科技有限公司
湖南,中98-19,嘉育948×嘉兴39,籼型常规稻,中国水稻研究所,湘审稻第333号,湘审稻,333,嘉育948,中国水稻研究所
湖北,汇楚丝苗,汇晶占/��莉丝苗×汇晶占,籼型常规稻,湖北汇楚智生物科技有限公司,鄂审稻20244006,鄂审稻,20244006,汇晶占/��莉丝苗,湖北汇楚智生物科技有限公司
湖南,长优838,长132A×辐恢838,籼型三系杂交稻,四川省农科院作物所,湘审稻2009020,湘审稻,2009020,长132A,四川省农科院作物所
湖南,早优1710,早丰A×R1710,籼型三系杂交稻,湖南省水稻研究所等,湘审稻20190042,湘审稻,20190042,早丰A,湖南省水稻研究所
湖南,麟两优5298,麟S×R5298,籼型两系杂交稻,袁隆平农业高科技股份有限公司等,湘审稻20226005,湘审稻,20226005,麟S,袁隆平农业高科技股份有限公司
湖南,龙两优粤禾丝苗,龙S×粤禾丝苗,籼型两系杂交稻,四川台沃种业有限责任公司等,湘审稻20190032,湘审稻,20190032,龙S,四川台沃种业有限责任公司
湖南,F优498,FS3A×蜀恢498,籼型三系杂交稻,四川农业大学水稻研究所等,湘审稻2009019,湘审稻,2009019,FS3A,四川农业大学水稻研究所
湖北,中泰丝苗,11秋12-3-1×11秋10-3,籼型常规稻,湖北省农业科学院粮食作物研究所等,鄂审稻20244005,鄂审稻,20244005,11秋12-3-1,湖北省农业科学院粮食作物研究所
湖南,振两优3228,振湘S×华恢3228,籼型两系杂交稻,袁隆平农业高科技股份有限公司等,湘审稻20216015,湘审稻,20216015,振湘S,袁隆平农业高科技股份有限公司
湖南,Y两优8号,Y58S×明恢63,籼型两系杂交稻,湖南杂交水稻研究中心,湘审稻2008029,湘审稻,2008029,Y58S,湖南杂交水稻研究中心
湖南,靓两优丝苗,靓S×五山丝苗,籼型两系杂交稻,袁隆平农业高科技股份有限公司等,湘审稻20206011,湘审稻,20206011,靓S,袁隆平农业高科技股份有限公司
湖南,玖两优1208,33S×C1208,籼型两系杂交稻,湖南省水稻研究所等,湘审稻20190041,湘审稻,20190041,33S,湖南省水稻研究所
湖南,锦锋优4183,锦锋102A×华恢4183,籼型三系杂交稻,袁隆平农业高科技股份有限公司等,湘审稻20242023,湘审稻,20242023,锦锋102A,袁隆平农业高科技股份有限公司
湖南,湘早籼4号,湘矮早9号/竹莲矮×竹系26,籼型常规稻,湖南省水稻研究所,湘品审第19号,湘审稻,19,湘矮早9号/竹莲矮,湖南省水稻研究所
湖南,Ⅱ优416,Ⅱ-32A×R416,籼型三系杂交稻,湖南隆平高科农平种业有限公司,湘审稻2004021,湘审稻,2004021,Ⅱ-32A,湖南隆平高科农平种业有限公司
湖南,亢湘优1221,亢湘A×R1221,籼型三系杂交稻,湖南兴隆种业有限公司等,湘审稻20230024,湘审稻,20230024,亢湘A,湖南兴隆种业有限公司
河南,广两优9826,广占63-4s×信丰9826,籼型两系杂交稻,信阳市旺达种业有限公司,豫审稻2016009,豫审稻,2016009,广占63-4s,信阳市旺达种业有限公司
湖南,玉香优261,玉香A×16T-261,籼型三系杂交稻,湖南金健种业科技有限公司等,湘审稻20230023,湘审稻,20230023,玉香A,湖南金健种业科技有限公司
湖南,金优268,金23A×宁恢268,籼型三系杂交稻,湖南希望种业科技有限公司,湘审稻2007010,湘审稻,2007010,金23A,湖南希望种业科技有限公司
湖南,D优3527,D35A×蜀恢527,籼型三系杂交稻,四川农业大学水稻研究所等,湘审稻2007045,湘审稻,2007045,D35A,四川农业大学水稻研究所
湖南,平两优5号,平S×R2056,籼型两系杂交稻,袁隆平农业高科技股份有限公司等,湘审稻20226004,湘审稻,20226004,平S,袁隆平农业高科技股份有限公司
湖南,莉优丝苗,莉1A×源丝苗1,籼型三系杂交稻,湖南金源种业有限公司,湘审稻20210053,湘审稻,20210053,莉1A,湖南金源种业有限公司
湖南,金优640,金23A×R640,籼型三系杂交稻,湖南杂交水稻研究中心,湘审稻2005034,湘审稻,2005034,金23A,湖南杂交水稻研究中心
湖南,Ⅱ优5号,Ⅱ-32A×海恢5号,籼型三系杂交稻,海南神农大丰种业科技股份有限公司,湘审稻2009018,湘审稻,2009018,Ⅱ-32A,海南神农大丰种业科技股份有限公司
湖南,恒丰优金丝苗,恒丰A×金丝苗,籼型三系杂交稻,广东粤良种业有限公司,湘审稻20200007,湘审稻,20200007,恒丰A,广东粤良种业有限公司
湖南,安优390,安丰A×广恢390,籼型三系杂交稻,湖南优至种业有限公司等,湘审稻20180031,湘审稻,20180031,安丰A,湖南优至种业有限公司
湖南,俱两优6955,俱S×R6955,籼型两系杂交稻,湖南兴隆种业有限公司等,湘审稻20230022,湘审稻,20230022,俱S,湖南兴隆种业有限公司
湖南,深优5620,深95A×R5620,籼型三系杂交稻,湖南鑫盛华丰种业科技有限公司等,湘审稻20170024,湘审稻,20170024,深95A,湖南鑫盛华丰种业科技有限公司
湖南,泓两优50125,泓92S×R50125,籼型两系杂交稻,湖南兴隆种业有限公司,湘审稻20220026,湘审稻,20220026,泓92S,湖南兴隆种业有限公司
湖南,两优早17,9771S×中嘉早17,籼型两系杂交稻,湖南金健种业科技有限公司,湘审稻2014001,湘审稻,2014001,9771S,湖南金健种业科技有限公司
湖南,臻两优3703,隆臻36S×华恢3703,籼型两系杂交稻,袁隆平农业高科技股份有限公司等,湘审稻20206010,湘审稻,20206010,隆臻36S,袁隆平农业高科技股份有限公司
湖南,冈优827,G2480A×蜀恢527,籼型三系杂交稻,四川农业大学水稻研究所,湘审稻2008018,湘审稻,2008018,G2480A,四川农业大学水稻研究所
湖南,九优8号,898A×常恢117,籼型三系杂交稻,湖南金健种业有限责任公司等,湘审稻2007044,湘审稻,2007044,898A,湖南金健种业有限责任公司
湖南,农富优1号,农富A×湘恢299,籼型三系杂交稻,湖南农富种子有限公司,湘审稻2007043,湘审稻,2007043,农富A,湖南农富种子有限公司
湖南,五优玉占,五丰A×玉占,籼型三系杂交稻,湖南恒德种业科技有限公司等,湘审稻20180030,湘审稻,20180030,五丰A,湖南恒德种业科技有限公司
湖南,晶两优1377,晶4155S×R1377,籼型两系杂交稻,袁隆平农业高科技股份有限公司等,湘审稻20180029,湘审稻,20180029,晶4155S,袁隆平农业高科技股份有限公司
湖南,雁农S,3714,籼型不育系,衡阳市农业科学研究所,湘品审第313号,湘审稻,313,3714,衡阳市农业科学研究所
湖南,扬泰优9088,扬泰A×华恢9088,籼型三系杂交稻,袁隆平农业高科技股份有限公司等,湘审稻20242022,湘审稻,20242022,扬泰A,袁隆平农业高科技股份有限公司
湖南,金优498,金23A×R498,籼型三系杂交稻,湖南省水稻研究所,湘审稻2010035,湘审稻,2010035,金23A,湖南省水稻研究所
湖南,两优887,1892S×R887,籼型两系杂交稻,湖南湘穗种业有限责任公司,湘审稻20190040,湘审稻,20190040,1892S,湖南湘穗种业有限责任公司
湖南,润两优414,润928S×正恢414,籼型两系杂交稻,湖南正隆农业科技有限公司,湘审稻20190031,湘审稻,20190031,润928S,湖南正隆农业科技有限公司
湖南,亢湘优3109,亢湘A×R3109,籼型三系杂交稻,湖南兴隆种业有限公司等,湘审稻20230021,湘审稻,20230021,亢湘A,湖南兴隆种业有限公司
湖南,慧两优261,慧S×16T-261,籼型两系杂交稻,湖南金健种业科技有限公司等,湘审稻20230020,湘审稻,20230020,慧S,湖南金健种业科技有限公司
湖南,彰两优4832,彰S×R4832,籼型两系杂交稻,湖南兴隆种业有限公司等,湘审稻20230019,湘审稻,20230019,彰S,湖南兴隆种业有限公司
湖南,振两优9096,振湘S×华恢9096,籼型两系杂交稻,袁隆平农业高科技股份有限公司等,湘审稻20242024,湘审稻,20242024,振湘S,袁隆平农业高科技股份有限公司
湖南,Ⅱ优818,Ⅱ-32A×R818,籼型三系杂交稻,湘西民族职业技术学院,湘审稻2009017,湘审稻,2009017,Ⅱ-32A,湘西民族职业技术学院
湖南,生两优273,生730S×R273,籼型两系杂交稻,湖南杂交水稻研究中心,湘审稻20200006,湘审稻,20200006,生730S,湖南杂交水稻研究中心
湖南,协优716,协青早A×蜀恢716,籼型三系杂交稻,四川农业大学水稻所等,湘审稻2004020,湘审稻,2004020,协青早A,四川农业大学水稻所
湖南,Ⅱ优372,Ⅱ-32A×R372,籼型三系杂交稻,湖南希望种业科技有限公司,湘审稻2008028,湘审稻,2008028,Ⅱ-32A,湖南希望种业科技有限公司
湖南,海丰优66,海丰1S×G66,籼型两系杂交稻,海南神农大丰种业科技股份有限公司,湘审稻2007009,湘审稻,2007009,海丰1S,海南神农大丰种业科技股份有限公司
湖南,金优540,金23A×常恢540,籼型三系杂交稻,湖南金健种业有限责任公司等,湘审稻2005033,湘审稻,2005033,金23A,湖南金健种业有限责任公司
湖南,两优527,1161S×蜀恢527,籼型两系杂交稻,湖南隆平高科农平种业有限公司,湘审稻2007042,湘审稻,2007042,1161S,湖南隆平高科农平种业有限公司
湖南,隆两优3817,隆科638S×华恢3817,籼型两系杂交稻,袁隆平农业高科技股份有限公司等,湘审稻20206009,湘审稻,20206009,隆科638S,袁隆平农业高科技股份有限公司
湖南,Y两优7号,Y58S×R163,籼型两系杂交稻,湖南杂交水稻研究中心,湘审稻2008017,湘审稻,2008017,Y58S,湖南杂交水稻研究中心
湖南,陵两优674,湘陵628S×华674,籼型两系杂交稻,袁隆平农业高科技股份有限公司等,湘审稻2011005,湘审稻,2011005,湘陵628S,袁隆平农业高科技股份有限公司
湖南,臻两优泰丝,隆臻36S×泰丝,籼型两系杂交稻,袁隆平农业高科技股份有限公司等,湘审稻20216014,湘审稻,20216014,隆臻36S,袁隆平农业高科技股份有限公司
湖南,威优64,威20A×测64-7,籼型三系杂交稻,湖南省安江农业学校等,湘品审第8号,湘审稻,8,威20A,湖南省安江农业学校
河南,Y两优188,Y58S×R18,籼型两系杂交稻,北京北农睿丰农业科技有限公司,豫审稻2016008,豫审稻,2016008,Y58S,北京北农睿丰农业科技有限公司
湖南,糯1A,T98A×糯1B,籼型不育系,湖南隆平种业有限公司,湘审稻2016029,湘审稻,2016029,T98A,湖南隆平种业有限公司
湖南,科两优华占,科S×华占,籼型两系杂交稻,北京金色农华种业科技股份有限公司,湘审稻20180028,湘审稻,20180028,科S,北京金色农华种业科技股份有限公司
湖南,福优527,福伊A×蜀恢527,籼型三系杂交稻,四川农业大学水稻所等,湘审稻2004019,湘审稻,2004019,福伊A,四川农业大学水稻所
湖南,美两优晶银占,美11S×晶银占1,籼型两系杂交稻,湖南金源种业有限公司,湘审稻20190030,湘审稻,20190030,美11S,湖南金源种业有限公司
湖南,臻两优3485,隆臻36S×华恢3485,籼型两系杂交稻,袁隆平农业高科技股份有限公司等,湘审稻20226003,湘审稻,20226003,隆臻36S,袁隆平农业高科技股份有限公司
湖南,和丰优6377,和丰A×R6377,籼型三系杂交稻,广东和丰种业科技有限公司等,湘审稻2016013,湘审稻,2016013,和丰A,广东和丰种业科技有限公司
湖南,甬优4953,甬粳49A×F6853,籼粳交三系杂交稻,宁波市种子有限公司,湘审稻20190039,湘审稻,20190039,甬粳49A,宁波市种子有限公司
湖南,仁5优1号,仁5A×益恢1号,籼型三系杂交稻,湖南永益农业科技发展有限公司等,湘审稻20170023,湘审稻,20170023,仁5A,湖南永益农业科技发展有限公司
湖南,韵两优332,韵2013S×W332,籼型两系杂交稻,湖南隆平种业有限公司等,湘审稻20180027,湘审稻,20180027,韵2013S,湖南隆平种业有限公司
湖南,深优513,深95A×R513,籼型三系杂交稻,湖南农业大学等,湘审稻2015030,湘审稻,2015030,深95A,湖南农业大学
湖南,隆香优7号,隆香634A×a-7,籼型三系杂交稻,湖南隆平种业有限公司等,湘审稻2015029,湘审稻,2015029,隆香634A,湖南隆平种业有限公司
湖南,玖两优47,33S×R47,籼型两系杂交稻,湖南省水稻研究所,湘审稻2015028,湘审稻,2015028,33S,湖南省水稻研究所
湖南,玖两优3号,33S×先恢207,籼型两系杂交稻,湖南省水稻研究所等,湘审稻2015027,湘审稻,2015027,33S,湖南省水稻研究所
湖北,中农天香,合丰油占/银香B×19香,籼型常规稻,武汉市香润农业科技开发有限公司等,鄂审稻20244004,鄂审稻,20244004,合丰油占/银香B,武汉市香润农业科技开发有限公司
湖南,隆香634A,丰源A×隆香634B,籼型不育系,袁隆平农业高科技股份有限公司,湘审稻2013033,湘审稻,2013033,丰源A,袁隆平农业高科技股份有限公司
湖南,丰华占,丰八占×华丝占,籼型常规稻,广东省农业科学院水稻研究所,湘审稻2007041,湘审稻,2007041,丰八占,广东省农业科学院水稻研究所
湖南,扬泰优5221,扬泰A×华恢5221,籼型三系杂交稻,袁隆平农业高科技股份有限公司等,湘审稻20242021,湘审稻,20242021,扬泰A,袁隆平农业高科技股份有限公司
湖南,隆两优1308,隆科638S×华恢1308,籼型两系杂交稻,湖南亚华种业科学研究院,湘审稻20180026,湘审稻,20180026,隆科638S,湖南亚华种业科学研究院
湖南,炫两优8736,华炫302S×华恢8736,籼型两系杂交稻,袁隆平农业高科技股份有限公司等,湘审稻20216013,湘审稻,20216013,华炫302S,袁隆平农业高科技股份有限公司
湖南,荃优607,荃9311A×中种R1607,籼型三系杂交稻,中国种子集团有限公司等,湘审稻20200005,湘审稻,20200005,荃9311A,中国种子集团有限公司
湖南,臻两优2646,隆臻36S×华恢2646,籼型两系杂交稻,袁隆平农业高科技股份有限公司等,湘审稻20226002,湘审稻,20226002,隆臻36S,袁隆平农业高科技股份有限公司
湖南,中两优19,中丰S2×金丰19,籼型两系杂交稻,袁氏种业高科技有限公司,湘审稻20220025,湘审稻,20220025,中丰S2,袁氏种业高科技有限公司
湖南,陆两优1733,陆18S×R1733,籼型两系杂交稻,中国水稻研究所等,湘审稻2011004,湘审稻,2011004,陆18S,中国水稻研究所
湖南,玮两优倩丝,华玮338S×倩丝,籼型两系杂交稻,袁隆平农业高科技股份有限公司等,湘审稻20216012,湘审稻,20216012,华玮338S,袁隆平农业高科技股份有限公司
湖南,民兴优4876,民兴A×R4876,籼型三系杂交稻,湖南兴隆种业有限公司等,湘审稻20230018,湘审稻,20230018,民兴A,湖南兴隆种业有限公司
湖南,建优2号,建A×R2,籼型三系杂交稻,永州伊园科技有限公司等,湘审稻2015026,湘审稻,2015026,建A,永州伊园科技有限公司
湖南,盛丰A,岳4A×盛丰B,籼型不育系,湖南省水稻研究所,湘审稻2016028,湘审稻,2016028,岳4A,湖南省水稻研究所
河南,Y两优808,Y58S×豪恢808,籼型两系杂交稻,安徽国豪农业科技有限公司,豫审稻2016007,豫审稻,2016007,Y58S,安徽国豪农业科技有限公司
湖南,陆两优106,陆18S×K106,籼型两系杂交稻,黔东南州农业科学研究所等,湘审稻2004018,湘审稻,2004018,陆18S,黔东南州农业科学研究所
湖北,华莘320,华润2号×华3234,籼型常规稻,华中农业大学等,鄂审稻20244003,鄂审稻,20244003,华润2号,华中农业大学
湖南,威优35,威20A×二六窄早,籼型三系杂交稻,湖南省贺家山原种场等,湘品审第7号,湘审稻,7,威20A,湖南省贺家山原种场
湖南,德1S,株1S/R402×Lemont,籼型不育系,北京德农种业有限公司,湘审稻2013032,湘审稻,2013032,株1S/R402,北京德农种业有限公司
湖南,扬泰优5046,扬泰A×华恢5046,籼型三系杂交稻,袁隆平农业高科技股份有限公司等,湘审稻20242020,湘审稻,20242020,扬泰A,袁隆平农业高科技股份有限公司
湖南,C两优4418,C815S×R218,籼型两系杂交稻,湖南农业大学等,湘审稻2008016,湘审稻,2008016,C815S,湖南农业大学
湖南,Ⅱ优1681,Ⅱ-32A×R1681,籼型三系杂交稻,湖南省湘西自治州农业科学研究所,湘审稻2009016,湘审稻,2009016,Ⅱ-32A,湖南省湘西自治州农业科学研究所
湖南,玮两优0481,华玮338S×华恢0481,籼型两系杂交稻,袁隆平农业高科技股份有限公司等,湘审稻20226001,湘审稻,20226001,华玮338S,袁隆平农业高科技股份有限公司
湖南,创两优450,创5S×R450,籼型两系杂交稻,湖南鑫盛华丰种业科技有限公司等,湘审稻20190029,湘审稻,20190029,创5S,湖南鑫盛华丰种业科技有限公司
湖南,康201S,安湘S×12119,籼型不育系,湖南农业大学水稻研究所,湘品审第312号,湘审稻,312,安湘S,湖南农业大学水稻研究所
湖南,五优613,五丰A×粤恢613,籼型三系杂交稻,广东省农业科学院水稻研究所等,湘审稻2013031,湘审稻,2013031,五丰A,广东省农业科学院水稻研究所
湖南,亘两优4832,亘S×R4832,籼型两系杂交稻,湖南兴隆种业有限公司等,湘审稻20230017,湘审稻,20230017,亘S,湖南兴隆种业有限公司
湖南,呈两优464,呈391S×XC464,籼型两系杂交稻,中国种子集团有限公司等,湘审稻20220024,湘审稻,20220024,呈391S,中国种子集团有限公司
湖南,垦优18,垦丰A×惠恢18,籼型三系杂交稻,湖南垦惠商业化育种有限责任公司等,湘审稻20210052,湘审稻,20210052,垦丰A,湖南垦惠商业化育种有限责任公司
湖南,深优9588,深95A×R588,籼型三系杂交稻,国家杂交水稻工程技术研究中心清华深圳龙岗研究所,湘审稻2010034,湘审稻,2010034,深95A,国家杂交水稻工程技术研究中心清华深圳龙岗研究所
湖南,旌优607,德1A×中种R1607,籼型三系杂交稻,中国种子集团有限公司等,湘审稻20200004,湘审稻,20200004,德1A,中国种子集团有限公司
湖南,丰源优227,丰源A×湘恢227,籼型三系杂交稻,湖南杂交水稻研究中心,湘审稻2005032,湘审稻,2005032,丰源A,湖南杂交水稻研究中心
湖南,奥两优69,奥龙1S×R69,籼型两系杂交稻,湖南怀化奥谱隆作物育种工程研究所,湘审稻2008027,湘审稻,2008027,奥龙1S,湖南怀化奥谱隆作物育种工程研究所
湖南,隆8优1308,隆8A×华恢1308,籼型三系杂交稻,袁隆平农业高科技股份有限公司等,湘审稻20206008,湘审稻,20206008,隆8A,袁隆平农业高科技股份有限公司
湖南,荃优113,荃9311A×华恢113,籼型三系杂交稻,湖南隆平高科种业科学研究有限公司等,湘审稻20180025,湘审稻,20180025,荃9311A,湖南隆平高科种业科学研究有限公司
湖南,糯1优687,糯1A×R687,籼型三系杂交稻,湖南隆平种业有限公司,湘审稻2016012,湘审稻,2016012,糯1A,湖南隆平种业有限公司
湖南,D两优311,HD9802S×R311,籼型两系杂交稻,湖南湘穗种业有限责任公司等,湘审稻20170022,湘审稻,20170022,HD9802S,湖南湘穗种业有限责任公司
河南,Y两优886,Y88S×益恢66,籼型两系杂交稻,河南农业大学,豫审稻2016006,豫审稻,2016006,Y88S,河南农业大学
湖南,T98A,V20A×T98B,籼型不育系,湖南杂交水稻研究中心,湘品审第311号,湘审稻,311,V20A,湖南杂交水稻研究中心
湖南,象牙香珍,象牙香占×玉针香,籼型常规稻,湖南金稻种业有限公司,湘审稻2013030,湘审稻,2013030,象牙香占,湖南金稻种业有限公司
湖南,家60A,中浙A×家60B,籼型不育系,湖南省贺家山原种场,湘审稻2016027,湘审稻,2016027,中浙A,湖南省贺家山原种场
湖南,新香优118,新香A×R118,籼型三系杂交稻,湖南省永州市农业科学研究所,湘审稻2005031,湘审稻,2005031,新香A,湖南省永州市农业科学研究所
湖南,平两优丝苗,平S×五山丝苗,籼型两系杂交稻,袁隆平农业高科技股份有限公司等,湘审稻20206007,湘审稻,20206007,平S,袁隆平农业高科技股份有限公司
湖南,湘中籼1号,Tetep×珍龙13,籼型常规稻,湖南省湘西自治州农科所,湘品审第6号,湘审稻,6,Tetep,湖南省湘西自治州农科所
湖南,Ⅱ优640,Ⅱ-32A×R640,籼型三系杂交稻,湖南杂交水稻研究中心,湘审稻2004017,湘审稻,2004017,Ⅱ-32A,湖南杂交水稻研究中心
湖南,华香优69,华香A×华恢69,籼型三系杂交稻,湖南亚华种业科学研究院,湘审稻2013029,湘审稻,2013029,华香A,湖南亚华种业科学研究院
湖南,湘晚籼16号,优丰179×97早品120,籼型常规稻,湖南省水稻研究所,湘审稻2007040,湘审稻,2007040,优丰179,湖南省水稻研究所
湖南,浙辐802,四梅2号,籼型常规稻,浙江农业大学原子核农学研究所等,湘品审第5号,湘审稻,5,四梅2号,浙江农业大学原子核农学研究所
湖南,湘早糯1号,IR29×温选青,籼型常规稻,湖南省原子能农业应用研究所,湘品审第4号,湘审稻,4,IR29,湖南省原子能农业应用研究所
湖南,纯两优5306,纯S×R5306,籼型两系杂交稻,湖南兴隆种业有限公司等,湘审稻20230016,湘审稻,20230016,纯S,湖南兴隆种业有限公司
湖南,深两优813,深08S×R1135,籼型两系杂交稻,湖南泰邦农业科技股份有限公司,湘审稻20170021,湘审稻,20170021,深08S,湖南泰邦农业科技股份有限公司
湖南,扬泰优1219,扬泰A×华恢1219,籼型三系杂交稻,袁隆平农业高科技股份有限公司等,湘审稻20242019,湘审稻,20242019,扬泰A,袁隆平农业高科技股份有限公司
湖南,��两优钰占,华��513S×钰占,籼型两系杂交稻,袁隆平农业高科技股份有限公司等,湘审稻20242018,湘审稻,20242018,华��513S,袁隆平农业高科技股份有限公司
湖南,飓两优6号,飓820S×华恢2268,籼型两系杂交稻,袁隆平农业高科技股份有限公司等,湘审稻20242017,湘审稻,20242017,飓820S,袁隆平农业高科技股份有限公司
湖南,亚华优451,华297A×华恢451,籼型三系杂交稻,湖南亚华种业科学研究院,湘审稻2007039,湘审稻,2007039,华297A,湖南亚华种业科学研究院
湖南,民两优华占,民丰520S×华占,籼型两系杂交稻,怀化职业技术学院,湘审稻20200003,湘审稻,20200003,民丰520S,怀化职业技术学院
湖南,H优7601,H28A×R7601,籼型三系杂交稻,湖南省水稻研究所等,湘审稻2015025,湘审稻,2015025,H28A,湖南省水稻研究所
湖南,恒优758,恒丰A×R758,籼型三系杂交稻,新余市农业科学研究所等,湘审稻20170020,湘审稻,20170020,恒丰A,新余市农业科学研究所
湖南,株两优10,株1S×AP,籼型两系杂交稻,株洲市农业科学研究所,湘审稻2011003,湘审稻,2011003,株1S,株洲市农业科学研究所
湖南,Y两优170,Y58S×R170,籼型两系杂交稻,湖南佳和种业股份有限公司等,湘审稻20190028,湘审稻,20190028,Y58S,湖南佳和种业股份有限公司
湖南,华浙优281,华浙2A×健R28,籼型三系杂交稻,湖南金健种业科技有限公司等,湘审稻20220023,湘审稻,20220023,华浙2A,湖南金健种业科技有限公司
湖南,惠湘优玉晶,惠湘A×H1721,籼型三系杂交稻,湖南垦惠商业化育种有限责任公司等,湘审稻20210051,湘审稻,20210051,惠湘A,湖南垦惠商业化育种有限责任公司
湖南,湘早籼16号,湘早籼3号×浙辐802,籼型常规稻,湖南省水稻研究所,湘品审第141号,湘审稻,141,湘早籼3号,湖南省水稻研究所
湖北,明优洪晶,明1A×洪晶827,籼型三系杂交稻,湖北垄上缘种业科技有限公司等,鄂审稻20244002,鄂审稻,20244002,明1A,湖北垄上缘种业科技有限公司
湖南,青香优健香丝苗,青香A×健香丝苗,籼型三系杂交稻,湖南永益农业科技发展有限公司等,湘审稻20220063,湘审稻,20220063,青香A,湖南永益农业科技发展有限公司
湖南,深两优1124,深08S×恢1124,籼型两系杂交稻,湖南鑫盛华丰种业科技有限公司等,湘审稻20190027,湘审稻,20190027,深08S,湖南鑫盛华丰种业科技有限公司
湖南,湘8A,威20A×湘8B,籼型不育系,湖南杂交水稻研究中心,湘品审第310号,湘审稻,310,威20A,湖南杂交水稻研究中心
湖南,中浙优1号,中浙A×航恢570,籼型三系杂交稻,中国水稻研究所等,湘审稻2008026,湘审稻,2008026,中浙A,中国水稻研究所
湖南,金优601,金23A×R601,籼型三系杂交稻,海南神农大丰种业科技股份有限公司湖南分公司,湘审稻2005030,湘审稻,2005030,金23A,海南神农大丰种业科技股份有限公司湖南分公司
湖南,臻两优华宝,隆臻36S×华宝,籼型两系杂交稻,湖南亚华种业科学研究院等,湘审稻20220022,湘审稻,20220022,隆臻36S,湖南亚华种业科学研究院
湖南,丰优527,丰源A×蜀恢527,籼型三系杂交稻,湖南隆平高科农平种业有限公司,湘审稻2007038,湘审稻,2007038,丰源A,湖南隆平高科农平种业有限公司
湖南,粮两优芸占,粮98S×R芸占,籼型两系杂交稻,湖南粮安种业科技股份有限公司等,湘审稻20200002,湘审稻,20200002,粮98S,湖南粮安种业科技股份有限公司
湖南,柒两优785,株712S×R785,籼型两系杂交稻,湖南杂交水稻研究中心等,湘审稻20200001,湘审稻,20200001,株712S,湖南杂交水稻研究中心
河南,科两优9,科S×湘恢112-9,籼型两系杂交稻,湖南科裕隆种业有限公司,豫审稻2016005,豫审稻,2016005,科S,湖南科裕隆种业有限公司
湖南,俊两优黄莉占,俊S×黄莉占,籼型两系杂交稻,袁隆平农业高科技股份有限公司等,湘审稻20206006,湘审稻,20206006,俊S,袁隆平农业高科技股份有限公司
湖南,金优179,金23A×R179,籼型三系杂交稻,湖南怀化职业技术学院等,湘审稻2004016,湘审稻,2004016,金23A,湖南怀化职业技术学院
湖南,C815S,5SH038×培矮64S,籼型不育系,湖南农业大学水稻科学研究所,湘审稻2004015,湘审稻,2004015,5SH038,湖南农业大学水稻科学研究所
湖南,隆科丝苗19号,黄广油占/6708×R1212,籼型常规稻,袁隆平农业高科技股份有限公司等,湘审稻20242016,湘审稻,20242016,黄广油占/6708,袁隆平农业高科技股份有限公司
湖南,振两优6246,振湘S×华恢6246,籼型两系杂交稻,袁隆平农业高科技股份有限公司等,湘审稻20216011,湘审稻,20216011,振湘S,袁隆平农业高科技股份有限公司
湖南,云峰S,535-6-18S×广占63-4S,籼型不育系,湖南奥谱隆科技股份有限公司,湘审稻2016026,湘审稻,2016026,535-6-18S,湖南奥谱隆科技股份有限公司
湖南,金优怀340,金23A×怀恢340,籼型三系杂交稻,湖南省怀化市农业科学研究所,湘审稻2008015,湘审稻,2008015,金23A,湖南省怀化市农业科学研究所
湖南,隆两优1019,隆科638S×华恢1019,籼型两系杂交稻,袁隆平农业高科技股份有限公司等,湘审稻20180024,湘审稻,20180024,隆科638S,袁隆平农业高科技股份有限公司
湖南,株两优729,株1S×E7299,籼型两系杂交稻,湖南省水稻研究所等,湘审稻2011002,湘审稻,2011002,株1S,湖南省水稻研究所
湖南,金优怀210,金23A×怀恢210,籼型三系杂交稻,怀化市农业科学研究所,湘审稻2009015,湘审稻,2009015,金23A,怀化市农业科学研究所
湖南,臻两优1206,隆臻36S×R1206,籼型两系杂交稻,袁隆平农业高科技股份有限公司等,湘审稻20230015,湘审稻,20230015,隆臻36S,袁隆平农业高科技股份有限公司
湖南,炫两优8749,华炫302S×华恢8749,籼型两系杂交稻,袁隆平农业高科技股份有限公司等,湘审稻20216010,湘审稻,20216010,华炫302S,袁隆平农业高科技股份有限公司
湖南,两优1876,绿丰009S×R1876,籼型两系杂交稻,湖南绿丰种业科技有限公司,湘审稻2016011,湘审稻,2016011,绿丰009S,湖南绿丰种业科技有限公司
湖南,D两优71,HD9802S×R71,籼型两系杂交稻,湖南省贺家山原种场等,湘审稻2015024,湘审稻,2015024,HD9802S,湖南省贺家山原种场
湖南,甬优6760,甬粳67A×F6860,籼粳交三系杂交稻,宁波市种子有限公司,湘审稻20190026,湘审稻,20190026,甬粳67A,宁波市种子有限公司
湖南,湘晚籼5号,80-66×矮黑粘,籼型常规稻,湖南省水稻研究所,湘品审第140号,湘审稻,140,80-66,湖南省水稻研究所
湖南,湘早籼3号,IR36×广解9号,籼型常规稻,湖南省水稻研究所,湘品审第3号,湘审稻,3,IR36,湖南省水稻研究所
湖南,八两优18,安农标810S×R18,籼型两系杂交稻,湖南怀化奥谱隆作物育种工程研究所,湘审稻2007008,湘审稻,2007008,安农标810S,湖南怀化奥谱隆作物育种工程研究所
河南,Y两优800,Y58S×R800,籼型两系杂交稻,创世纪种业有限公司等,豫审稻2016004,豫审稻,2016004,Y58S,创世纪种业有限公司
湖南,粤王丝苗,021RP繁6×双珍占,籼型常规稻,广东农业科学院水稻研究所等,湘审稻2013028,湘审稻,2013028,021RP繁6,广东农业科学院水稻研究所
湖南,资优072,资100A×R072,籼型三系杂交稻,湖南农业大学等,湘审稻2010033,湘审稻,2010033,资100A,湖南农业大学
湖南,佳优长晶,华占×玉针香,籼型常规稻,湖南佳和种业股份有限公司等,湘审稻20210050,湘审稻,20210050,华占,湖南佳和种业股份有限公司
湖南,莉晶优4945,莉晶A×R4945,籼型三系杂交稻,袁隆平农业高科技股份有限公司等,湘审稻20206005,湘审稻,20206005,莉晶A,袁隆平农业高科技股份有限公司
湖北,香两优67,荆香1S×R967,籼型两系杂交稻,武汉科珈种业科技有限公司等,鄂审稻20244001,鄂审稻,20244001,荆香1S,武汉科珈种业科技有限公司
湖南,盛优1314,盛丰A×R1314,籼型三系杂交稻,湖南鑫盛华丰种业科技有限公司等,湘审稻20220062,湘审稻,20220062,盛丰A,湖南鑫盛华丰种业科技有限公司
湖南,湘两优1号,广湘24S×R05-1,籼型两系杂交稻,湖南杂交水稻研究中心等,湘审稻2015023,湘审稻,2015023,广湘24S,湖南杂交水稻研究中心
湖南,Y两优302,Y58S×F302,籼型两系杂交稻,长沙年丰种业有限公司等,湘审稻2008025,湘审稻,2008025,Y58S,长沙年丰种业有限公司
湖南,悦两优2056,华悦468S×R2056,籼型两系杂交稻,袁隆平农业高科技股份有限公司等,湘审稻20216009,湘审稻,20216009,华悦468S,袁隆平农业高科技股份有限公司
湖南,丰源A,威20A×丰源B,籼型不育系,湖南杂交水稻研究中心,湘品审第309号,湘审稻,309,威20A,湖南杂交水稻研究中心
湖南,C两优260,C815S×R260,籼型两系杂交稻,江西先农种业有限公司等,湘审稻20180023,湘审稻,20180023,C815S,江西先农种业有限公司
湖南,锦4128S,湘陵628S×株1S,籼型不育系,湖南亚华种业科学研究院,湘审稻2016025,湘审稻,2016025,湘陵628S,湖南亚华种业科学研究院
湖南,臻两优1988,隆臻36S×R1988,籼型两系杂交稻,袁隆平农业高科技股份有限公司等,湘审稻20220021,湘审稻,20220021,隆臻36S,袁隆平农业高科技股份有限公司
湖南,T优109,T98A×湘选恢109,籼型三系杂交稻,湖南省水稻研究所,湘审稻2007037,湘审稻,2007037,T98A,湖南省水稻研究所
湖南,T优180,T98A×R180,籼型三系杂交稻,湖南农业大学,湘审稻2005029,湘审稻,2005029,T98A,湖南农业大学
湖南,彩慧黑糯,湘晚籼12号×黑糯110,籼型常规稻,湖南五彩农业科技发展有限公司,湘审稻20190077,湘审稻,20190077,湘晚籼12号,湖南五彩农业科技发展有限公司
湖南,湘晚籼13号,湘晚籼5号×湘晚籼6号,籼型常规稻,湖南省水稻研究所等,湘品审第308号,湘审稻,308,湘晚籼5号,湖南省水稻研究所
湖南,晶两优华占,晶4155S×华占,籼型两系杂交稻,袁隆平农业高科技股份有限公司等,湘审稻2015022,湘审稻,2015022,晶4155S,袁隆平农业高科技股份有限公司
河南,信粳18,方欣1号×镇稻88,粳型常规稻,信阳市农业科学院,豫审稻2016003,豫审稻,2016003,方欣1号,信阳市农业科学院
湖南,H28A,金23A×H28B,籼型不育系,衡阳市农业科学研究所,湘审稻2004014,湘审稻,2004014,金23A,衡阳市农业科学研究所
湖南,湘晚籼12号,92W93×GER-3,籼型常规稻,湖南省水稻研究所,湘品审第307号,湘审稻,307,92W93,湖南省水稻研究所
湖南,两优培特,培矮64S×特青,籼型两系杂交稻,湖南杂交水稻研究中心,湘品审第139号,湘审稻,139,培矮64S,湖南杂交水稻研究中心
湖南,优Ⅰ77,优ⅠA×明恢77,籼型三系杂交稻,湖南杂交水稻研究中心,湘品审第138号,湘审稻,138,优ⅠA,湖南杂交水稻研究中心
湖南,晶两优1252,晶4155S×华恢1252,籼型两系杂交稻,袁隆平农业高科技股份有限公司等,湘审稻20180022,湘审稻,20180022,晶4155S,袁隆平农业高科技股份有限公司
湖南,美优华占,美1A×华占,籼型三系杂交稻,湖南金源种业有限公司,湘审稻20190076,湘审稻,20190076,美1A,湖南金源种业有限公司
湖南,湘早籼33号,怀5882-5×超丰早1号,籼型常规稻,湖南农业大学水稻研究所,湘品审第306号,湘审稻,306,怀5882-5,湖南农业大学水稻研究所
湖南,Z两优68,Z9s×D68,籼型两系杂交稻,郴州市农业科学研究所,湘审稻2007007,湘审稻,2007007,Z9s,郴州市农业科学研究所
湖南,湘州优H104,湘州113A×州恢H104,籼型三系杂交稻,湘西自治州农业科学研究所等,湘审稻2008014,湘审稻,2008014,湘州113A,湘西自治州农业科学研究所
湖南,湘早籼32号,湘早籼11号×湘早籼17号,籼型常规稻,湖南省水稻研究所,湘品审第305号,湘审稻,305,湘早籼11号,湖南省水稻研究所
湖南,潭两优143,潭农S×湘早143,籼型两系杂交稻,湘潭市农业科学研究所等,湘审稻2011001,湘审稻,2011001,潭农S,湘潭市农业科学研究所
湖南,天龙香103,农香16×优丰162,籼型常规稻,湖南省水稻研究所等,湘审稻2005028,湘审稻,2005028,农香16,湖南省水稻研究所
湖南,隆晶优8129,隆晶4302A×华恢8129,籼型三系杂交稻,袁隆平农业高科技股份有限公司等,湘审稻20190075,湘审稻,20190075,隆晶4302A,袁隆平农业高科技股份有限公司
湖南,振两优钰占,振湘S×钰占,籼型两系杂交稻,袁隆平农业高科技股份有限公司等,湘审稻20216008,湘审稻,20216008,振湘S,袁隆平农业高科技股份有限公司
湖南,泰优390,泰丰A×广恢390,籼型三系杂交稻,湖南金稻种业有限公司等,湘审稻2013027,湘审稻,2013027,泰丰A,湖南金稻种业有限公司
湖南,誉两优4042,华誉568S×华恢4042,籼型两系杂交稻,袁隆平农业高科技股份有限公司等,湘审稻20242015,湘审稻,20242015,华誉568S,袁隆平农业高科技股份有限公司
湖南,捷两优8612,华捷221S×华恢8612,籼型两系杂交稻,袁隆平农业高科技股份有限公司等,湘审稻20206004,湘审稻,20206004,华捷221S,袁隆平农业高科技股份有限公司
湖南,湘早籼2号,湘矮早9号×温选10号,籼型常规稻,湖南省农学院,湘品审第2号,湘审稻,2,湘矮早9号,湖南省农学院
湖南,望两优147,望S×望恢147,籼型两系杂交稻,湖南希望种业科技股份有限公司等,湘审稻20180021,湘审稻,20180021,望S,湖南希望种业科技股份有限公司
湖南,H优518,H28A×51084,籼型三系杂交稻,湖南农业大学等,湘审稻2010032,湘审稻,2010032,H28A,湖南农业大学
河南,新稻69,新稻18号×苏北9号,粳型常规稻,新乡市农业科学院,豫审稻2016002,豫审稻,2016002,新稻18号,新乡市农业科学院
湖南,绿丰009S,Y58S×龙S,籼型不育系,湖南绿丰种业科技有限公司,湘审稻2016024,湘审稻,2016024,Y58S,湖南绿丰种业科技有限公司
湖南,L优科农98,LTA×198,籼型三系杂交稻,四川科农种业有限责任公司,湘审稻2008024,湘审稻,2008024,LTA,四川科农种业有限责任公司
湖南,C两优新华粘,C815S×新华粘,籼型两系杂交稻,湖南永益农业科技发展有限公司等,湘审稻20190025,湘审稻,20190025,C815S,湖南永益农业科技发展有限公司
湖南,Y两优3399,Y58S×湘恢3399,籼型两系杂交稻,湖南科裕隆种业有限公司等,湘审稻2009014,湘审稻,2009014,Y58S,湖南科裕隆种业有限公司
湖南,T优111,T98A×湘恢111,籼型三系杂交稻,湖南杂交水稻研究中心,湘审稻2004013,湘审稻,2004013,T98A,湖南杂交水稻研究中心
湖南,H优159,H28A×R51059,籼型三系杂交稻,湖南农业大学等,湘审稻2010031,湘审稻,2010031,H28A,湖南农业大学
湖北,禾两优239,29405S×R20239,籼型两系杂交稻,武汉佳禾生物科技有限责任公司,鄂审稻20243027,鄂审稻,20243027,29405S,武汉佳禾生物科技有限责任公司
湖南,Ⅱ优江恢902,Ⅱ-32A×中江恢902,籼型三系杂交稻,湖南中江种业有限公司,湘审稻2008023,湘审稻,2008023,Ⅱ-32A,湖南中江种业有限公司
湖南,C两优87,C815S×蜀恢527,籼型两系杂交稻,湖南农业大学等,湘审稻2007036,湘审稻,2007036,C815S,湖南农业大学
湖南,湘早籼1号,温选青×湘矮早9号,籼型常规稻,湖南省农业科学院水稻研究所,湘品审第1号,湘审稻,1,温选青,湖南省农业科学院水稻研究所
湖南,创香31,美香占×农香33,籼型常规稻,湖南省水稻研究所等,湘审稻20220061,湘审稻,20220061,美香占,湖南省水稻研究所
湖南,松雅17,金穗128/R86×湘晚籼13号/华航31,籼型常规稻,湖南正隆农业科技有限公司等,湘审稻20210049,湘审稻,20210049,金穗128/R86,湖南正隆农业科技有限公司
湖南,准两优143,准S×早优143,籼型两系杂交稻,湖南杂交水稻研究中心,湘审稻2008013,湘审稻,2008013,准S,湖南杂交水稻研究中心
湖南,培两优210,培矮64S×合6,籼型两系杂交稻,湖南省水稻研究所等,湘品审第304号,湘审稻,304,培矮64S,湖南省水稻研究所
湖南,威优晚3,威20A×晚3,籼型三系杂交稻,湖南杂交水稻研究中心,湘品审第137号,湘审稻,137,威20A,湖南杂交水稻研究中心
湖南,建两优华占,建S×华占,籼型两系杂交稻,湖南金健种业科技有限公司,湘审稻2015021,湘审稻,2015021,建S,湖南金健种业科技有限公司
湖南,金优297,金23A×湘恢297,籼型三系杂交稻,湖南杂交水稻研究中心,湘审稻2005027,湘审稻,2005027,金23A,湖南杂交水稻研究中心
湖南,T优167,T98A×R167,籼型三系杂交稻,湖南隆平高科农平种业有限公司,湘审稻2007006,湘审稻,2007006,T98A,湖南隆平高科农平种业有限公司
湖南,宏宸901S,湘陵628S×株两优176,籼型不育系,怀化市农业科学研究所,湘审稻2016023,湘审稻,2016023,湘陵628S,怀化市农业科学研究所
湖南,准两优49,准S×中品49,籼型两系杂交稻,湖南杂交水稻研究中心,湘审稻2008012,湘审稻,2008012,准S,湖南杂交水稻研究中心
湖南,Ⅱ优918,Ⅱ-32A×张恢918,籼型三系杂交稻,张家界市瑞安水稻研究所,湘审稻2008022,湘审稻,2008022,Ⅱ-32A,张家界市瑞安水稻研究所
湖南,Ⅱ优629,Ⅱ-32A×中种恢629,籼型三系杂交稻,中国种子集团公司三亚分公司,湘审稻2007035,湘审稻,2007035,Ⅱ-32A,中国种子集团公司三亚分公司
湖南,誉两优4153,华誉568S×华恢4153,籼型两系杂交稻,袁隆平农业高科技股份有限公司等,湘审稻20236006,湘审稻,20236006,华誉568S,袁隆平农业高科技股份有限公司
湖南,丰优207,丰源A×先恢207,籼型三系杂交稻,湖南中江种业有限公司等,湘审稻2010030,湘审稻,2010030,丰源A,湖南中江种业有限公司
湖南,资优1007,资100A×RB207-1,籼型三系杂交稻,湖南杂交水稻研究中心,湘审稻2007034,湘审稻,2007034,资100A,湖南杂交水稻研究中心
湖南,中优901,中9A×州恢901,籼型三系杂交稻,湖南省湘西自治州农业科学研究所,湘审稻2007033,湘审稻,2007033,中9A,湖南省湘西自治州农业科学研究所
湖南,Y两优527,Y58S×蜀恢527,籼型两系杂交稻,长沙长龙生物科技有限公司等,湘审稻2009013,湘审稻,2009013,Y58S,长沙长龙生物科技有限公司
河南,利两优2018,利37S×R2018,籼型两系杂交稻,长沙利诚种业有限公司等,豫审稻20210005,豫审稻,20210005,利37S,长沙利诚种业有限公司
河南,粘两优1206,粘S×R1206,籼型两系杂交稻,安徽省连丰种业有限责任公司,豫审稻20210004,豫审稻,20210004,粘S,安徽省连丰种业有限责任公司
河南,两优279,710S×R279,籼型两系杂交稻,信阳市农业科学院,豫审稻20210003,豫审稻,20210003,710S,信阳市农业科学院
湖南,创两优丰占,创5S×丰占,籼型两系杂交稻,袁氏种业高科技有限公司等,湘审稻20180020,湘审稻,20180020,创5S,袁氏种业高科技有限公司
湖南,隆两优1212,隆科638S×R1212,籼型两系杂交稻,袁隆平农业高科技股份有限公司等,湘审稻2016010,湘审稻,2016010,隆科638S,袁隆平农业高科技股份有限公司
湖南,农香优204,农香A×R204,籼型三系杂交稻,湖南农富种子有限公司,湘审稻2010029,湘审稻,2010029,农香A,湖南农富种子有限公司
湖南,雁两优921,雁农S×92-15,籼型两系杂交稻,湖南省水稻研究所等,湘品审第303号,湘审稻,303,雁农S,湖南省水稻研究所
湖南,株两优4290,株1S×R4290,籼型两系杂交稻,德农正成种业有限公司长沙德农正成水稻研究所,湘审稻2008011,湘审稻,2008011,株1S,德农正成种业有限公司长沙德农正成水稻研究所
湖南,C两优419,C815S×R419,籼型两系杂交稻,湖南省春云农业科技股份有限公司等,湘审稻20190024,湘审稻,20190024,C815S,湖南省春云农业科技股份有限公司
湖南,粤油丝苗,白壳粤秀占×粤油占,籼型常规稻,广东省农业科学院水稻研究所,湘审稻2013026,湘审稻,2013026,白壳粤秀占,广东省农业科学院水稻研究所
湖南,金两优华占,金18S×华占,籼型两系杂交稻,湖南金健种业科技有限公司等,湘审稻20180019,湘审稻,20180019,金18S,湖南金健种业科技有限公司
湖南,创两优965,创5S×30965,籼型两系杂交稻,湖南鑫盛华丰种业科技有限公司等,湘审稻20180018,湘审稻,20180018,创5S,湖南鑫盛华丰种业科技有限公司
河南,深两优725,深51S×绵恢725,籼型两系杂交稻,四川国豪种业股份有限公司,豫审稻2013006,豫审稻,2013006,深51S,四川国豪种业股份有限公司
河南,恒丰优粤禾丝苗,恒丰A×粤禾丝苗,籼型三系杂交稻,清远市农业科技推广服务中心（清远市农业科学研究所）等,豫审稻20210002,豫审稻,20210002,恒丰A,清远市农业科技推广服务中心（清远市农业科学研究所）
湖南,隆两优534,隆科638S×R534,籼型两系杂交稻,袁隆平农业高科技股份有限公司等,湘审稻2016009,湘审稻,2016009,隆科638S,袁隆平农业高科技股份有限公司
湖南,捷两优7810,华捷221S×华恢7810,籼型两系杂交稻,袁隆平农业高科技股份有限公司等,湘审稻20206003,湘审稻,20206003,华捷221S,袁隆平农业高科技股份有限公司
湖南,钦优5187,钦A×R5187,籼型三系杂交稻,袁隆平农业高科技股份有限公司等,湘审稻20190074,湘审稻,20190074,钦A,袁隆平农业高科技股份有限公司
湖南,耕香优银粘,耕香A×R恒恢米岗银粘,籼型三系杂交稻,湖南大地种业有限责任公司等,湘审稻20210048,湘审稻,20210048,耕香A,湖南大地种业有限责任公司
湖南,农香优2381,农香A×R2381,籼型三系杂交稻,湖南佳和种业股份有限公司等,湘审稻20190023,湘审稻,20190023,农香A,湖南佳和种业股份有限公司
湖南,野香优莉丝,野香A×R莉丝,籼型三系杂交稻,广西绿海种业有限公司,湘审稻20220060,湘审稻,20220060,野香A,广西绿海种业有限公司
湖南,丰两优香1号,广占63S×丰香恢1号,籼型两系杂交稻,合肥丰乐种业股份有限公司,湘审稻2006037,湘审稻,2006037,广占63S,合肥丰乐种业股份有限公司
湖南,金优桂99,金23A×桂99,籼型三系杂交稻,常德市农业科学研究所,湘品审第136号,湘审稻,136,金23A,常德市农业科学研究所
湖南,华两优8256,华瑾386S×华恢8256,籼型两系杂交稻,袁隆平农业高科技股份有限公司等,湘审稻20236005,湘审稻,20236005,华瑾386S,袁隆平农业高科技股份有限公司
湖南,金优284,金23A×华恢284,籼型三系杂交稻,湖南亚华种业科学研究院,湘审稻2005026,湘审稻,2005026,金23A,湖南亚华种业科学研究院
湖南,株两优224,株1S×5-224,籼型两系杂交稻,湖南省水稻研究所,湘审稻2007005,湘审稻,2007005,株1S,湖南省水稻研究所
湖北,田两优金丝苗,29308S×金丝苗,籼型两系杂交稻,武汉佳禾生物科技有限责任公司等,鄂审稻20243026,鄂审稻,20243026,29308S,武汉佳禾生物科技有限责任公司
湖南,陆两优63,陆18S×明恢63,籼型两系杂交稻,株洲市农业科学研究所等,湘品审第302号,湘审稻,302,陆18S,株洲市农业科学研究所
湖南,德两优1103,德1S×德恢1103,籼型两系杂交稻,北京德农种业有限公司,湘审稻2013025,湘审稻,2013025,德1S,北京德农种业有限公司
湖南,飓两优8549,飓820S×华恢8549,籼型两系杂交稻,袁隆平农业高科技股份有限公司等,湘审稻20242014,湘审稻,20242014,飓820S,袁隆平农业高科技股份有限公司
湖南,Y两优1号,Y58S×93-11,籼型两系杂交稻,湖南杂交水稻研究中心,湘审稻2006036,湘审稻,2006036,Y58S,湖南杂交水稻研究中心
湖南,威优49,威20A×测64-7-49,籼型三系杂交稻,湖南省安江农业学校,湘品审第18号,湘审稻,18,威20A,湖南省安江农业学校
河南,干两优九丝苗,干18S×三九丝苗,籼型两系杂交稻,安徽红旗种业科技有限公司等,豫审稻20241006,豫审稻,20241006,干18S,安徽红旗种业科技有限公司
湖南,株两优90,株1S×E3590,籼型两系杂交稻,湖南省水稻研究所,湘审稻2008010,湘审稻,2008010,株1S,湖南省水稻研究所
河南,嘉糯Ⅰ优721,嘉农wxA1×信糯恢721,籼型三系杂交稻,信阳市农业科学院,豫审稻2013005,豫审稻,2013005,嘉农wxA1,信阳市农业科学院
湖南,157S,株1S×157,籼型不育系,衡阳市农业科学研究所,湘审稻2010050,湘审稻,2010050,株1S,衡阳市农业科学研究所
湖南,准两优199,准S×R199,籼型两系杂交稻,湖南隆平种业有限公司等,湘审稻2010028,湘审稻,2010028,准S,湖南隆平种业有限公司
湖南,双两优1号,双8S×0293,籼型两系杂交稻,湖南杂交水稻研究中心,湘审稻2009012,湘审稻,2009012,双8S,湖南杂交水稻研究中心
湖北,田两优239,16302S×R239,籼型两系杂交稻,武汉佳禾生物科技有限责任公司,鄂审稻20243025,鄂审稻,20243025,16302S,武汉佳禾生物科技有限责任公司
河南,汴稻1号,镇稻99×秋丰,粳型常规稻,开封市农林科学研究院,豫审稻2016001,豫审稻,2016001,镇稻99,开封市农林科学研究院
湖南,潭两优921,潭S×潭早921,籼型两系杂交稻,湘潭市农业科学研究所,湘审稻2008009,湘审稻,2008009,潭S,湘潭市农业科学研究所
湖南,T优597,T98A×创恢597,籼型三系杂交稻,湖南杂交水稻研究中心,湘审稻2005025,湘审稻,2005025,T98A,湖南杂交水稻研究中心
河南,Y两优粤禾丝苗,Y58S×粤禾丝苗,籼型两系杂交稻,四川台沃种业有限责任公司等,豫审稻20210001,豫审稻,20210001,Y58S,四川台沃种业有限责任公司
湖南,粤优524,粤泰A×R524,籼型三系杂交稻,湖南隆平高科农平种业有限公司,湘审稻2007032,湘审稻,2007032,粤泰A,湖南隆平高科农平种业有限公司
湖南,新优215,新ⅡA×R15,籼型三系杂交稻,湖南川农高科种业有限责任公司等,湘审稻2007031,湘审稻,2007031,新ⅡA,湖南川农高科种业有限责任公司
河南,两优2189,2030S×R2189,籼型两系杂交稻,信阳市农业科学院,豫审稻20241005,豫审稻,20241005,2030S,信阳市农业科学院
湖南,丝优63,丝苗A×明恢63,籼型三系杂交稻,岳阳市农业科学研究所,湘品审第135号,湘审稻,135,丝苗A,岳阳市农业科学研究所
湖南,深两优111,深08S×LR111-1,籼型两系杂交稻,湖南金色农华种业科技有限公司等,湘审稻20180017,湘审稻,20180017,深08S,湖南金色农华种业科技有限公司
湖南,惠两优2号,惠隆S×惠恢2号,籼型两系杂交稻,湖南北大荒种业科技有限责任公司等,湘审稻20190022,湘审稻,20190022,惠隆S,湖南北大荒种业科技有限责任公司
湖南,湘晚籼11号,E179-F3-2-2-1-2,籼型常规稻,湖南省水稻研究所,湘品审第248号,湘审稻,248,E179-F3-2-2-1-2,湖南省水稻研究所
湖南,科优21,湘菲A×湘恢529,籼型三系杂交稻,湖南科裕隆种业有限公司,湘审稻2007030,湘审稻,2007030,湘菲A,湖南科裕隆种业有限公司
湖南,又香优龙丝苗,又香A×龙丝苗,籼型三系杂交稻,广西兆和种业有限公司,湘审稻20220059,湘审稻,20220059,又香A,广西兆和种业有限公司
湖南,明S,培矮64S×IR73827S,籼型不育系,湖南杂交水稻研究中心,湘审稻2016022,湘审稻,2016022,培矮64S,湖南杂交水稻研究中心
湖南,隆晶优2号,隆晶4302A×华恢3621,籼型三系杂交稻,湖南亚华种业科学研究院,湘审稻2016021,湘审稻,2016021,隆晶4302A,湖南亚华种业科学研究院
湖南,玖两优黄华占,33S×黄华占,籼型两系杂交稻,江西博大种业有限公司等,湘审稻2016020,湘审稻,2016020,33S,江西博大种业有限公司
湖南,T优618,T98A×R611,籼型三系杂交稻,湖南隆平高科农平种业有限公司,湘审稻2006035,湘审稻,2006035,T98A,湖南隆平高科农平种业有限公司
湖南,中嘉早32,01D1-1/G95-40-8×01D1-1,籼型常规稻,中国水稻研究所等,湘审稻2007004,湘审稻,2007004,01D1-1/G95-40-8,中国水稻研究所
湖南,爱华5号,优丰105×农香16,籼型常规稻,湖南省水稻研究所等,湘审稻2004012,湘审稻,2004012,优丰105,湖南省水稻研究所
湖南,欣荣优华占,欣荣A×华占,籼型三系杂交稻,北京金色农华种业科技有限公司等,湘审稻2013024,湘审稻,2013024,欣荣A,北京金色农华种业科技有限公司
湖南,汕优111,珍汕97A×Y11-1,籼型三系杂交稻,湖南杂交水稻研究中心,湘品审第301号,湘审稻,301,珍汕97A,湖南杂交水稻研究中心
河南,信粳64,豫粳6号×郑稻18号,粳型常规稻,信阳市农业科学院,豫审稻2015008,豫审稻,2015008,豫粳6号,信阳市农业科学院
湖南,T优353,T98A×R353,籼型三系杂交稻,湖南杂交水稻研究中心,湘审稻2006034,湘审稻,2006034,T98A,湖南杂交水稻研究中心
湖南,丰源优299,丰源A×湘恢299,籼型三系杂交稻,湖南杂交水稻研究中心,湘审稻2004011,湘审稻,2004011,丰源A,湖南杂交水稻研究中心
湖南,金优9017,金23A×R9017,籼型三系杂交稻,湘西海鑫农业科技开发有限责任公司,湘审稻2009011,湘审稻,2009011,金23A,湘西海鑫农业科技开发有限责任公司
湖南,金优怀98,金23A×怀恢98,籼型三系杂交稻,湖南省怀化市农业科学研究所,湘审稻2007029,湘审稻,2007029,金23A,湖南省怀化市农业科学研究所
湖南,浙106,Z9512×浙733,籼型常规稻,浙江省农业科学院作物与核技术利用研究所,湘审稻2007003,湘审稻,2007003,Z9512,浙江省农业科学院作物与核技术利用研究所
湖南,�r两优7068,华�r863S×华恢7068,籼型两系杂交稻,袁隆平农业高科技股份有限公司等,湘审稻20242013,湘审稻,20242013,华�r863S,袁隆平农业高科技股份有限公司
湖南,金优433,金23A×P433,籼型三系杂交稻,湖南省衡阳市农业科学研究所,湘审稻2008008,湘审稻,2008008,金23A,湖南省衡阳市农业科学研究所
湖南,Q优麻恢1号,Q3A×麻恢1号,籼型三系杂交稻,麻阳苗族自治县种子公司,湘审稻2006033,湘审稻,2006033,Q3A,麻阳苗族自治县种子公司
湖南,晶两优765,晶4155S×华恢765,籼型两系杂交稻,湖南隆平高科种业科学研究院有限公司等,湘审稻20190021,湘审稻,20190021,晶4155S,湖南隆平高科种业科学研究院有限公司
河南,圣稻2620,A130×紫金6号,粳型常规稻,山东省农业科学院,豫审稻20241004,豫审稻,20241004,A130,山东省农业科学院
河南,郑稻22,越改系01×新稻09-24,粳型常规稻,河南省农业科学院粮食作物研究所,豫审稻20241003,豫审稻,20241003,越改系01,河南省农业科学院粮食作物研究所
河南,新科稻29,圣稻806×镇稻99/01D41LB88,粳型常规稻,河南省新乡市农业科学院等,豫审稻2015007,豫审稻,2015007,圣稻806,河南省新乡市农业科学院
河南,青两优916,矮青34s×香丰916,籼型两系杂交稻,信阳市农业科学院,豫审稻2013004,豫审稻,2013004,矮青34s,信阳市农业科学院
湖南,粘两优4011,粘S×R4011,籼型两系杂交稻,湖南鑫盛华丰种业科技有限公司等,湘审稻2015020,湘审稻,2015020,粘S,湖南鑫盛华丰种业科技有限公司
湖南,C两优7号,C815S×R777,籼型两系杂交稻,湖南农业大学等,湘审稻2013023,湘审稻,2013023,C815S,湖南农业大学
湖南,扬籼优4278,扬籼9A×华恢4278,籼型三系杂交稻,袁隆平农业高科技股份有限公司等,湘审稻20242012,湘审稻,20242012,扬籼9A,袁隆平农业高科技股份有限公司
湖南,金优怀181,金23A×怀恢181,籼型三系杂交稻,怀化市农业科学研究所,湘审稻2009010,湘审稻,2009010,金23A,怀化市农业科学研究所
湖南,C两优266,C815S×R07266,籼型两系杂交稻,湖南省核农学与航天育种研究所等,湘审稻2013022,湘审稻,2013022,C815S,湖南省核农学与航天育种研究所
湖南,岳优9113,岳4A×岳恢9113,籼型三系杂交稻,岳阳市农业科学研究所,湘审稻2004010,湘审稻,2004010,岳4A,岳阳市农业科学研究所
湖南,湘晚籼10号,亲16选×80-66,籼型常规稻,湖南省水稻研究所,湘品审第247号,湘审稻,247,亲16选,湖南省水稻研究所
湖南,湘早籼30号,湘早籼3号×二九丰305,籼型常规稻,湖南省娄底地区农业科学研究所,湘品审第246号,湘审稻,246,湘早籼3号,湖南省娄底地区农业科学研究所
湖南,湘早籼45号,舟优903×浙辐504,籼型常规稻,湖南省益阳市农业科学研究所,湘审稻2007002,湘审稻,2007002,舟优903,湖南省益阳市农业科学研究所
湖南,T两优新华粘,T161S×新华粘,籼型两系杂交稻,湖南恒德种业科技有限公司等,湘审稻20190020,湘审稻,20190020,T161S,湖南恒德种业科技有限公司
湖南,伍两优4042,晶4155S×华恢4042,籼型两系杂交稻,袁隆平农业高科技股份有限公司等,湘审稻20242011,湘审稻,20242011,晶4155S,袁隆平农业高科技股份有限公司
湖南,玮两优2268,华玮338S×华恢2268,籼型两系杂交稻,袁隆平农业高科技股份有限公司等,湘审稻20242010,湘审稻,20242010,华玮338S,袁隆平农业高科技股份有限公司
湖北,潜两优68,潜3S×R68,籼型两系杂交稻,武汉佳禾生物科技有限责任公司等,鄂审稻20243024,鄂审稻,20243024,潜3S,武汉佳禾生物科技有限责任公司
湖南,炫两优6499,华炫302S×华恢6499,籼型两系杂交稻,袁隆平农业高科技股份有限公司等,湘审稻20236004,湘审稻,20236004,华炫302S,袁隆平农业高科技股份有限公司
河南,绿稻Q7,黄华占×Basmati-superfine,籼型常规稻,湖北省种子集团有限公司,豫审稻2015006,豫审稻,2015006,黄华占,湖北省种子集团有限公司
湖南,两优培九,培矮64S×93-11,籼型两系杂交稻,江苏省农业科学院粮食作物研究所等,湘品审第300号,湘审稻,300,培矮64S,江苏省农业科学院粮食作物研究所
湖南,N118S,P88S×Y58S,籼型不育系,湖南杂交水稻研究中心,湘审稻2010049,湘审稻,2010049,P88S,湖南杂交水稻研究中心
湖南,健湘丝苗,粤农丝苗×华占,籼型常规稻,湖南永益农业科技发展有限公司,湘审稻20210047,湘审稻,20210047,粤农丝苗,湖南永益农业科技发展有限公司
湖南,湘两优2号,广湘24S×远恢2号,籼型两系杂交稻,湖南年丰种业科技有限公司,湘审稻2015019,湘审稻,2015019,广湘24S,湖南年丰种业科技有限公司
湖南,H37优207,H37A×先恢207,籼型三系杂交稻,湖南杂交水稻研究中心,湘审稻2005024,湘审稻,2005024,H37A,湖南杂交水稻研究中心
湖南,准两优608,准S×R608,籼型两系杂交稻,湖南隆平种业有限公司,湘审稻2010027,湘审稻,2010027,准S,湖南隆平种业有限公司
湖南,Q优6号,Q2A×R1005,籼型三系杂交稻,重庆市种子公司,湘审稻2006032,湘审稻,2006032,Q2A,重庆市种子公司
湖南,株两优112,株1S×ZR112,籼型两系杂交稻,株洲市农业科学研究所等,湘品审第299号,湘审稻,299,株1S,株洲市农业科学研究所
湖南,飓两优钰占,飓820S×钰占,籼型两系杂交稻,袁隆平农业高科技股份有限公司等,湘审稻20242009,湘审稻,20242009,飓820S,袁隆平农业高科技股份有限公司
湖南,岳优360,岳4A×岳恢360,籼型三系杂交稻,岳阳市农业科学研究所,湘审稻2004009,湘审稻,2004009,岳4A,岳阳市农业科学研究所
湖南,川江优2号,江育1S×蜀恢527,籼型两系杂交稻,四川发生水稻科技有限责任公司,湘审稻2009009,湘审稻,2009009,江育1S,四川发生水稻科技有限责任公司
河南,原稻26,原旱稻3号×津稻1007,粳型常规稻,原阳县农业发展服务中心,豫审稻20241002,豫审稻,20241002,原旱稻3号,原阳县农业发展服务中心
湖南,协优432,协青早A×R432,籼型三系杂交稻,湖南杂交水稻研究中心,湘品审第121号,湘审稻,121,协青早A,湖南杂交水稻研究中心
湖南,Ⅰ优323,优ⅠA×R323,籼型三系杂交稻,湖南杂交水稻研究中心,湘品审第120号,湘审稻,120,优ⅠA,湖南杂交水稻研究中心
河南,川优华占,川香29A×华占,籼型三系杂交稻,中国水稻研究所等,豫审稻2013003,豫审稻,2013003,川香29A,中国水稻研究所
湖南,荣优390,荣丰A×广恢390,籼型三系杂交稻,广东省农业科学院水稻研究所,湘审稻2013021,湘审稻,2013021,荣丰A,广东省农业科学院水稻研究所
湖南,C两优华占,C815S×华占,籼型两系杂交稻,湖南金色农华种业科技有限公司,湘审稻2016008,湘审稻,2016008,C815S,湖南金色农华种业科技有限公司
湖南,威优77,威20A×明恢77,籼型三系杂交稻,三明市农业科学研究所,湘品审第119号,湘审稻,119,威20A,三明市农业科学研究所
湖南,余水糯,水源290×余赤231-8,籼型常规稻,湖南省水稻研究所等,湘品审第118号,湘审稻,118,水源290,湖南省水稻研究所
湖南,隆两优5203,隆科638S×华恢5203,籼型两系杂交稻,湖南隆平高科种业科学研究院有限公司等,湘审稻20190019,湘审稻,20190019,隆科638S,湖南隆平高科种业科学研究院有限公司
河南,豫稻24,豫农粳12×镇稻88,粳型常规稻,河南农业大学,豫审稻20241001,豫审稻,20241001,豫农粳12,河南农业大学
湖南,湘早籼44号,264-7大豆DNA浸糙米,籼型常规稻,湖南农业大学,湘审稻2007001,湘审稻,2007001,264-7大豆DNA浸糙米,湖南农业大学
湖北,佳两优1788,佳1S×R788,籼型两系杂交稻,武汉佳禾生物科技有限责任公司等,鄂审稻20243023,鄂审稻,20243023,佳1S,武汉佳禾生物科技有限责任公司
湖南,金优468,金23A×州恢168,籼型三系杂交稻,湖南省湘西土家族苗族自治州农业科学研究所,湘审稻2007028,湘审稻,2007028,金23A,湖南省湘西土家族苗族自治州农业科学研究所
河南,深两优814,深08S×丙4114,籼型两系杂交稻,北京金色农华种业科技股份有限公司,豫审稻2015005,豫审稻,2015005,深08S,北京金色农华种业科技股份有限公司
湖南,川香优727,川香29A×成恢727,籼型三系杂交稻,四川省农业科学院作物研究所等,湘审稻2010026,湘审稻,2010026,川香29A,四川省农业科学院作物研究所
河南,嘉农糯528,嘉农wxA1×R528,籼型三系杂交稻,信阳市旺达种业有限公司,豫审稻2015004,豫审稻,2015004,嘉农wxA1,信阳市旺达种业有限公司
湖南,农香24,湘晚籼10号×三合占,籼型常规稻,湖南省水稻研究所,湘审稻2016019,湘审稻,2016019,湘晚籼10号,湖南省水稻研究所
湖南,秋香A,新香A×秋香B,籼型不育系,湖南省农业科学院等,湘审稻2006058,湘审稻,2006058,新香A,湖南省农业科学院
湖南,贺优328,贺50A×R328,籼型三系杂交稻,湖南恒德种业科技有限公司等,湘审稻2013020,湘审稻,2013020,贺50A,湖南恒德种业科技有限公司
湖南,又香优雅丝香,又香A×雅丝香,籼型三系杂交稻,广西兆和种业有限公司,湘审稻20220058,湘审稻,20220058,又香A,广西兆和种业有限公司
湖南,Ⅱ优28,Ⅱ-32A×R1728,籼型三系杂交稻,尤溪县良种生化研究所,湘审稻2010025,湘审稻,2010025,Ⅱ-32A,尤溪县良种生化研究所
湖南,深两优876,深08S×P376,籼型两系杂交稻,江西洪崖种业有限责任公司,湘审稻2015018,湘审稻,2015018,深08S,江西洪崖种业有限责任公司
湖南,晶沅优1266,晶沅42A×华恢1266,籼型三系杂交稻,袁隆平农业高科技股份有限公司等,湘审稻20236003,湘审稻,20236003,晶沅42A,袁隆平农业高科技股份有限公司
湖南,T优535,T98A×To535,籼型三系杂交稻,湖南省衡阳市农业科学研究所,湘审稻2008007,湘审稻,2008007,T98A,湖南省衡阳市农业科学研究所
湖南,农富A,新香A×Z41B,籼型不育系,湖南省农业科学院等,湘审稻2006057,湘审稻,2006057,新香A,湖南省农业科学院
湖南,中种1A,V20A×新香B/9801,籼型不育系,中种集团绵阳水稻湖南销售中心,湘审稻2006056,湘审稻,2006056,V20A,中种集团绵阳水稻湖南销售中心
湖南,金优938,金23A×98238,籼型三系杂交稻,岳阳市农业科学研究所等,湘审稻2009008,湘审稻,2009008,金23A,岳阳市农业科学研究所
湖南,株两优811,株1S×华811,籼型两系杂交稻,湖南广阔天地科技有限公司等,湘审稻2008006,湘审稻,2008006,株1S,湖南广阔天地科技有限公司
湖南,优Ⅰ974,优ⅠA×To974,籼型三系杂交稻,衡阳市农业科学研究所等,湘品审第298号,湘审稻,298,优ⅠA,衡阳市农业科学研究所
湖南,��两优8549,��176S×华恢8549,籼型两系杂交稻,袁隆平农业高科技股份有限公司等,湘审稻20242008,湘审稻,20242008,��176S,袁隆平农业高科技股份有限公司
湖南,光叶A,金23A×光叶B,籼型不育系,湖南隆平高科农平种业有限公司,湘审稻2006055,湘审稻,2006055,金23A,湖南隆平高科农平种业有限公司
湖南,湘早籼29号,RP2151-21-22×千红35-2,籼型常规稻,湖南省水稻研究所,湘品审第245号,湘审稻,245,RP2151-21-22,湖南省水稻研究所
湖南,湘早籼28号,浙733,籼型常规稻,湖南农业大学水稻科学研究所,湘品审第244号,湘审稻,244,浙733,湖南农业大学水稻科学研究所
湖南,Ⅱ优93,Ⅱ-32A×华恢93,籼型三系杂交稻,湖南亚华种业科学研究院,湘审稻2006031,湘审稻,2006031,Ⅱ-32A,湖南亚华种业科学研究院
湖南,陵两优916,湘陵628S×华916,籼型两系杂交稻,湖南亚华种业科学研究院,湘审稻2010008,湘审稻,2010008,湘陵628S,湖南亚华种业科学研究院
湖南,陵两优21,湘陵628S×师大21,籼型两系杂交稻,湖南师范大学生命科学研究院等,湘审稻2010007,湘审稻,2010007,湘陵628S,湖南师范大学生命科学研究院
湖南,金优213,金23A×R213,籼型三系杂交稻,湖南隆平高科农平种业有限公司,湘审稻2004008,湘审稻,2004008,金23A,湖南隆平高科农平种业有限公司
湖南,Y两优1928,Y58S×R1928,籼型两系杂交稻,湖南天盛生物科技有限公司等,湘审稻2010024,湘审稻,2010024,Y58S,湖南天盛生物科技有限公司
河南,广两优18,广占63-4S×R18,籼型两系杂交稻,四川嘉禾种子有限公司,豫审稻2013002,豫审稻,2013002,广占63-4S,四川嘉禾种子有限公司
河南,天龙优1340,天龙13A×天龙恢140,籼型三系杂交稻,四川西科种业股份有限公司等,豫审稻2015003,豫审稻,2015003,天龙13A,四川西科种业股份有限公司
湖南,珍乡优149,珍乡A×R149,籼型三系杂交稻,湖南金色农华种业科技有限公司,湘审稻20220057,湘审稻,20220057,珍乡A,湖南金色农华种业科技有限公司
湖南,深两优5183,深51S×R7183,籼型两系杂交稻,深圳市兆农农业科技有限公司等,湘审稻2015017,湘审稻,2015017,深51S,深圳市兆农农业科技有限公司
湖南,莹优1097,莹2A×R1097,籼型三系杂交稻,湖南金源种业有限公司等,湘审稻20210046,湘审稻,20210046,莹2A,湖南金源种业有限公司
湖南,金优899,金23A×R899,籼型三系杂交稻,永州市农业科学研究所,湘审稻2004007,湘审稻,2004007,金23A,永州市农业科学研究所
湖南,湘早籼15号,IR19274-26-2-30102,籼型常规稻,湖南省水稻研究所,湘品审第117号,湘审稻,117,IR19274-26-2-30102,湖南省水稻研究所
湖北,华两优1303,华5113S×华恢803,籼型两系杂交稻,华中农业大学等,鄂审稻20243022,鄂审稻,20243022,华5113S,华中农业大学
湖南,T64S,P88S×培矮64S,籼型不育系,湖南杂交水稻研究中心,湘审稻2010048,湘审稻,2010048,P88S,湖南杂交水稻研究中心
河南,艺稻625,盐稻1002×新丰2号,粳型常规稻,辉县市豫北种业有限公司,豫审稻20230011,豫审稻,20230011,盐稻1002,辉县市豫北种业有限公司
湖南,碧两优3006,碧玉82S×华恢3006,籼型两系杂交稻,袁隆平农业高科技股份有限公司等,湘审稻20242007,湘审稻,20242007,碧玉82S,袁隆平农业高科技股份有限公司
湖南,力两优1301,139S×0H001,籼型两系杂交稻,湖南活力种业科技股份有限公司等,湘审稻2016007,湘审稻,2016007,139S,湖南活力种业科技股份有限公司
湖南,H28优9113,H28A×岳恢9113,籼型三系杂交稻,衡阳市农业科学研究所,湘审稻2005023,湘审稻,2005023,H28A,衡阳市农业科学研究所
湖南,株两优06,株1S×06EZ11,籼型两系杂交稻,浙江省农业科学院作物与核技术利用研究所等,湘审稻2010006,湘审稻,2010006,株1S,浙江省农业科学院作物与核技术利用研究所
湖南,扬籼优6285,扬籼9A×华恢6285,籼型三系杂交稻,袁隆平农业高科技股份有限公司等,湘审稻20242006,湘审稻,20242006,扬籼9A,袁隆平农业高科技股份有限公司
湖南,金优233,金23A×LZ160,籼型三系杂交稻,湖南隆平种业有限公司,湘审稻2009007,湘审稻,2009007,金23A,湖南隆平种业有限公司
湖南,深优9520,深95A×R20,籼型三系杂交稻,袁隆平农业高科技股份有限公司,湘审稻2013017,湘审稻,2013017,深95A,袁隆平农业高科技股份有限公司
湖南,隆香优130,隆香634A×R130,籼型三系杂交稻,袁隆平农业高科技股份有限公司,湘审稻2013019,湘审稻,2013019,隆香634A,袁隆平农业高科技股份有限公司
湖南,两优389,P88S×0389,籼型两系杂交稻,湖南杂交水稻研究中心,湘审稻2006030,湘审稻,2006030,P88S,湖南杂交水稻研究中心
湖南,中两优018,中丰S2×岳恢018,籼型两系杂交稻,湖南洞庭高科种业股份有限公司等,湘审稻20190018,湘审稻,20190018,中丰S2,湖南洞庭高科种业股份有限公司
湖南,健645A,金23A×健645B,籼型不育系,湖南金健种业有限责任公司等,湘审稻2006054,湘审稻,2006054,金23A,湖南金健种业有限责任公司
湖南,玉锋优5368,玉锋18A×华恢5368,籼型三系杂交稻,袁隆平农业高科技股份有限公司等,湘审稻20236002,湘审稻,20236002,玉锋18A,袁隆平农业高科技股份有限公司
湖南,扬籼优3135,扬籼9A×华恢3135,籼型三系杂交稻,袁隆平农业高科技股份有限公司等,湘审稻20242005,湘审稻,20242005,扬籼9A,袁隆平农业高科技股份有限公司
河南,广两优998,广88S×99-8,籼型两系杂交稻,安徽金培因科技有限公司等,豫审稻2015002,豫审稻,2015002,广88S,安徽金培因科技有限公司
湖南,陵两优942,湘陵628S×怀94-2,籼型两系杂交稻,怀化市农业科学研究所等,湘审稻2010005,湘审稻,2010005,湘陵628S,怀化市农业科学研究所
湖南,株两优389,株1S×华389,籼型两系杂交稻,湖南亚华种业科学研究院,湘审稻2010004,湘审稻,2010004,株1S,湖南亚华种业科学研究院
湖南,原香优361,原香39A×象香恢R361,籼型三系杂交稻,广西象州黄氏水稻研究所,湘审稻20220056,湘审稻,20220056,原香39A,广西象州黄氏水稻研究所
湖南,中莲优950,中莲1A×中莲恢950,籼型三系杂交稻,江苏中南种业科技有限公司,湘审稻2010023,湘审稻,2010023,中莲1A,江苏中南种业科技有限公司
湖南,三香优612,三香A×Yo612,籼型三系杂交稻,衡阳市农业科学研究所,湘审稻2005022,湘审稻,2005022,三香A,衡阳市农业科学研究所
湖南,华两优7号,H155S×华恢7号,籼型两系杂交稻,湖南亚华种业科学研究院,湘审稻2007027,湘审稻,2007027,H155S,湖南亚华种业科学研究院
湖南,Ⅱ优福4号,Ⅱ-32A×先恢4号,籼型三系杂交稻,湖南先丰经贸有限责任公司,湘审稻2007026,湘审稻,2007026,Ⅱ-32A,湖南先丰经贸有限责任公司
河南,艺稻178,新稻25×新科稻31,粳型常规稻,辉县市豫北种业有限公司等,豫审稻20230010,豫审稻,20230010,新稻25,辉县市豫北种业有限公司
河南,新科稻37,新科稻31×新稻69/玉稻518,粳型常规稻,新乡市农业科学院,豫审稻20230009,豫审稻,20230009,新科稻31,新乡市农业科学院
河南,全两优681,全1S×R681,籼型两系杂交稻,荆州忠诚种业有限公司,豫审稻2013001,豫审稻,2013001,全1S,荆州忠诚种业有限公司
湖南,准两优312,准S×嘉早312,籼型两系杂交稻,国家杂交水稻工程技术研究中心清华深圳龙岗研究所,湘审稻2008005,湘审稻,2008005,准S,国家杂交水稻工程技术研究中心清华深圳龙岗研究所
湖南,两优0293,P88S×0293,籼型两系杂交稻,湖南杂交水稻研究中心,湘审稻2006029,湘审稻,2006029,P88S,湖南杂交水稻研究中心
河南,悦农稻1号,新丰5号×豫粳6号,粳型常规稻,新乡市悦农种业科技有限公司,豫审稻20230008,豫审稻,20230008,新丰5号,新乡市悦农种业科技有限公司
湖南,Ⅰ优899,优ⅠA×R899,籼型三系杂交稻,永州市农业科学研究所,湘审稻2004006,湘审稻,2004006,优ⅠA,永州市农业科学研究所
湖南,盛泰优018,盛泰A×R018,籼型三系杂交稻,湖南洞庭高科种业股份有限公司等,湘审稻2013016,湘审稻,2013016,盛泰A,湖南洞庭高科种业股份有限公司
湖南,岳优518,岳4A×R518,籼型三系杂交稻,湖南金健种业有限责任公司,湘审稻2013015,湘审稻,2013015,岳4A,湖南金健种业有限责任公司
河南,创油占1号,徽籼1号×Padi Burung,籼型常规稻,创世纪种业有限公司,豫审稻20230007,豫审稻,20230007,徽籼1号,创世纪种业有限公司
湖南,株两优268,株1S×华268,籼型两系杂交稻,湖南亚华种业科学研究院,湘审稻2008004,湘审稻,2008004,株1S,湖南亚华种业科学研究院
河南,川香优156,川香29A×R156,籼型三系杂交稻,信阳市农业科学院,豫审稻2015001,豫审稻,2015001,川香29A,信阳市农业科学院
湖南,湘两优755,广湘24S×衡恢755,籼型两系杂交稻,湖南年丰种业科技有限公司等,湘审稻20190017,湘审稻,20190017,广湘24S,湖南年丰种业科技有限公司
湖南,两优036,03S×安选6号,籼型两系杂交稻,安微荃银农业高科技研究所,湘审稻2006028,湘审稻,2006028,03S,安微荃银农业高科技研究所
湖南,潇两优1116,潇湘828S×1116,籼型两系杂交稻,袁隆平农业高科技股份有限公司等,湘审稻20236001,湘审稻,20236001,潇湘828S,袁隆平农业高科技股份有限公司
湖南,三香优516,三香A×R516,籼型三系杂交稻,湖南农业大学水稻科学研究所,湘审稻2005021,湘审稻,2005021,三香A,湖南农业大学水稻科学研究所
湖南,丰源优6135,丰源A×R6135,籼型三系杂交稻,湖南隆平高科农业种业有限公司,湘审稻2005020,湘审稻,2005020,丰源A,湖南隆平高科农业种业有限公司
湖南,潭原优0845,潭原A×R08-45,籼型三系杂交稻,湘潭市原种场,湘审稻2013018,湘审稻,2013018,潭原A,湘潭市原种场
河南,77-11,南京11号,籼型常规稻,河南省确山县普会寺乡农技站,豫籼2号,豫审稻,2,南京11号,河南省确山县普会寺乡农技站
湖南,Ⅱ优117,Ⅱ-32A×常恢117,籼型三系杂交稻,湖南金健种业有限责任公司等,湘审稻2006027,湘审稻,2006027,Ⅱ-32A,湖南金健种业有限责任公司
湖南,恒丰优华占,恒丰A×华占,籼型三系杂交稻,广东粤良种业有限公司等,湘审稻2016018,湘审稻,2016018,恒丰A,广东粤良种业有限公司
河南,金香优丝苗,金香A×扬恢72,籼型三系杂交稻,江苏金土地种业有限公司等,豫审稻20230006,豫审稻,20230006,金香A,江苏金土地种业有限公司
湖南,兆优5455,兆A×R5455,籼型三系杂交稻,深圳市兆农农业科技有限公司,湘审稻2016006,湘审稻,2016006,兆A,深圳市兆农农业科技有限公司
湖南,晶两优5438,晶4155S×华恢5438,籼型两系杂交稻,袁隆平农业高科技股份有限公司等,湘审稻20190016,湘审稻,20190016,晶4155S,袁隆平农业高科技股份有限公司
湖南,株两优971,株1S×怀9710,籼型两系杂交稻,怀化市农业科学研究所等,湘品审第297号,湘审稻,297,株1S,怀化市农业科学研究所
湖南,金优463,金23A×To463,籼型三系杂交稻,湖南省衡阳市农业科学研究所,湘审稻2004005,湘审稻,2004005,金23A,湖南省衡阳市农业科学研究所
湖南,株两优505,株1S×505,籼型两系杂交稻,湖南省水稻研究所等,湘审稻2004004,湘审稻,2004004,株1S,湖南省水稻研究所
河南,华优1302,832A×R1302,籼型三系杂交稻,北京北农睿丰农业科技有限公司,豫审稻20200009,豫审稻,20200009,832A,北京北农睿丰农业科技有限公司
湖南,湘丰优974,湘丰70A×R974,籼型三系杂交稻,湖南杂交水稻研究中心,湘审稻2009006,湘审稻,2009006,湘丰70A,湖南杂交水稻研究中心
湖北,G两优利丰占,G98S×利丰占,籼型两系杂交稻,湖北利众种业科技有限公司等,鄂审稻20243002,鄂审稻,20243002,G98S,湖北利众种业科技有限公司
湖南,株两优168,株1S×R168,籼型两系杂交稻,湖南湘东种业有限责任公司,湘审稻2008003,湘审稻,2008003,株1S,湖南湘东种业有限责任公司
河南,冈优808,冈46A×奎恢808,籼型三系杂交稻,绵阳市奎丰种业有限公司,豫审稻2012013,豫审稻,2012013,冈46A,绵阳市奎丰种业有限公司
湖南,湘早籼14号,怀早3号×测64-7,籼型常规稻,湖南省怀化地区农业科学研究所,湘品审第116号,湘审稻,116,怀早3号,湖南省怀化地区农业科学研究所
湖南,盛泰A,岳4A×盛21232-Q3B,籼型不育系,湖南洞庭高科种业股份有限公司等,湘审稻2010047,湘审稻,2010047,岳4A,湖南洞庭高科种业股份有限公司
湖南,T98优1号,T98A×怀恢1124,籼型三系杂交稻,怀化市农业科学研究所等,湘审稻2010022,湘审稻,2010022,T98A,怀化市农业科学研究所
湖南,民香优1174,民香A×R1174,籼型三系杂交稻,袁隆平农业高科技股份有限公司等,湘审稻20210045,湘审稻,20210045,民香A,袁隆平农业高科技股份有限公司
湖南,中鉴100,舟优903×红突5号/84-240,籼型常规稻,中国水稻研究所,湘品审第243号,湘审稻,243,舟优903,中国水稻研究所
湖南,潭两优83,潭农S×潭早183,籼型两系杂交稻,湘潭市农业科学研究所,湘审稻2010003,湘审稻,2010003,潭农S,湘潭市农业科学研究所
湖南,玮两优261,华玮338S×中恢261,籼型两系杂交稻,袁隆平农业高科技股份有限公司等,湘审稻20242004,湘审稻,20242004,华玮338S,袁隆平农业高科技股份有限公司
湖南,华两优1548,H155S×R1548,籼型两系杂交稻,隆平高科湖南亚华种业科学院,湘审稻2006026,湘审稻,2006026,H155S,隆平高科湖南亚华种业科学院
湖南,深两优1813,深08S×R1813,籼型两系杂交稻,湖南隆平种业有限公司等,湘审稻2015016,湘审稻,2015016,深08S,湖南隆平种业有限公司
湖南,C两优248,C815S×TR248,籼型两系杂交稻,湖南亚华种业科学研究院等,湘审稻2013014,湘审稻,2013014,C815S,湖南亚华种业科学研究院
湖南,株两优99,株1S×E599,籼型两系杂交稻,湖南省水稻研究所,湘审稻2004003,湘审稻,2004003,株1S,湖南省水稻研究所
湖南,丰华优3号,白丰A×NHR8,籼型三系杂交稻,北京金色农华种业科技有限公司,湘审稻2007025,湘审稻,2007025,白丰A,北京金色农华种业科技有限公司
湖南,陆18S,抗罗早×科辐红2号/湘早籼3号//02428,籼型不育系,湖南亚华种业科学研究院,湘品审第276号,湘审稻,276,抗罗早,湖南亚华种业科学研究院
湖南,湘早籼13号,2279×湘早籼3号,籼型常规稻,怀化市农业科学研究所,湘品审第115号,湘审稻,115,2279,怀化市农业科学研究所
湖南,中安7号,低镉1号×中早35,籼型常规稻,湖南金健种业科技有限公司等,湘审稻20234002,湘审稻,20234002,低镉1号,湖南金健种业科技有限公司
湖南,隆两优1301,隆科638S×R1301,籼型两系杂交稻,袁隆平农业高科技股份有限公司等,湘审稻20190015,湘审稻,20190015,隆科638S,袁隆平农业高科技股份有限公司
湖南,陆两优819,陆18S×华819,籼型两系杂交稻,湖南亚华种业科学研究院,湘审稻2008002,湘审稻,2008002,陆18S,湖南亚华种业科学研究院
湖南,辐296,Z96-03×广昌占,籼型常规稻,浙江省农业科学院作物与核技术利用研究所,湘审稻2008001,湘审稻,2008001,Z96-03,浙江省农业科学院作物与核技术利用研究所
湖北,金华丝苗,丰华占×南丰占/02428,籼型常规稻,湖北华泓种业科技有限公司等,鄂审稻20243021,鄂审稻,20243021,丰华占,湖北华泓种业科技有限公司
河南,D优3138,D62A×R3138,籼型三系杂交稻,信阳市农业科学院,豫审稻2014012,豫审稻,2014012,D62A,信阳市农业科学院
湖南,强两优6166,强11S×奥R6166,籼型两系杂交稻,湖南奥谱隆科技股份有限公司,湘审稻20190014,湘审稻,20190014,强11S,湖南奥谱隆科技股份有限公司
湖南,广两优143,广占63-4S×P143,籼型两系杂交稻,湖南金健种业科技有限公司等,湘审稻2016005,湘审稻,2016005,广占63-4S,湖南金健种业科技有限公司
湖南,T优272,T98A×华恢272,籼型三系杂交稻,湖南亚华种业科学研究院,湘审稻2007024,湘审稻,2007024,T98A,湖南亚华种业科学研究院
河南,金两优9328,金16s×信丰9328,籼型两系杂交稻,信阳市农业科学院,豫审稻20230005,豫审稻,20230005,金16s,信阳市农业科学院
湖南,株两优4024,株1S×4024,籼型两系杂交稻,湖南农业大学等,湘审稻2009005,湘审稻,2009005,株1S,湖南农业大学
湖南,晶两优8612,晶4155S×华恢8612,籼型两系杂交稻,袁隆平农业高科技股份有限公司等,湘审稻20190013,湘审稻,20190013,晶4155S,袁隆平农业高科技股份有限公司
湖南,德10A,三香A×德10B,籼型不育系,北京德农种业有限公司,湘审稻2010046,湘审稻,2010046,三香A,北京德农种业有限公司
湖北,吉优华占,吉丰A×华占,籼型三系杂交稻,广东省金稻种业有限公司等,鄂审稻2019035,鄂审稻,2019035,吉丰A,广东省金稻种业有限公司
湖南,株25S,株1S×香125S,籼型不育系,株洲市农业科学研究所,湘审稻2007064,湘审稻,2007064,株1S,株洲市农业科学研究所
湖南,丰源优326,丰源A×湘恢326,籼型三系杂交稻,湖南省水稻研究所,湘审稻2005019,湘审稻,2005019,丰源A,湖南省水稻研究所
河南,龙两优172,龙6S×R172,籼型两系杂交稻,信阳农林学院等,豫审稻20230004,豫审稻,20230004,龙6S,信阳农林学院
湖南,99早677,湘早籼19号×湘早籼24号,籼型常规稻,湖南省水稻研究所,湘审稻2004002,湘审稻,2004002,湘早籼19号,湖南省水稻研究所
湖北,福稻188,福稻88×GD-7,籼型常规稻,武汉隆福康农业发展有限公司,鄂审稻20220027,鄂审稻,20220027,福稻88,武汉隆福康农业发展有限公司
湖南,旭29A,威20A×旭29B,籼型不育系,国家杂交水稻工程技术研究中心,湘品审第275号,湘审稻,275,威20A,国家杂交水稻工程技术研究中心
湖南,金优207,金23A×先恢207,籼型三系杂交稻,湖南杂交水稻研究中心,湘品审第225号,湘审稻,225,金23A,湖南杂交水稻研究中心
湖南,株两优4026,株1S×4026,籼型两系杂交稻,湖南农业大学等,湘审稻2010002,湘审稻,2010002,株1S,湖南农业大学
湖南,飓两优8612,飓820S×华恢8612,籼型两系杂交稻,袁隆平农业高科技股份有限公司等,湘审稻20242003,湘审稻,20242003,飓820S,袁隆平农业高科技股份有限公司
湖南,板仓香糯,糯110×湘晚籼13号,籼型常规稻,湖南省水稻研究所等,湘审稻2016017,湘审稻,2016017,糯110,湖南省水稻研究所
湖南,Y两优25,Y58S×望恢025,籼型两系杂交稻,湖南希望种业科技有限公司等,湘审稻2010021,湘审稻,2010021,Y58S,湖南希望种业科技有限公司
湖南,丽香优纳丝,丽香A×R纳丝,籼型三系杂交稻,广西百香高科种业有限公司,湘审稻20210044,湘审稻,20210044,丽香A,广西百香高科种业有限公司
湖南,华297A,金23A×华297B,籼型不育系,湖南亚华种业科学研究院,湘审稻2006053,湘审稻,2006053,金23A,湖南亚华种业科学研究院
湖南,飓两优1206,飓820S×R1206,籼型两系杂交稻,袁隆平农业高科技股份有限公司等,湘审稻20242002,湘审稻,20242002,飓820S,袁隆平农业高科技股份有限公司
湖南,隆两优97,隆科638S×华恢97,籼型两系杂交稻,湖南亚华种业科学研究院等,湘审稻2016004,湘审稻,2016004,隆科638S,湖南亚华种业科学研究院
河南,紫金稻8号,683S×紫66,籼型两系杂交稻,江苏神农大丰种业科技有限公司,豫审稻2012012,豫审稻,2012012,683S,江苏神农大丰种业科技有限公司
湖南,金两优1858,金18S×R1858,籼型两系杂交稻,湖南金健种业科技有限公司,湘审稻20190012,湘审稻,20190012,金18S,湖南金健种业科技有限公司
湖南,T优817,T98A×R817,籼型三系杂交稻,湘西民族职业技术学院等,湘审稻2010020,湘审稻,2010020,T98A,湘西民族职业技术学院
湖北,华两优4034,华6040S×华3234,籼型两系杂交稻,湖北楚创生物育种研究院等,鄂审稻20243001,鄂审稻,20243001,华6040S,湖北楚创生物育种研究院
湖南,金优997,金23A×张恢997,籼型三系杂交稻,张家界市武陵源区种子公司,湘审稻2005018,湘审稻,2005018,金23A,张家界市武陵源区种子公司
湖北,云两优247,云峰S×奥R247,籼型两系杂交稻,武汉市文鼎农业生物技术有限公司等,鄂审稻2017006,鄂审稻,2017006,云峰S,武汉市文鼎农业生物技术有限公司
湖南,株两优1733,株1S×R1733,籼型两系杂交稻,中国水稻研究所等,湘审稻2010001,湘审稻,2010001,株1S,中国水稻研究所
河南,G两优98,G98S×晚籼98,籼型两系杂交稻,湖北楚创高科农业有限公司,豫审稻20200008,豫审稻,20200008,G98S,湖北楚创高科农业有限公司
湖南,汕优36辐,珍汕97A×IR36辐,籼型三系杂交稻,温州市农业科学研究所,湘品审第99号,湘审稻,99,珍汕97A,温州市农业科学研究所
河南,广两优916,广占63-4s×香丰916,籼型两系杂交稻,信阳市农业科学院等,豫审稻2014011,豫审稻,2014011,广占63-4s,信阳市农业科学院
河南,潢育1号,科研3号×地1号/南京11号,籼型常规稻,河南省潢川县农科所,豫籼1号,豫审稻,1,科研3号,河南省潢川县农科所
湖南,星城A,金23A×星城B,籼型不育系,湖南省水稻研究所,湘审稻2007063,湘审稻,2007063,金23A,湖南省水稻研究所
湖南,广8优199,广8A×广恢199,籼型三系杂交稻,湖南金稻种业有限公司等,湘审稻2013013,湘审稻,2013013,广8A,湖南金稻种业有限公司
湖北,湘优69,湘丰70A×R69,籼型三系杂交稻,武汉武大天源生物科技股份有限公司,鄂审稻2014009,鄂审稻,2014009,湘丰70A,武汉武大天源生物科技股份有限公司
河南,冈优1222,冈46A×荣恢1222,籼型三系杂交稻,信阳穗源种业有限责任公司,豫审稻2012011,豫审稻,2012011,冈46A,信阳穗源种业有限责任公司
湖南,中安2号,中早39×中早39//中早39/低镉1号,籼型常规稻,湖南金健种业科技有限公司等,湘审稻20234001,湘审稻,20234001,中早39,湖南金健种业科技有限公司
湖北,Y两优911,Y58S×创恢911,籼型两系杂交稻,湖南袁创超级稻技术有限公司,鄂审稻2019034,鄂审稻,2019034,Y58S,湖南袁创超级稻技术有限公司
湖南,鹏优6377,鹏A×R6377,籼型三系杂交稻,国家杂交水稻工程技术研究中心清华深圳龙岗研究所等,湘审稻2016016,湘审稻,2016016,鹏A,国家杂交水稻工程技术研究中心清华深圳龙岗研究所
湖南,T优300,T98A×R300,籼型三系杂交稻,湖南杂交水稻研究中心,湘审稻2005017,湘审稻,2005017,T98A,湖南杂交水稻研究中心
湖南,N两优1号,N111S×93-11,籼型两系杂交稻,湖南杂交水稻研究中心,湘审稻2007023,湘审稻,2007023,N111S,湖南杂交水稻研究中心
湖南,农香优676,农香A×R673,籼型三系杂交稻,湖南农业大学,湘审稻2010019,湘审稻,2010019,农香A,湖南农业大学
湖南,琮两优8078,琮328S×华恢8078,籼型两系杂交稻,袁隆平农业高科技股份有限公司等,湘审稻20242001,湘审稻,20242001,琮328S,袁隆平农业高科技股份有限公司
湖南,湘早143,龚品6-29×95早鉴109,籼型常规稻,湖南省水稻研究所等,湘审稻2004001,湘审稻,2004001,龚品6-29,湖南省水稻研究所
湖南,培两优568,培矮64S×00-568,籼型两系杂交稻,湖南省原子能农业应用研究所,湘审稻2006025,湘审稻,2006025,培矮64S,湖南省原子能农业应用研究所
湖南,昱香两优馥香占,昱香S×馥香占,籼型两系杂交稻,袁隆平农业高科技股份有限公司等,湘审稻20210043,湘审稻,20210043,昱香S,袁隆平农业高科技股份有限公司
湖北,两优748,鄂丰7S×R1248,籼型两系杂交稻,湖北省种子集团有限公司,鄂审稻2019033,鄂审稻,2019033,鄂丰7S,湖北省种子集团有限公司
湖南,广两优1128,广占63S×HR1128,籼型两系杂交稻,湖南杂交水稻研究中心,湘审稻2013012,湘审稻,2013012,广占63S,湖南杂交水稻研究中心
湖南,潭农S,株1S×中鉴100,籼型不育系,湖南省湘潭市农业科学研究所,湘审稻2007062,湘审稻,2007062,株1S,湖南省湘潭市农业科学研究所
湖南,农香A,新香A×44B,籼型不育系,湖南稻香大地科技开发公司,湘审稻2009063,湘审稻,2009063,新香A,湖南稻香大地科技开发公司
湖南,湘粳1号,9415×79-66,粳型常规稻,湖南省水稻研究所,湘品审第98号,湘审稻,98,9415,湖南省水稻研究所
湖南,Ⅱ优231,Ⅱ-32A×R231,籼型三系杂交稻,湖南怀化职业技术学院,湘审稻2005016,湘审稻,2005016,Ⅱ-32A,湖南怀化职业技术学院
湖北,武广丝苗,粤禾丝苗×黄华占/粤晶丝苗2号,籼型常规稻,武汉恒楚丰农业科技有限公司,鄂审稻20220026,鄂审稻,20220026,粤禾丝苗,武汉恒楚丰农业科技有限公司
湖南,松雅11,湘早籼45号×湘晚籼13号/中9B,籼型常规稻,湖南省水稻研究所,湘审稻20233007,湘审稻,20233007,湘早籼45号,湖南省水稻研究所
河南,泰两优华湘占,泰香S×华湘占,籼型两系杂交稻,固始县海丰种业有限公司,豫审稻20230003,豫审稻,20230003,泰香S,固始县海丰种业有限公司
湖南,九优808,荃9311A×泰恢808,籼型三系杂交稻,安徽荃银高科种业股份有限公司等,湘审稻20190011,湘审稻,20190011,荃9311A,安徽荃银高科种业股份有限公司
湖南,野香优20,野香A×R20,籼型三系杂交稻,邵阳市农业科学研究院等,湘审稻20241006,湘审稻,20241006,野香A,邵阳市农业科学研究院
湖北,源两优9567,源95S×R92067,籼型两系杂交稻,武汉武大天源生物科技股份有限公司,鄂审稻2017005,鄂审稻,2017005,源95S,武汉武大天源生物科技股份有限公司
湖南,隆华916A,T98A×隆华916B,籼型不育系,湖南亚华种业科学研究院,湘审稻2009062,湘审稻,2009062,T98A,湖南亚华种业科学研究院
湖南,家优111,家60A×R111,籼型三系杂交稻,湖南省贺家山原种场,湘审稻2016015,湘审稻,2016015,家60A,湖南省贺家山原种场
湖南,e福丰优11,福eS1×93-11,籼型两系杂交稻,福建农林大学作物遗传育种研究所,湘审稻2007022,湘审稻,2007022,福eS1,福建农林大学作物遗传育种研究所
湖南,原优5009,原香39A×HR5009,籼型三系杂交稻,袁隆平农业高科技股份有限公司等,湘审稻20210042,湘审稻,20210042,原香39A,袁隆平农业高科技股份有限公司
湖南,准两优608,准S×R608,籼型两系杂交稻,湖南隆平种业有限公司,湘审稻2010018,湘审稻,2010018,准S,湖南隆平种业有限公司
河南,豫粳4号,郑粳12,粳型常规稻,河南郑州市柳林乡农业推广站,豫粳4号,豫审稻,4,郑粳12,河南郑州市柳林乡农业推广站
湖南,丰两优3948,丰39S×R248,籼型两系杂交稻,合肥丰乐种业股份有限公司,湘审稻2016003,湘审稻,2016003,丰39S,合肥丰乐种业股份有限公司
湖南,叁两优1813,03S×R1813,籼型两系杂交稻,湖南隆平种业有限公司等,湘审稻2015015,湘审稻,2015015,03S,湖南隆平种业有限公司
湖南,湘晚籼9号,圭巴×湘早籼5号,籼型常规稻,湖南省岳阳市农业科学研究所等,湘品审第224号,湘审稻,224,圭巴,湖南省岳阳市农业科学研究所
湖南,株两优189,株1S×R189,籼型两系杂交稻,湖南希望种业科技有限公司,湘审稻2009004,湘审稻,2009004,株1S,湖南希望种业科技有限公司
湖南,泰优新华粘,泰丰A×新华粘,籼型三系杂交稻,湖南永益农业科技发展有限公司等,湘审稻20190010,湘审稻,20190010,泰丰A,湖南永益农业科技发展有限公司
湖北,鄂晶丝苗,五山丝苗×鄂丰丝苗,籼型常规稻,湖北荃银高科种业有限公司,鄂审稻20220025,鄂审稻,20220025,五山丝苗,湖北荃银高科种业有限公司
湖南,松雅18,嘉育293/创丰1号×湘早籼24号/嘉育293,籼型常规稻,湖南省水稻研究所,湘审稻20233006,湘审稻,20233006,嘉育293/创丰1号,湖南省水稻研究所
湖南,C两优255,C815S×H255,籼型两系杂交稻,湖南怀化奥谱隆作物育种工程研究所等,湘审稻2010017,湘审稻,2010017,C815S,湖南怀化奥谱隆作物育种工程研究所
湖北,两优楚禾占,楚68S×楚禾占,籼型两系杂交稻,武汉楚禾汇生物科技有限公司等,鄂审稻20220024,鄂审稻,20220024,楚68S,武汉楚禾汇生物科技有限公司
湖南,Y两优696,Y58S×H696,籼型两系杂交稻,湖南怀化奥谱隆作物育种工程研究所等,湘审稻2010016,湘审稻,2010016,Y58S,湖南怀化奥谱隆作物育种工程研究所
湖南,Y两优792,Y58S×华恢792,籼型两系杂交稻,湖南亚华种业科学研究院等,湘审稻2010015,湘审稻,2010015,Y58S,湖南亚华种业科学研究院
湖北,甬优6711,甬粳67A×F5711,籼粳交三系杂交稻,宁波市种子有限公司,鄂审稻2019032,鄂审稻,2019032,甬粳67A,宁波市种子有限公司
湖南,双8S,株1S×培矮64S,籼型不育系,湖南杂交水稻研究中心,湘审稻2007061,湘审稻,2007061,株1S,湖南杂交水稻研究中心
湖北,郢两优鄂晶丝苗,郢216S×鄂晶丝苗,籼型两系杂交稻,武汉合缘绿色生物股份有限公司等,鄂审稻20220023,鄂审稻,20220023,郢216S,武汉合缘绿色生物股份有限公司
湖北,中科西陆202,明恢63×明恢63//明恢63/VANDANA,籼型常规稻,湖北省种子集团有限公司等,鄂审稻20242004,鄂审稻,20242004,明恢63,湖北省种子集团有限公司
湖北,爱农丝苗,129-6/扬稻6号//129-26///129-26×12...,籼型常规稻,襄阳尊农农业开发有限公司等,鄂审稻20243020,鄂审稻,20243020,129-6/扬稻6号//129-26///129-26,襄阳尊农农业开发有限公司
湖南,连优3189,连丰A×闽恢3189,籼型三系杂交稻,福建省农业科学院生物技术研究所等,湘审稻2010014,湘审稻,2010014,连丰A,福建省农业科学院生物技术研究所
湖南,Y两优2108,Y58S×怀恢210-8,籼型两系杂交稻,怀化市农业科学研究所等,湘审稻2013011,湘审稻,2013011,Y58S,怀化市农业科学研究所
湖南,湘晚籼4号,湘晚籼1号×晚华矮1号,籼型常规稻,湖南省水稻研究所,湘品审第97号,湘审稻,97,湘晚籼1号,湖南省水稻研究所
湖北,源香25,中香1号×R457,籼型常规稻,武汉武大天源生物科技股份有限公司,鄂审稻20243019,鄂审稻,20243019,中香1号,武汉武大天源生物科技股份有限公司
湖北,华两优2115,华6421S×华1522,籼型两系杂交稻,华中农业大学,鄂审稻20220022,鄂审稻,20220022,华6421S,华中农业大学
湖南,贺50A,金23A×贺50B,籼型不育系,湖南省贺家山原种场,湘审稻2006052,湘审稻,2006052,金23A,湖南省贺家山原种场
河南,信优糯1108,信1191Awx×信丰糯9308,籼型三系杂交稻,信阳市农业科学院,豫审稻20230002,豫审稻,20230002,信1191Awx,信阳市农业科学院
湖北,创两优茉莉占,创5S×茉莉占,籼型两系杂交稻,湖南农大金农种业有限公司等,鄂审稻2017004,鄂审稻,2017004,创5S,湖南农大金农种业有限公司
湖南,三香优613,三香A×yo613,籼型三系杂交稻,湖南省衡阳市农业科学研究所,湘审稻2006024,湘审稻,2006024,三香A,湖南省衡阳市农业科学研究所
湖南,德山A,威20A×德山B,籼型不育系,常德市农业科学研究所,湘品审第274号,湘审稻,274,威20A,常德市农业科学研究所
河南,冈优5330,冈46A×信恢5330,籼型三系杂交稻,信阳市农业科学研究所,豫审稻2012010,豫审稻,2012010,冈46A,信阳市农业科学研究所
河南,粳优7699,87A×R7699,粳型三系杂交稻,信阳市农业科学院,豫审稻20200007,豫审稻,20200007,87A,信阳市农业科学院
湖南,松雅10,金23B/IR50×R402/湘早籼45号,籼型常规稻,湖南省水稻研究所,湘审稻20233005,湘审稻,20233005,金23B/IR50,湖南省水稻研究所
湖南,好24A,金23A×好24B,籼型不育系,湖南省湘西土家族苗族自治州农业科学研究所,湘审稻2007060,湘审稻,2007060,金23A,湖南省湘西土家族苗族自治州农业科学研究所
湖南,龙S,徐S×133S,籼型不育系,湖南农业大学,湘审稻2009061,湘审稻,2009061,徐S,湖南农业大学
湖南,扬泰优128,扬泰A×HR128,籼型三系杂交稻,袁隆平农业高科技股份有限公司等,湘审稻20210041,湘审稻,20210041,扬泰A,袁隆平农业高科技股份有限公司
湖南,龙优4302,香龙A×亚恢4302,籼型三系杂交稻,中国科学院亚热带农业生态研究所等,湘审稻20241005,湘审稻,20241005,香龙A,中国科学院亚热带农业生态研究所
湖南,N两优2号,N118S×R302,籼型两系杂交稻,长沙年丰种业有限公司等,湘审稻2013010,湘审稻,2013010,N118S,长沙年丰种业有限公司
湖北,中科西陆201,PHB1,籼型常规稻,湖北省种子集团有限公司等,鄂审稻20242003,鄂审稻,20242003,PHB1,湖北省种子集团有限公司
湖南,隆香优华占,隆香634A×华占,籼型三系杂交稻,湖南隆平种业有限公司等,湘审稻2016014,湘审稻,2016014,隆香634A,湖南隆平种业有限公司
湖北,E两优188,EK1S×福稻88,籼型两系杂交稻,湖北省农业科学院粮食作物研究所等,鄂审稻20220021,鄂审稻,20220021,EK1S,湖北省农业科学院粮食作物研究所
湖南,隆两优华占,隆科638S×华占,籼型两系杂交稻,袁隆平农业高科技股份有限公司等,湘审稻2015014,湘审稻,2015014,隆科638S,袁隆平农业高科技股份有限公司
河南,两优9328,深08s×信丰9328,籼型两系杂交稻,信阳市农业科学院等,豫审稻20230001,豫审稻,20230001,深08s,信阳市农业科学院
湖南,湘晚籼8号,四喜粘×湘晚籼1号,籼型常规稻,湖南农业大学稻科所,湘品审第223号,湘审稻,223,四喜粘,湖南农业大学稻科所
湖南,华香A,金23A×2610B,籼型不育系,湖南亚华种业科学研究院,湘审稻2010045,湘审稻,2010045,金23A,湖南亚华种业科学研究院
湖南,吉优390,吉丰A×广恢390,籼型三系杂交稻,湖南金稻种业有限公司等,湘审稻2016002,湘审稻,2016002,吉丰A,湖南金稻种业有限公司
河南,Y两优77,Y58S×D1177,籼型两系杂交稻,罗山县农科种业有限公司,豫审稻2014010,豫审稻,2014010,Y58S,罗山县农科种业有限公司
湖北,益优988,益51A×冈恢988,籼型三系杂交稻,中垦锦绣华农武汉科技有限公司等,鄂审稻2014008,鄂审稻,2014008,益51A,中垦锦绣华农武汉科技有限公司
湖南,湘晚籼3号,IR56/E3-15×8232,籼型常规稻,岳阳市农业科学研究所,湘品审第96号,湘审稻,96,IR56/E3-15,岳阳市农业科学研究所
湖南,C两优396,C815S×R396,籼型两系杂交稻,湖南农业大学水稻科学研究所,湘审稻2007021,湘审稻,2007021,C815S,湖南农业大学水稻科学研究所
湖北,荆1A,金23A×荆1B,籼型不育系,荆州农业科学院等,鄂审稻2011013,鄂审稻,2011013,金23A,荆州农业科学院
湖北,华粳295,宝农34×徐稻3号,粳型常规稻,华中农业大学,鄂审稻2011012,鄂审稻,2011012,宝农34,华中农业大学
湖南,Y两优263,Y58S×湘恢263,籼型两系杂交稻,怀化职业技术学院等,湘审稻2013009,湘审稻,2013009,Y58S,怀化职业技术学院
湖南,汉两优1号,汉S×佳恢1号,籼型两系杂交稻,湖南佳和种业股份有限公司,湘审稻20190009,湘审稻,20190009,汉S,湖南佳和种业股份有限公司
湖北,郢两优鄂莹丝苗,郢216S×鄂莹丝苗,籼型两系杂交稻,湖北九瑞康农业科技有限公司等,鄂审稻20220020,鄂审稻,20220020,郢216S,湖北九瑞康农业科技有限公司
湖北,楚糯3号,汉中酒糯,籼型常规稻,湖北修楚农业发展有限公司等,鄂审稻20220019,鄂审稻,20220019,汉中酒糯,湖北修楚农业发展有限公司
湖南,汕优198,珍汕97A×92-198,籼型三系杂交稻,湖南农业大学水稻科学研究所,湘品审第222号,湘审稻,222,珍汕97A,湖南农业大学水稻科学研究所
湖北,鄂粳优775,鄂晚17A×粳香75,粳型三系杂交稻,湖北省农业技术推广总站等,鄂审稻2011011,鄂审稻,2011011,鄂晚17A,湖北省农业技术推广总站
湖南,湘中籼3号,湘早籼1号×湘中籼2号,籼型常规稻,湖南省水稻研究所,湘品审第95号,湘审稻,95,湘早籼1号,湖南省水稻研究所
湖南,德26A,野败×金23B/岳4B//菲改B,籼型不育系,德农正成种业有限公司长沙水稻研究所,湘审稻2006051,湘审稻,2006051,野败,德农正成种业有限公司长沙水稻研究所
湖南,新香优640,新香A×R640,籼型三系杂交稻,湖南杂交水稻研究中心,湘审稻2005015,湘审稻,2005015,新香A,湖南杂交水稻研究中心
湖南,株两优21,株1S×师大21,籼型两系杂交稻,湖南师范大学生命科学学院,湘审稻2009003,湘审稻,2009003,株1S,湖南师范大学生命科学学院
湖南,德5A,T98A×T98B/316B//早籼15,籼型不育系,德农正成种业有限公司长沙水稻研究所,湘审稻2007059,湘审稻,2007059,T98A,德农正成种业有限公司长沙水稻研究所
河南,豫稻16,豫农粳6号×镇稻88,粳型常规稻,河南农业大学,豫审稻20200006,豫审稻,20200006,豫农粳6号,河南农业大学
河南,冈优218,冈46A×ZR218,籼型三系杂交稻,四川省正奇农业开发有限责任公司,豫审稻2014009,豫审稻,2014009,冈46A,四川省正奇农业开发有限责任公司
湖南,松雅13,湘早籼45号×湘早籼31号/湘丰早119,籼型常规稻,湖南省水稻研究所,湘审稻20233004,湘审稻,20233004,湘早籼45号,湖南省水稻研究所
湖北,华两优2821,华1228S×惠民121,籼型两系杂交稻,湖北惠民农业科技有限公司等,鄂审稻2017003,鄂审稻,2017003,华1228S,湖北惠民农业科技有限公司
河南,川康优6308,川康606A×蜀恢308,籼型三系杂交稻,四川农业大学水稻研究所等,豫审稻20220012,豫审稻,20220012,川康606A,四川农业大学水稻研究所
湖南,隆晶优华占,隆晶4302A×华占,籼型三系杂交稻,湖南隆平高科种业科学研究院有限公司等,湘审稻20190008,湘审稻,20190008,隆晶4302A,湖南隆平高科种业科学研究院有限公司
湖北,深轻稻2168,黄华占EMS诱变×谷梅4号,籼型常规稻,湖北省种子集团有限公司等,鄂审稻20242002,鄂审稻,20242002,黄华占EMS诱变,湖北省种子集团有限公司
湖南,振两优7905,振湘S×华恢7905,籼型两系杂交稻,袁隆平农业高科技股份有限公司等,湘审稻20210040,湘审稻,20210040,振湘S,袁隆平农业高科技股份有限公司
湖北,楚糯858,珍糯×鄂糯9号,籼型常规稻,武汉楚禾汇生物科技有限公司,鄂审稻20220018,鄂审稻,20220018,珍糯,武汉楚禾汇生物科技有限公司
湖南,贺优691,贺50A×TR691,籼型三系杂交稻,湖南六三种业有限公司等,湘审稻2016001,湘审稻,2016001,贺50A,湖南六三种业有限公司
湖南,威优438,威20A×R438,籼型三系杂交稻,湖南省安江农校,湘品审第94号,湘审稻,94,威20A,湖南省安江农校
湖南,锦两优534,锦4128S×R534,籼型两系杂交稻,袁隆平农业高科技股份有限公司等,湘审稻20190007,湘审稻,20190007,锦4128S,袁隆平农业高科技股份有限公司
湖南,简两优10,简S×R10,籼型两系杂交稻,袁隆平农业高科技股份有限公司等,湘审稻20190006,湘审稻,20190006,简S,袁隆平农业高科技股份有限公司
湖南,湘早籼46号,嘉早324×早50,籼型常规稻,湖南省贺家山原种场,湘审稻2009002,湘审稻,2009002,嘉早324,湖南省贺家山原种场
湖南,威优227,威20A×湘恢227,籼型三系杂交稻,国家杂交水稻工程技术研究中心,湘品审第273号,湘审稻,273,威20A,国家杂交水稻工程技术研究中心
湖北,井冈丝苗,粤禾丝苗×丰籼占,籼型常规稻,湖北华之夏种子有限责任公司等,鄂审稻20243018,鄂审稻,20243018,粤禾丝苗,湖北华之夏种子有限责任公司
湖南,645优238,健645A×R238,籼型三系杂交稻,怀化职业技术学院,湘审稻2010013,湘审稻,2010013,健645A,怀化职业技术学院
湖南,尚优518,好24A×州恢518,籼型三系杂交稻,湘西土家族苗族自治州农业科学研究所,湘审稻2010012,湘审稻,2010012,好24A,湘西土家族苗族自治州农业科学研究所
湖南,岭香丝苗,农香98×创宇9号,籼型常规稻,湖南省水稻研究所,湘审稻20241004,湘审稻,20241004,农香98,湖南省水稻研究所
湖北,川优6203,川106A×成恢3203,籼型三系杂交稻,四川省农业科学院作物研究所,鄂审稻2014007,鄂审稻,2014007,川106A,四川省农业科学院作物研究所
湖南,桃农1A,金23A×桃农1B,籼型不育系,桃源县农业科学研究所,湘审稻2015052,湘审稻,2015052,金23A,桃源县农业科学研究所
湖北,甬优7053,甬粳70A×F6853,籼粳交三系杂交稻,宁波市种子有限公司,鄂审稻2019031,鄂审稻,2019031,甬粳70A,宁波市种子有限公司
湖北,凤谷丝苗,五山丝苗×粤禾丝苗,籼型常规稻,湖北智荆高新种业科技有限公司,鄂审稻20243017,鄂审稻,20243017,五山丝苗,湖北智荆高新种业科技有限公司
湖南,T优640,T98A×R640,籼型三系杂交稻,湖南杂交水稻研究中心,湘审稻2005014,湘审稻,2005014,T98A,湖南杂交水稻研究中心
湖南,Y两优488,Y58S×奥R488,籼型两系杂交稻,湖南奥谱隆科技股份有限公司等,湘审稻2013008,湘审稻,2013008,Y58S,湖南奥谱隆科技股份有限公司
河南,中南优1号,中南1A×中莲恢510,籼型三系杂交稻,江苏红旗种业股份有限公司,豫审稻2012009,豫审稻,2012009,中南1A,江苏红旗种业股份有限公司
湖南,龙两优018,龙S×R018,籼型两系杂交稻,岳阳市农业科学研究所等,湘审稻2015013,湘审稻,2015013,龙S,岳阳市农业科学研究所
湖南,奥两优76,奥龙1S×奥R76,籼型两系杂交稻,湖南怀化奥谱隆作物育种工程研究所,湘审稻2010011,湘审稻,2010011,奥龙1S,湖南怀化奥谱隆作物育种工程研究所
湖北,中禾优1号,嘉禾212A×NP001,籼粳交三系杂交稻,中国科学院遗传与发育生物学研究所等,鄂审稻20220017,鄂审稻,20220017,嘉禾212A,中国科学院遗传与发育生物学研究所
湖南,湘早籼12号,湘早籼1号,籼型常规稻,湖南省水稻研究所,湘品审第93号,湘审稻,93,湘早籼1号,湖南省水稻研究所
湖南,炳1A,资100A×炳1B,籼型不育系,湖南杂交水稻研究中心,湘审稻2010044,湘审稻,2010044,资100A,湖南杂交水稻研究中心
湖南,振两优1206,振湘S×R1206,籼型两系杂交稻,袁隆平农业高科技股份有限公司等,湘审稻20210039,湘审稻,20210039,振湘S,袁隆平农业高科技股份有限公司
湖北,荣优淦3号,荣丰A×淦恢3号,籼型三系杂交稻,江西现代种业有限责任公司等,鄂审稻2011010,鄂审稻,2011010,荣丰A,江西现代种业有限责任公司
湖北,易两优华占,易S×华占,籼型两系杂交稻,武汉大学等,鄂审稻20210060,鄂审稻,20210060,易S,武汉大学
湖南,八两优100,810S×D100,籼型两系杂交稻,湖南省安江农校,湘品审第221号,湘审稻,221,810S,湖南省安江农校
湖南,天优290,天丰A×广恢290,籼型三系杂交稻,广东省农业科学院水稻研究所,湘审稻2006023,湘审稻,2006023,天丰A,广东省农业科学院水稻研究所
湖南,Ⅱ优997,Ⅱ-32A×张恢997,籼型三系杂交稻,湖南省张家界市武陵源区种子公司,湘审稻2007020,湘审稻,2007020,Ⅱ-32A,湖南省张家界市武陵源区种子公司
湖南,准两优893,准S×R893,籼型两系杂交稻,湖南隆平高科农平种业有限公司 张文春,湘审稻2007057,湘审稻,2007057,准S,湖南隆平高科农平种业有限公司 张文春
湖南,广湘24S,GD-1S×P88S,籼型不育系,湖南杂交水稻研究中心,湘审稻2009060,湘审稻,2009060,GD-1S,湖南杂交水稻研究中心
湖南,湘州19S,培矮64S×海南长芒旱稻,籼型不育系,湘西土家族苗族自治州农业科学研究所,湘审稻2006050,湘审稻,2006050,培矮64S,湘西土家族苗族自治州农业科学研究所
河南,两优268,2029S×R268,籼型两系杂交稻,信阳市农业科学院,豫审稻20220011,豫审稻,20220011,2029S,信阳市农业科学院
湖南,隆晶4302A,金23A×隆晶4302B,籼型不育系,湖南隆平高科种业科学研究院有限公司,湘审稻2015051,湘审稻,2015051,金23A,湖南隆平高科种业科学研究院有限公司
湖南,箐两优3261,箐196S×R3261,籼型两系杂交稻,湖南杂交水稻研究中心等,湘审稻20241003,湘审稻,20241003,箐196S,湖南杂交水稻研究中心
河南,冈优7954,冈46A×浙恢7954,籼型三系杂交稻,浙江农科种业有限公司等,豫审稻2014008,豫审稻,2014008,冈46A,浙江农科种业有限公司
湖北,华稻615,五山丝苗/华恢803×华恢803,籼型常规稻,华中农业大学等,鄂审稻20243016,鄂审稻,20243016,五山丝苗/华恢803,华中农业大学
湖北,旱优786,沪旱7A×旱恢786,籼型三系杂交稻,上海天谷生物科技股份有限公司,鄂审稻20220016,鄂审稻,20220016,沪旱7A,上海天谷生物科技股份有限公司
湖北,荃优600,荃9311A×中恢60,籼型三系杂交稻,中国水稻研究所等,鄂审稻20220015,鄂审稻,20220015,荃9311A,中国水稻研究所
湖北,楚留晶丝,19香×南晶香占,籼型常规稻,湖北省种子集团有限公司,鄂审稻20242001,鄂审稻,20242001,19香,湖北省种子集团有限公司
湖北,武香优华占,武香A×华占,籼型三系杂交稻,武汉大学,鄂审稻2014006,鄂审稻,2014006,武香A,武汉大学
湖南,先丰优034,先丰A×洪恢034,籼型三系杂交稻,湖南省洪江先丰种业有限公司,湘审稻2009059,湘审稻,2009059,先丰A,湖南省洪江先丰种业有限公司
湖南,松雅530,湘早籼45号×农香24,籼型常规稻,湖南省水稻研究所等,湘审稻20233003,湘审稻,20233003,湘早籼45号,湖南省水稻研究所
湖南,深两优1号,深08S×湘恢012,籼型两系杂交稻,湖南杂交水稻研究中心,湘审稻2013007,湘审稻,2013007,深08S,湖南杂交水稻研究中心
湖北,全两优655,全1S×华655,籼型两系杂交稻,华中农业大学等,鄂审稻2017002,鄂审稻,2017002,全1S,华中农业大学
河南,蜀优稻166,Ⅱ-32A×蜀恢166,籼型三系杂交稻,四川省蜀玉科技农业发展有限公司,豫审稻2012008,豫审稻,2012008,Ⅱ-32A,四川省蜀玉科技农业发展有限公司
湖北,甬优6763,甬粳67A×F6863,籼粳交三系杂交稻,宁波市种子有限公司等,鄂审稻2019030,鄂审稻,2019030,甬粳67A,宁波市种子有限公司
河南,信粳1787,新1709×金粳787,粳型常规稻,信阳市农业科学院,豫审稻20200005,豫审稻,20200005,新1709,信阳市农业科学院
湖北,冈特优8024,冈特A×13H8024,籼型三系杂交稻,黄冈市农业科学院等,鄂审稻20220014,鄂审稻,20220014,冈特A,黄冈市农业科学院
湖南,五优1252,五丰A×华恢1252,籼型三系杂交稻,湖南隆平高科种业科学研究院有限公司等,湘审稻20190005,湘审稻,20190005,五丰A,湖南隆平高科种业科学研究院有限公司
湖南,T优227,T98A×湘恢227,籼型三系杂交稻,怀化隆平高科种业有限责任公司,湘审稻2005013,湘审稻,2005013,T98A,怀化隆平高科种业有限责任公司
湖南,Ⅱ优205,Ⅱ-32A×D205,籼型三系杂交稻,南京农业大学水稻研究所,湘审稻2007019,湘审稻,2007019,Ⅱ-32A,南京农业大学水稻研究所
湖南,中86-44,浙辐802/广陆矮4号×HA79317-7,籼型常规稻,中国水稻研究所,湘品审第92号,湘审稻,92,浙辐802/广陆矮4号,中国水稻研究所
湖北,丁香丽丝,华香16×粤奇X25,籼型常规稻,湖北格利因生物科技有限公司等,鄂审稻20243015,鄂审稻,20243015,华香16,湖北格利因生物科技有限公司
湖北,春华占,粤禾丝苗×万家香1号,籼型常规稻,湖北格利因生物科技有限公司等,鄂审稻20243014,鄂审稻,20243014,粤禾丝苗,湖北格利因生物科技有限公司
湖南,青香优丝苗,青香A×金青占,籼型三系杂交稻,袁氏种业高科技有限公司,湘审稻20210038,湘审稻,20210038,青香A,袁氏种业高科技有限公司
湖北,深优9752,深97A×R9152,籼型三系杂交稻,国家杂交水稻工程技术研究中心清华深圳龙岗研究所等,鄂审稻2011009,鄂审稻,2011009,深97A,国家杂交水稻工程技术研究中心清华深圳龙岗研究所
湖南,松雅12,湘早籼24号/创丰1号×湘早籼32号/嘉育 293,籼型常规稻,湖南省水稻研究所,湘审稻20233002,湘审稻,20233002,湘早籼24号/创丰1号,湖南省水稻研究所
湖南,N111S,培矮64S×安农S-1,籼型不育系,湖南杂交水稻研究中心,湘审稻2006049,湘审稻,2006049,培矮64S,湖南杂交水稻研究中心
湖南,粤丰优85,粤丰A×G85,籼型三系杂交稻,海南神农大丰种业科技股份有限公司,湘审稻2006022,湘审稻,2006022,粤丰A,海南神农大丰种业科技股份有限公司
湖南,威优134,威20A×Y1-34,籼型三系杂交稻,湖南杂交水稻研究中心,湘品审第272号,湘审稻,272,威20A,湖南杂交水稻研究中心
湖北,嘉90,嘉115×嘉77,粳型常规稻,湖北惠民农业科技有限公司等,鄂审稻20241032,鄂审稻,20241032,嘉115,湖北惠民农业科技有限公司
湖南,佳香长晶,华占×玉针香,籼型常规稻,湖南佳和种业股份有限公司,湘审稻20233001,湘审稻,20233001,华占,湖南佳和种业股份有限公司
湖南,隆398A,V20A×隆398B,籼型不育系,湖南隆平种业有限公司,湘审稻2015050,湘审稻,2015050,V20A,湖南隆平种业有限公司
湖北,巨2优80,巨风2A×宜恢80,籼型三系杂交稻,宜昌市农业科学研究院等,鄂审稻20220013,鄂审稻,20220013,巨风2A,宜昌市农业科学研究院
河南,泰两优188,泰香S×闽恢188,籼型两系杂交稻,福建天力种业有限公司,豫审稻20220010,豫审稻,20220010,泰香S,福建天力种业有限公司
湖南,Y两优837,Y58S×R837,籼型两系杂交稻,衡山县农业局等,湘审稻2015012,湘审稻,2015012,Y58S,衡山县农业局
湖北,楚丰优箴丝,楚丰A×箴丝,籼型三系杂交稻,湖北垄上缘种业科技有限公司等,鄂审稻20243013,鄂审稻,20243013,楚丰A,湖北垄上缘种业科技有限公司
湖南,湘晚籼2号,IR19274-26-2-3-1-2,籼型常规稻,湖南省水稻研究所,湘品审第76号,湘审稻,76,IR19274-26-2-3-1-2,湖南省水稻研究所
湖南,炜两优2133,炜567S×R2133,籼型两系杂交稻,湖南杂交水稻研究中心,湘审稻20241002,湘审稻,20241002,炜567S,湖南杂交水稻研究中心
湖南,新香优315,新香A×德恢315,籼型三系杂交稻,湖南德农种业有限公司,湘审稻2006021,湘审稻,2006021,新香A,湖南德农种业有限公司
湖南,岳优27,岳4A×测27,籼型三系杂交稻,湖南省湘潭市农业科学研究所等,湘审稻2006020,湘审稻,2006020,岳4A,湖南省湘潭市农业科学研究所
河南,Y两优66,Y58s×信R66,籼型两系杂交稻,信阳市�负忧�申丰种子批发站等,豫审稻2014007,豫审稻,2014007,Y58s,信阳市�负忧�申丰种子批发站
湖南,中优3号,中9A×仙恢3号,籼型三系杂交稻,湖南广阔天地科技有限公司,湘审稻2007056,湘审稻,2007056,中9A,湖南广阔天地科技有限公司
湖南,陵两优724,湘陵628S×华724,籼型两系杂交稻,袁隆平农业高科技股份有限公司等,湘审稻20232005,湘审稻,20232005,湘陵628S,袁隆平农业高科技股份有限公司
湖南,威优402,威20A×R402,籼型三系杂交稻,湖南省安江农业学校,湘品审第75号,湘审稻,75,威20A,湖南省安江农业学校
湖南,天龙优140,天龙1A×天龙恢140,籼型三系杂交稻,绵阳市天龙水稻研究所等,湘审稻2009058,湘审稻,2009058,天龙1A,绵阳市天龙水稻研究所
湖南,黄华占,黄新占×丰华占,籼型常规稻,广东省农业科学院水稻研究所,湘审稻2007018,湘审稻,2007018,黄新占,广东省农业科学院水稻研究所
河南,D优2035,D62A×信恢2035,籼型三系杂交稻,江苏省大华种业集团有限公司,豫审稻2012007,豫审稻,2012007,D62A,江苏省大华种业集团有限公司
湖南,1161S,培矮64S×133S,籼型不育系,湖南隆平高科农平种业有限公司,湘审稻2006048,湘审稻,2006048,培矮64S,湖南隆平高科农平种业有限公司
湖北,襄粳372,上海长粒粳×17Z42,粳型常规稻,襄阳市农业科学院等,鄂审稻20241031,鄂审稻,20241031,上海长粒粳,襄阳市农业科学院
河南,Y两优551,Y58S×利恢551,籼型两系杂交稻,长沙利诚种业有限公司,豫审稻2014006,豫审稻,2014006,Y58S,长沙利诚种业有限公司
河南,6优53,1586S×信粳5003,粳型两系杂交稻,信阳市农业科学研究所,豫审稻2012006,豫审稻,2012006,1586S,信阳市农业科学研究所
湖南,旗两优隆王丝苗,旗482S×隆王丝苗,籼型两系杂交稻,袁隆平农业高科技股份有限公司等,湘审稻20210037,湘审稻,20210037,旗482S,袁隆平农业高科技股份有限公司
湖南,湘优8218,湘菲A×湘恢8218,籼型三系杂交稻,湖南科裕隆种业有限公司,湘审稻2013006,湘审稻,2013006,湘菲A,湖南科裕隆种业有限公司
河南,五粳519,新粮501×镇稻88,粳型常规稻,新乡市新粮水稻研究所,豫审稻2014005,豫审稻,2014005,新粮501,新乡市新粮水稻研究所
湖南,中优281,中9A×R281,籼型三系杂交稻,怀化职业技术学院,湘审稻2007055,湘审稻,2007055,中9A,怀化职业技术学院
湖南,陵两优7736,湘陵750S×华736,籼型两系杂交稻,袁隆平农业高科技股份有限公司等,湘审稻20232004,湘审稻,20232004,湘陵750S,袁隆平农业高科技股份有限公司
湖南,德es,培矮64S,籼型不育系,德农正成种业长沙德农正成水稻研究所,湘审稻2006047,湘审稻,2006047,培矮64S,德农正成种业长沙德农正成水稻研究所
湖北,巨2优90,巨风2A×HR292,籼型三系杂交稻,湖北省农业科学院粮食作物研究所等,鄂审稻20220012,鄂审稻,20220012,巨风2A,湖北省农业科学院粮食作物研究所
湖南,G两优1号,温6310S×益恢1号,籼型两系杂交稻,湖南永益农业科技发展有限公司等,湘审稻2015011,湘审稻,2015011,温6310S,湖南永益农业科技发展有限公司
湖北,甬优1526,甬粳15A×F4926,籼粳交三系杂交稻,宁波市种子有限公司,鄂审稻2019029,鄂审稻,2019029,甬粳15A,宁波市种子有限公司
湖南,T优100,T98A×湘恢100,籼型三系杂交稻,湖南杂交水稻研究中心,湘审稻2006019,湘审稻,2006019,T98A,湖南杂交水稻研究中心
湖南,中优117,中9A×常恢117,籼型三系杂交稻,湖南金健种业有限责任公司等,湘审稻2006018,湘审稻,2006018,中9A,湖南金健种业有限责任公司
湖南,荃优4312,荃9311A×亚恢4312,籼型三系杂交稻,中国科学院亚热带农业生态研究所等,湘审稻20241001,湘审稻,20241001,荃9311A,中国科学院亚热带农业生态研究所
湖北,绵5优142,绵5A×恩恢142,籼型三系杂交稻,恩施土家族苗族自治州农业科学院等,鄂审稻2011008,鄂审稻,2011008,绵5A,恩施土家族苗族自治州农业科学院
湖南,T优1128,T98A×MZ98008-1128,籼型三系杂交稻,湖南明珠种业有限公司等,湘审稻2009057,湘审稻,2009057,T98A,湖南明珠种业有限公司
湖南,中莲优589,中莲1A×RT589,籼型三系杂交稻,邵阳市农业科学研究所等,湘审稻2015010,湘审稻,2015010,中莲1A,邵阳市农业科学研究所
湖南,农香32,AF6-82/R80×AF6-82/R80//三合占/农香16,籼型常规稻,湖南省水稻研究所,湘审稻2015009,湘审稻,2015009,AF6-82/R80,湖南省水稻研究所
湖南,五丰优317,五丰A×CR317,籼型三系杂交稻,衡阳市农业科学研究所等,湘审稻2015008,湘审稻,2015008,五丰A,衡阳市农业科学研究所
湖南,金两优838,Y22S×辐恢838,籼型两系杂交稻,北京金色农华种业科技有限公司,湘审稻2006017,湘审稻,2006017,Y22S,北京金色农华种业科技有限公司
湖南,荣优233,荣丰A×R233,籼型三系杂交稻,湖南金稻种业有限公司,湘审稻2015007,湘审稻,2015007,荣丰A,湖南金稻种业有限公司
湖北,红糯优1号,红糯1A×香糯1号,籼型三系杂交稻,湖北中香农业科技股份有限公司等,鄂审稻2019028,鄂审稻,2019028,红糯1A,湖北中香农业科技股份有限公司
湖北,广两优1128,广占63S×HR1128,籼型两系杂交稻,湖南杂交水稻研究中心,鄂审稻2014005,鄂审稻,2014005,广占63S,湖南杂交水稻研究中心
湖南,海两优85,海丰1S×G85,籼型两系杂交稻,海南神农大丰种业科技股份有限公司,湘审稻2006016,湘审稻,2006016,海丰1S,海南神农大丰种业科技股份有限公司
湖南,金谷优72,金谷A×蜀恢早72,籼型三系杂交稻,四川农业大学水稻研究所等,湘审稻2006015,湘审稻,2006015,金谷A,四川农业大学水稻研究所
湖南,九优207,898A×先恢207,籼型三系杂交稻,湖南金健种业有限责任公司等,湘审稻2006014,湘审稻,2006014,898A,湖南金健种业有限责任公司
湖南,隆锋优1549,隆锋18A×华恢8549,籼型三系杂交稻,袁隆平农业高科技股份有限公司等,湘审稻20236012,湘审稻,20236012,隆锋18A,袁隆平农业高科技股份有限公司
湖南,湘优616,湘丰70A×R616,籼型三系杂交稻,永州市农业科学研究所等,湘审稻2013005,湘审稻,2013005,湘丰70A,永州市农业科学研究所
湖北,E两优2300,EK2S×R300,籼型两系杂交稻,湖北省农业科学院粮食作物研究所等,鄂审稻20241003,鄂审稻,20241003,EK2S,湖北省农业科学院粮食作物研究所
湖南,泰优农39,泰丰A×农香39,籼型三系杂交稻,湖南金色农丰种业有限公司等,湘审稻20210036,湘审稻,20210036,泰丰A,湖南金色农丰种业有限公司
河南,获稻008,五粳008×豫粳6号,粳型常规稻,新乡市卫滨区科丰种植农民专业合作社,豫审稻2014004,豫审稻,2014004,五粳008,新乡市卫滨区科丰种植农民专业合作社
湖北,荃优7810,荃9311A×华恢7810,籼型三系杂交稻,湖南隆平高科种业科学研究院有限公司等,鄂审稻2019027,鄂审稻,2019027,荃9311A,湖南隆平高科种业科学研究院有限公司
湖北,福优9188,E927A×R1588,籼型三系杂交稻,武汉隆福康农业发展有限公司等,鄂审稻20220011,鄂审稻,20220011,E927A,武汉隆福康农业发展有限公司
湖南,天优103,天丰A×金恢103,籼型三系杂交稻,广东省金稻种业有限公司,湘审稻2013004,湘审稻,2013004,天丰A,广东省金稻种业有限公司
湖南,香两优68,香125S×D68,籼型两系杂交稻,湖南杂交水稻研究中心,湘品审第220号,湘审稻,220,香125S,湖南杂交水稻研究中心
湖南,宜香9号,宜香1A×宜恢9号,籼型三系杂交稻,宜宾市农业科学院,湘审稻2006045,湘审稻,2006045,宜香1A,宜宾市农业科学院
湖北,齐两优908,033S×R908,籼型两系杂交稻,合肥齐民济生生物技术研究所,鄂审稻2011007,鄂审稻,2011007,033S,合肥齐民济生生物技术研究所
湖北,天优华占,天丰A×华占,籼型三系杂交稻,中国水稻研究所等,鄂审稻2011006,鄂审稻,2011006,天丰A,中国水稻研究所
湖南,威优辐26,威20A×华联2号,籼型三系杂交稻,湖南杂交水稻研究中心等,湘品审第74号,湘审稻,74,威20A,湖南杂交水稻研究中心
河南,两优培粳,培矮64S×94205,粳型两系杂交稻,信阳市农业科学研究所,豫审稻2005002,豫审稻,2005002,培矮64S,信阳市农业科学研究所
湖南,T优277,T98A×R277,籼型三系杂交稻,湖南省水稻研究所,湘审稻2009056,湘审稻,2009056,T98A,湖南省水稻研究所
湖南,雁两优498,雁农S×498,籼型两系杂交稻,湖南省水稻研究所,湘审稻2007054,湘审稻,2007054,雁农S,湖南省水稻研究所
湖北,广10优新占,广10A×双华新占,籼型三系杂交稻,武汉弘耕种业有限公司等,鄂审稻20243012,鄂审稻,20243012,广10A,武汉弘耕种业有限公司
湖北,荆优6510,荆1A×荆恢6510,籼型三系杂交稻,荆州农业科学院等,鄂审稻2011005,鄂审稻,2011005,荆1A,荆州农业科学院
湖北,沪优549,沪旱5A×旱恢49,籼型三系杂交稻,上海市农业生物基因中心,鄂审稻2019026,鄂审稻,2019026,沪旱5A,上海市农业生物基因中心
河南,万象优982,万象A×红R982,籼型三系杂交稻,江西红一种业科技股份有限公司,豫审稻20220009,豫审稻,20220009,万象A,江西红一种业科技股份有限公司
湖南,D优2527,D200A×蜀恢527,籼型三系杂交稻,四川农业大学水稻研究所等,湘审稻2006044,湘审稻,2006044,D200A,四川农业大学水稻研究所
湖南,吉天A,湘州113A×吉天B,籼型不育系,湘西土家族苗族自治州农业科学研究院,湘审稻2015049,湘审稻,2015049,湘州113A,湘西土家族苗族自治州农业科学研究院
河南,红光粳1号,豫粳7号×黄金晴,粳型常规稻,新乡县新科麦稻研究所,豫审稻2005001,豫审稻,2005001,豫粳7号,新乡县新科麦稻研究所
湖北,楚丰优郢香丝苗,楚丰A×郢香丝苗,籼型三系杂交稻,湖北荃银高科种业有限公司,鄂审稻20243011,鄂审稻,20243011,楚丰A,湖北荃银高科种业有限公司
湖南,岳优63,岳4A×明恢63,籼型三系杂交稻,岳阳市农业科学研究所,湘品审第271号,湘审稻,271,岳4A,岳阳市农业科学研究所
湖南,株两优829,株1S×E829,籼型两系杂交稻,湖南省水稻研究所等,湘审稻2013003,湘审稻,2013003,株1S,湖南省水稻研究所
湖北,E两优827,EK8S×HD227,籼型两系杂交稻,湖北九瑞康农业科技有限公司等,鄂审稻20241002,鄂审稻,20241002,EK8S,湖北九瑞康农业科技有限公司
湖南,新香优102,新香A×华恢102,籼型三系杂交稻,湖南亚华种业科学研究院,湘审稻2006013,湘审稻,2006013,新香A,湖南亚华种业科学研究院
河南,新丰6号,豫粳6号×秋丰,粳型常规稻,河南丰源种子有限公司,豫审稻2012005,豫审稻,2012005,豫粳6号,河南丰源种子有限公司
湖南,深优2200,深97A×R2200,籼型三系杂交稻,国家杂交水稻工程技术研究中心清华深圳龙岗研究所,湘审稻2009055,湘审稻,2009055,深97A,国家杂交水稻工程技术研究中心清华深圳龙岗研究所
湖北,广两优15,广占63-4S×R15,籼型两系杂交稻,黄冈市农业科学院,鄂审稻2011004,鄂审稻,2011004,广占63-4S,黄冈市农业科学院
湖南,浙733,禾珍早×赤块矮选,籼型常规稻,浙江省农业科学院作物与核技术利用研究所,湘品审第73号,湘审稻,73,禾珍早,浙江省农业科学院作物与核技术利用研究所
湖北,隆晶优4393,隆晶4302A×华恢4393,籼型三系杂交稻,袁隆平农业高科技股份有限公司等,鄂审稻2019025,鄂审稻,2019025,隆晶4302A,袁隆平农业高科技股份有限公司
湖南,玖两优1339,33S×R1339,籼型两系杂交稻,湖南省水稻研究所等,湘审稻20190004,湘审稻,20190004,33S,湖南省水稻研究所
湖南,陵两优063,湘陵628S×华063,籼型两系杂交稻,袁隆平农业高科技股份有限公司等,湘审稻20232003,湘审稻,20232003,湘陵628S,袁隆平农业高科技股份有限公司
湖南,株两优929,株1S×E929,籼型两系杂交稻,湖南省水稻研究所等,湘审稻2015006,湘审稻,2015006,株1S,湖南省水稻研究所
湖北,格两优华占,格276S×华占,籼型两系杂交稻,湖北华之夏种子有限责任公司等,鄂审稻20210059,鄂审稻,20210059,格276S,湖北华之夏种子有限责任公司
河南,宛粳68D,花育446×旱稻502,粳型常规稻,南阳市农业科学院,豫审稻20200004,豫审稻,20200004,花育446,南阳市农业科学院
湖南,隆锋优4079,隆锋18A×华恢4079,籼型三系杂交稻,袁隆平农业高科技股份有限公司等,湘审稻20236011,湘审稻,20236011,隆锋18A,袁隆平农业高科技股份有限公司
河南,宛粳096,宛粳28×花育446,粳型常规稻,南阳市农业科学院,豫审稻2014003,豫审稻,2014003,宛粳28,南阳市农业科学院
湖北,绿稻Q7,黄华占×Basmati-superfine,籼型常规稻,湖北省种子集团有限公司,鄂审稻2014004,鄂审稻,2014004,黄华占,湖北省种子集团有限公司
湖北,沪优71,沪旱7A×虾稻1号,籼型三系杂交稻,湖北金湖农作物研究院等,鄂审稻20241030,鄂审稻,20241030,沪旱7A,湖北金湖农作物研究院
湖南,杨优1号,杨明A×张恢01,籼型三系杂交稻,湖南农大金农种业有限公司,湘审稻2010010,湘审稻,2010010,杨明A,湖南农大金农种业有限公司
湖北,格两优601,格276S×YZ601,籼型两系杂交稻,湖北华之夏种子有限责任公司等,鄂审稻20210058,鄂审稻,20210058,格276S,湖北华之夏种子有限责任公司
湖北,广两优558,广占63-4S×R558,籼型两系杂交稻,湖北省种子集团有限公司等,鄂审稻2011003,鄂审稻,2011003,广占63-4S,湖北省种子集团有限公司
湖北,华两优6号,华1201S×扬稻6号,籼型两系杂交稻,华中农业大学等,鄂审稻2017001,鄂审稻,2017001,华1201S,华中农业大学
湖南,湘早籼27号,847-5,籼型常规稻,永州市农业科学研究所,湘品审第219号,湘审稻,219,847-5,永州市农业科学研究所
湖南,T优115,T98A×R115,籼型三系杂交稻,湖南农业大学农学院,湘审稻2006012,湘审稻,2006012,T98A,湖南农业大学农学院
湖北,荃优967,荃9311A×R967,籼型三系杂交稻,中国种子集团有限公司等,鄂审稻2019024,鄂审稻,2019024,荃9311A,中国种子集团有限公司
湖南,Y两优86,Y58S×明恢86,籼型两系杂交稻,湖南杂交水稻研究中心,湘审稻2009054,湘审稻,2009054,Y58S,湖南杂交水稻研究中心
湖南,潇两优038,潇湘828S×华038,籼型两系杂交稻,袁隆平农业高科技股份有限公司等,湘审稻20232002,湘审稻,20232002,潇湘828S,袁隆平农业高科技股份有限公司
湖南,德两优早895,德1S×德恢895,籼型两系杂交稻,北京德农种业有限公司,湘审稻2013002,湘审稻,2013002,德1S,北京德农种业有限公司
河南,长粳6号,镇变2号×原96168,粳型常规稻,河南省长河种业有限公司,豫审稻2014002,豫审稻,2014002,镇变2号,河南省长河种业有限公司
湖南,株两优611,株1S×华611,籼型两系杂交稻,湖南亚华种业科学研究院,湘审稻2007017,湘审稻,2007017,株1S,湖南亚华种业科学研究院
湖南,腾两优蒂占,腾晖191S×蒂占,籼型两系杂交稻,袁隆平农业高科技股份有限公司等,湘审稻20236010,湘审稻,20236010,腾晖191S,袁隆平农业高科技股份有限公司
河南,郑花辐9号,郑90-1,粳型常规稻,郑州邙山区水稻中心站等,豫审稻2004007,豫审稻,2004007,郑90-1,郑州邙山区水稻中心站
湖南,中3优286,中3A×中恢286,籼型三系杂交稻,中国水稻研究所,湘审稻2010009,湘审稻,2010009,中3A,中国水稻研究所
湖北,铁两优1503,铁S×R1503,籼型两系杂交稻,荆州市龙马种业有限公司,鄂审稻20220010,鄂审稻,20220010,铁S,荆州市龙马种业有限公司
湖南,粘S,湘陵628S×黄华占,籼型不育系,怀化市农业科学研究所,湘审稻2015048,湘审稻,2015048,湘陵628S,怀化市农业科学研究所
湖南,星泰优018,星泰A×R018,籼型三系杂交稻,湖南洞庭高科种业股份有限公司等,湘审稻20210035,湘审稻,20210035,星泰A,湖南洞庭高科种业股份有限公司
湖南,陆两优1537,陆18S×R1537,籼型两系杂交稻,湖南省株洲市农业科学研究所,湘审稻2009053,湘审稻,2009053,陆18S,湖南省株洲市农业科学研究所
湖北,荆两优233,荆118S×R233,籼型两系杂交稻,湖北荆楚种业股份有限公司,鄂审稻2014003,鄂审稻,2014003,荆118S,湖北荆楚种业股份有限公司
湖南,湘早籼26号,湘早籼15号,籼型常规稻,湘潭市农业科学研究所,湘品审第218号,湘审稻,218,湘早籼15号,湘潭市农业科学研究所
湖北,E两优629,E农6S×R429,籼型两系杂交稻,湖北省农业科学院粮食作物研究所等,鄂审稻20241001,鄂审稻,20241001,E农6S,湖北省农业科学院粮食作物研究所
河南,郑稻201,郑旱6号×临稻16,粳型常规稻,河南省农业科学院粮食作物研究所等,豫审稻20200003,豫审稻,20200003,郑旱6号,河南省农业科学院粮食作物研究所
湖南,湘丰优9号,湘丰70A×湘恢9号,籼型三系杂交稻,湖南杂交水稻研究中心,湘审稻2007053,湘审稻,2007053,湘丰70A,湖南杂交水稻研究中心
湖南,中佳早29,Z99-312/嘉兴99-25×温3026,籼型常规稻,中国水稻研究所,湘审稻2015005,湘审稻,2015005,Z99-312/嘉兴99-25,中国水稻研究所
河南,郑稻20,郑稻18号×徐稻5号,粳型常规稻,河南省农业科学院粮食作物研究所,豫审稻2014001,豫审稻,2014001,郑稻18号,河南省农业科学院粮食作物研究所
湖北,益9优651,益9A×GR651,籼型三系杂交稻,湖北农益生物科技有限公司等,鄂审稻20241029,鄂审稻,20241029,益9A,湖北农益生物科技有限公司
河南,花粳2号,金南风,粳型常规稻,河南省郑州花园口农技站,豫粳3号,豫审稻,3,金南风,河南省郑州花园口农技站
湖南,两优航2号,SE21S×航2号,籼型两系杂交稻,福建省农业科学院水稻研究所,湘审稻2006043,湘审稻,2006043,SE21S,福建省农业科学院水稻研究所
湖北,香两优818,全香825S×R18,籼型两系杂交稻,湖北荃银高科种业有限公司,鄂审稻20243010,鄂审稻,20243010,全香825S,湖北荃银高科种业有限公司
湖南,晖两优8612,华晖217S×华恢8612,籼型两系杂交稻,袁隆平农业高科技股份有限公司等,湘审稻20210034,湘审稻,20210034,华晖217S,袁隆平农业高科技股份有限公司
湖北,徽两优晶占,徽晶S×晶占,籼型两系杂交稻,湖北中苗农业科技有限公司等,鄂审稻20220009,鄂审稻,20220009,徽晶S,湖北中苗农业科技有限公司
湖北,7优370,沪旱7A×R370,籼型三系杂交稻,中垦锦绣华农武汉科技有限公司等,鄂审稻2019023,鄂审稻,2019023,沪旱7A,中垦锦绣华农武汉科技有限公司
湖北,鄂丰7A,荃9311A×鄂丰7B,籼型不育系,湖北省种子集团有限公司,鄂审稻20230079,鄂审稻,20230079,荃9311A,湖北省种子集团有限公司
湖北,两优3313,033S×R13,籼型两系杂交稻,襄阳市农业科学院,鄂审稻2014002,鄂审稻,2014002,033S,襄阳市农业科学院
湖北,广两优35,广占63-4S×R35,籼型两系杂交稻,襄阳市农业科学院,鄂审稻2011002,鄂审稻,2011002,广占63-4S,襄阳市农业科学院
河南,信两优1319,信1313s×信丰19,籼型两系杂交稻,信阳市农业科学院,豫审稻20220008,豫审稻,20220008,信1313s,信阳市农业科学院
湖南,H28优207,H28A×先恢207,籼型三系杂交稻,衡阳市农业科学研究所,湘审稻2006011,湘审稻,2006011,H28A,衡阳市农业科学研究所
河南,玉稻518,新稻03518×玉米,粳型常规稻,河南师范大学生命科学学院等,豫审稻2012004,豫审稻,2012004,新稻03518,河南师范大学生命科学学院
湖南,KT27S,湘陵628S×标810S,籼型不育系,湖南师范大学生命科学学院,湘审稻2015047,湘审稻,2015047,湘陵628S,湖南师范大学生命科学学院
湖北,凯两优950,凯68S×ZR950,籼型两系杂交稻,湖北华泓种业科技有限公司,鄂审稻20220008,鄂审稻,20220008,凯68S,湖北华泓种业科技有限公司
湖南,陵两优741,湘陵750S×HY41,籼型两系杂交稻,袁隆平农业高科技股份有限公司等,湘审稻2013001,湘审稻,2013001,湘陵750S,袁隆平农业高科技股份有限公司
湖北,珞红4A,珞红3A×珞红4B,籼型不育系,武汉大学生命科学学院等,鄂审稻2016034,鄂审稻,2016034,珞红3A,武汉大学生命科学学院
河南,扬两优6号,广占63-4S×93-11,籼型两系杂交稻,江苏里下河地区农业科学研究所,豫审稻2004006,豫审稻,2004006,广占63-4S,江苏里下河地区农业科学研究所
湖南,中156,浙辐802×湘早籼1号,籼型常规稻,中国水稻研究所,湘品审第72号,湘审稻,72,浙辐802,中国水稻研究所
湖北,E农香两优1号,E农香11S×嘉禾6号,籼型两系杂交稻,湖北省农业科学院粮食作物研究所等,鄂审稻20241028,鄂审稻,20241028,E农香11S,湖北省农业科学院粮食作物研究所
湖南,煜两优4156,华煜4127S×HY56,籼型两系杂交稻,湖南亚华种业科学研究院,湘审稻2015004,湘审稻,2015004,华煜4127S,湖南亚华种业科学研究院
湖北,Ⅱ优162,Ⅱ-32A×蜀恢162,籼型三系杂交稻,四川农业大学水稻研究所,鄂审稻008-2001,鄂审稻,008-2001,Ⅱ-32A,四川农业大学水稻研究所
湖南,陵两优564,湘陵628S×华恢564,籼型两系杂交稻,湖南亚华种业科学研究院,湘审稻2009052,湘审稻,2009052,湘陵628S,湖南亚华种业科学研究院
湖南,培两优余红,培矮64S×余红1号,籼型两系杂交稻,湖南农业大学,湘品审第204号,湘审稻,204,培矮64S,湖南农业大学
湖北,华两优1871,华5818S×华珍371,籼型两系杂交稻,湖北楚创生物育种研究院等,鄂审稻20243009,鄂审稻,20243009,华5818S,湖北楚创生物育种研究院
湖南,株两优211,株1S×华211,籼型两系杂交稻,湖南亚华种业科学研究院,湘审稻2007016,湘审稻,2007016,株1S,湖南亚华种业科学研究院
湖南,杰丰A,T98A×金23B/粤丰B//T98B,籼型不育系,长沙市岳麓区希望农业研究所,湘审稻2012031,湘审稻,2012031,T98A,长沙市岳麓区希望农业研究所
河南,光灿9号,新丰2号×光粳139,粳型常规稻,河南正艺达种业有限公司,豫审稻20200002,豫审稻,20200002,新丰2号,河南正艺达种业有限公司
湖南,乐优2号,冈46A×乐恢C3-2,籼型三系杂交稻,乐山市良种场,湘审稻2006042,湘审稻,2006042,冈46A,乐山市良种场
河南,艺稻06-18,郑粳81754×豫粳6号,粳型常规稻,辉县市豫北种业有限公司,豫审稻2012003,豫审稻,2012003,郑粳81754,辉县市豫北种业有限公司
湖南,锦两优169,锦4128S×华169,籼型两系杂交稻,袁隆平农业高科技股份有限公司等,湘审稻20232001,湘审稻,20232001,锦4128S,袁隆平农业高科技股份有限公司
湖北,兆优6377,兆A×R6377,籼型三系杂交稻,安陆市兆农育种创新中心等,鄂审稻2019022,鄂审稻,2019022,兆A,安陆市兆农育种创新中心
湖北,源两优9526,源95S×R1226,籼型两系杂交稻,武汉武大天源生物科技股份有限公司,鄂审稻20220007,鄂审稻,20220007,源95S,武汉武大天源生物科技股份有限公司
湖南,金优郴97,金23A×郴R97-4,籼型三系杂交稻,湖南省郴州市农业科学研究所,湘审稻2006010,湘审稻,2006010,金23A,湖南省郴州市农业科学研究所
湖北,华528A,珍汕97A×华528B,籼型不育系,华中农业大学,鄂审稻2016033,鄂审稻,2016033,珍汕97A,华中农业大学
河南,新稻10号,豫粳6号×新稻89402,粳型常规稻,河南省新乡市农业科学院,豫审稻2004005,豫审稻,2004005,豫粳6号,河南省新乡市农业科学院
河南,18优75,18A×R1575,粳型三系杂交稻,天津天隆种业科技有限公司,豫审稻2013009,豫审稻,2013009,18A,天津天隆种业科技有限公司
湖北,两优302,HD9802S×R302,籼型两系杂交稻,湖北大学生命科学学院,鄂审稻2011001,鄂审稻,2011001,HD9802S,湖北大学生命科学学院
湖南,威优644,威20A×R644,籼型三系杂交稻,湖南杂交水稻研究中心,湘品审第203号,湘审稻,203,威20A,湖南杂交水稻研究中心
湖北,两优全赢占,银312S×全赢占,籼型两系杂交稻,荆州市金龙发种业有限公司等,鄂审稻20210057,鄂审稻,20210057,银312S,荆州市金龙发种业有限公司
河南,新稻571,新科稻31×盐丰47,粳型常规稻,河南省新乡市农业科学院,豫审稻20220007,豫审稻,20220007,新科稻31,河南省新乡市农业科学院
湖南,欣荣优123,欣荣A×R123,籼型三系杂交稻,湖南金色农华种业科技有限公司,湘审稻2015003,湘审稻,2015003,欣荣A,湖南金色农华种业科技有限公司
湖北,Ⅱ优725,Ⅱ-32A×绵恢725,籼型三系杂交稻,绵阳市农业科学研究所,鄂审稻007-2001,鄂审稻,007-2001,Ⅱ-32A,绵阳市农业科学研究所
河南,新丰1517,苑丰09-24×徐稻3号,粳型常规稻,新乡市远缘分子育种工程技术研究中心,豫审稻20200001,豫审稻,20200001,苑丰09-24,新乡市远缘分子育种工程技术研究中心
湖南,中优668,中9A×R968,籼型三系杂交稻,湖南湘东种业有限责任公司,湘审稻2009051,湘审稻,2009051,中9A,湖南湘东种业有限责任公司
湖南,焱两优5501,焱599S×华恢5501,籼型两系杂交稻,袁隆平农业高科技股份有限公司等,湘审稻20236009,湘审稻,20236009,焱599S,袁隆平农业高科技股份有限公司
河南,新丰7号,镇稻99×金世纪,粳型常规稻,新乡市远缘分子育种工程技术研究中心,豫审稻2013008,豫审稻,2013008,镇稻99,新乡市远缘分子育种工程技术研究中心
湖南,金优108,金23A×州恢108,籼型三系杂交稻,湖南省湘西州农业科学研究所,湘审稻2006041,湘审稻,2006041,金23A,湖南省湘西州农业科学研究所
湖南,新香优77,新香A×明恢77,籼型三系杂交稻,湖南杂交水稻研究中心,湘品审第202号,湘审稻,202,新香A,湖南杂交水稻研究中心
湖北,襄两优827,襄3S×R827,籼型两系杂交稻,襄阳市农业科学院等,鄂审稻20220006,鄂审稻,20220006,襄3S,襄阳市农业科学院
湖南,金优898,金23A×R898,籼型三系杂交稻,湖南隆平高科农平种业有限公司,湘审稻2006009,湘审稻,2006009,金23A,湖南隆平高科农平种业有限公司
湖南,湘早籼11号,浙辐802×湘早籼1号,籼型常规稻,湖南省水稻研究所,湘品审第71号,湘审稻,71,浙辐802,湖南省水稻研究所
湖南,中3优810,中3A×中恢810,籼型三系杂交稻,中国水稻研究所等,湘审稻2009050,湘审稻,2009050,中3A,中国水稻研究所
湖北,多籼占2号,华占×A2-2X,籼型常规稻,武汉多倍体生物科技有限公司,鄂审稻20243008,鄂审稻,20243008,华占,武汉多倍体生物科技有限公司
湖南,香禾优明月丝苗,香禾A×R明月丝苗,籼型三系杂交稻,江西龙安种业有限公司等,湘审稻20230064,湘审稻,20230064,香禾A,江西龙安种业有限公司
河南,菡香9,津稻263/新丰2号×玉稻518,粳型常规稻,河南菡香生态农业专业合作社,豫审稻20220006,豫审稻,20220006,津稻263/新丰2号,河南菡香生态农业专业合作社
湖南,长两优35,长D26S×望恢035,籼型两系杂交稻,湖南希望种业科技股份有限公司,湘审稻2015002,湘审稻,2015002,长D26S,湖南希望种业科技股份有限公司
河南,郑州早粳,草笛×郑粳7号,粳型常规稻,河南省农业科学院粮作所,豫粳2号,豫审稻,2,草笛,河南省农业科学院粮作所
湖北,乐优94,乐丰A×岳恢94,籼型三系杂交稻,福建省农业科学院水稻研究所,鄂审稻2010029,鄂审稻,2010029,乐丰A,福建省农业科学院水稻研究所
湖南,汕优527,珍汕97A×蜀恢527,籼型三系杂交稻,湖南川农高科种业有限责任公司等,湘审稻2006040,湘审稻,2006040,珍汕97A,湖南川农高科种业有限责任公司
湖南,色香优明月丝苗,色香A×R明月丝苗,籼型三系杂交稻,江西天稻粮安种业有限公司等,湘审稻20230063,湘审稻,20230063,色香A,江西天稻粮安种业有限公司
湖南,安优607,安丰A×华恢607,籼型三系杂交稻,长沙市三华农业科技有限公司,湘审稻2015001,湘审稻,2015001,安丰A,长沙市三华农业科技有限公司
湖南,K优17,K17A×泸恢17,籼型三系杂交稻,四川省农业科学院水稻高粱研究所,湘品审第269号,湘审稻,269,K17A,四川省农业科学院水稻高粱研究所
湖南,金优555,金23A×R555,籼型三系杂交稻,海南神农大丰种业科技股份有限公司,湘审稻2006008,湘审稻,2006008,金23A,海南神农大丰种业科技股份有限公司
湖北,甬优4919,甬粳49A×F9019,籼粳交三系杂交稻,宁波种业股份有限公司,鄂审稻20200019,鄂审稻,20200019,甬粳49A,宁波种业股份有限公司
河南,郑粳107,郑粳12,粳型常规稻,河南省农业科学院粮作所,豫粳1号,豫审稻,1,郑粳12,河南省农业科学院粮作所
湖北,惠香8A,IR58025A×惠香8B,籼型不育系,武汉惠华三农种业有限公司,鄂审稻20230078,鄂审稻,20230078,IR58025A,武汉惠华三农种业有限公司
湖北,两优27,HD9802S×R27,籼型两系杂交稻,湖北荆楚种业股份有限公司,鄂审稻2014001,鄂审稻,2014001,HD9802S,湖北荆楚种业股份有限公司
河南,华农330,五粳519×徐稻3号,粳型常规稻,新乡市华农种业有限公司,豫审稻20220005,豫审稻,20220005,五粳519,新乡市华农种业有限公司
湖北,楚两优983,楚18S×R983,籼型两系杂交稻,湖北楚创高科农业有限公司,鄂审稻20220005,鄂审稻,20220005,楚18S,湖北楚创高科农业有限公司
湖南,中优4202,中9A×4202,籼型三系杂交稻,德农正成种业长沙水稻所,湘审稻2009049,湘审稻,2009049,中9A,德农正成种业长沙水稻所
湖北,E两优287,EK2S×R87,籼型两系杂交稻,湖北汇楚智生物科技有限公司等,鄂审稻20220004,鄂审稻,20220004,EK2S,湖北汇楚智生物科技有限公司
湖北,全优5138,全丰A×福恢5138,籼型三系杂交稻,福建省农业科学院水稻研究所,鄂审稻2010028,鄂审稻,2010028,全丰A,福建省农业科学院水稻研究所
湖北,红糯优77,红糯1A×福糯1号,籼型三系杂交稻,湖北中香农业科技股份有限公司等,鄂审稻20243007,鄂审稻,20243007,红糯1A,湖北中香农业科技股份有限公司
湖南,湘早籼10号,湘早籼3号,籼型常规稻,湖南省水稻研究所,湘品审第70号,湘审稻,70,湘早籼3号,湖南省水稻研究所
湖北,两优金丝,EK8S×汇金丝,籼型两系杂交稻,湖北汇楚智生物科技有限公司等,鄂审稻20230047,鄂审稻,20230047,EK8S,湖北汇楚智生物科技有限公司
湖南,陆两优611,陆18S×华611,籼型两系杂交稻,湖南亚华种业科学研究院,湘审稻2006007,湘审稻,2006007,陆18S,湖南亚华种业科学研究院
湖南,甬优6756,甬粳67A×F156,籼型三系杂交稻,宁波种业股份有限公司,湘审稻20230062,湘审稻,20230062,甬粳67A,宁波种业股份有限公司
湖南,新香优80,新香A×R80,籼型三系杂交稻,湖南农业大学水稻研究所,湘品审第201号,湘审稻,201,新香A,湖南农业大学水稻研究所
湖北,两优培九,培矮64S×93-11,籼型两系杂交稻,江苏省农业科学院粮食作物研究所等,鄂审稻006-2001,鄂审稻,006-2001,培矮64S,江苏省农业科学院粮食作物研究所
河南,冈优1237,冈46A×绵恢1237,籼型三系杂交稻,四川国豪种业有限公司等,豫审稻2009007,豫审稻,2009007,冈46A,四川国豪种业有限公司
河南,新丰12,新丰7号×苏秀9号,粳型常规稻,河南丰源种子有限公司,豫审稻20220004,豫审稻,20220004,新丰7号,河南丰源种子有限公司
湖南,金优163,金23A×R6-163,籼型三系杂交稻,湖南泰邦农业科技发展有限公司,湘审稻2007052,湘审稻,2007052,金23A,湖南泰邦农业科技发展有限公司
湖南,华煜4127S,株1S/R9311×R9311,籼型不育系,湖南亚华种业科学研究院等,湘审稻2015046,湘审稻,2015046,株1S/R9311,湖南亚华种业科学研究院
河南,新粮310,获稻008×新粮501,粳型常规稻,河南大学等,豫审稻20190009,豫审稻,20190009,获稻008,河南大学
湖北,N55s,N5088s×R2000,粳型不育系,湖北省农业科学院粮食作物研究所,鄂审稻2016032,鄂审稻,2016032,N5088s,湖北省农业科学院粮食作物研究所
湖北,襄优5327,襄313A×R5327,籼型三系杂交稻,襄阳市农业科学院等,鄂审稻2019021,鄂审稻,2019021,襄313A,襄阳市农业科学院
河南,两优8901,1892S×RH01,籼型两系杂交稻,安徽省创富种业有限公司等,豫审稻2013007,豫审稻,2013007,1892S,安徽省创富种业有限公司
湖北,领优华占,领A×华占,籼型三系杂交稻,湖南隆平种业有限公司等,鄂审稻20200018,鄂审稻,20200018,领A,湖南隆平种业有限公司
湖北,广8优粤禾丝苗,广8A×粤禾丝苗,籼型三系杂交稻,广东省农业科学院水稻研究所等,鄂审稻20200017,鄂审稻,20200017,广8A,广东省农业科学院水稻研究所
湖北,荃优425,荃9311A×R425,籼型三系杂交稻,湖北鄂科华泰种业股份有限公司等,鄂审稻20200016,鄂审稻,20200016,荃9311A,湖北鄂科华泰种业股份有限公司
湖北,荃优303,荃9311A×R303,籼型三系杂交稻,湖北省种子集团有限公司等,鄂审稻20200015,鄂审稻,20200015,荃9311A,湖北省种子集团有限公司
湖南,T91S,Y58S×1103S,籼型不育系,湖南师范大学生命科学学院,湘审稻2014024,湘审稻,2014024,Y58S,湖南师范大学生命科学学院
湖北,E两优242,EK2S×R42,籼型两系杂交稻,湖北省农业科学院粮食作物研究所等,鄂审稻20220003,鄂审稻,20220003,EK2S,湖北省农业科学院粮食作物研究所
河南,丰优香占,粤丰A×R6547,籼型三系杂交稻,江苏里下河地区农业科学研究所等,豫审稻2004004,豫审稻,2004004,粤丰A,江苏里下河地区农业科学研究所
湖北,两优全赢丝苗,银312S×全赢丝苗,籼型两系杂交稻,湖北荃银高科种业有限公司等,鄂审稻20210056,鄂审稻,20210056,银312S,湖北荃银高科种业有限公司
湖南,粘两优28,粘S×YR28,籼型两系杂交稻,湖南永益农业科技发展有限公司等,湘审稻2015045,湘审稻,2015045,粘S,湖南永益农业科技发展有限公司
湖南,晶优丽斯,晶玉A×丽斯,籼型三系杂交稻,湖南永益农业科技发展有限公司等,湘审稻20230061,湘审稻,20230061,晶玉A,湖南永益农业科技发展有限公司
湖北,七?百谷,HR107×百谷8号,籼型常规稻,恩施土家族苗族自治州农业科学院,鄂审稻20241027,鄂审稻,20241027,HR107,恩施土家族苗族自治州农业科学院
湖北,珞红5A,珞红3A×珞红5B,籼型不育系,武汉大学等,鄂审稻20230077,鄂审稻,20230077,珞红3A,武汉大学
湖南,健优8号,健645A×常恢117选,籼型三系杂交稻,湖南金健种业有限责任公司等,湘审稻2007051,湘审稻,2007051,健645A,湖南金健种业有限责任公司
河南,五粳04136,豫粳6号×镇稻88,粳型常规稻,新乡市新粮水稻研究所,豫审稻2012002,豫审稻,2012002,豫粳6号,新乡市新粮水稻研究所
湖南,威优56,威20A×R56,籼型三系杂交稻,湖南农业大学,湘品审第200号,湘审稻,200,威20A,湖南农业大学
湖南,伍两优0243,晶4155S×华恢0243,籼型两系杂交稻,袁隆平农业高科技股份有限公司等,湘审稻20236008,湘审稻,20236008,晶4155S,袁隆平农业高科技股份有限公司
河南,新香粳1号,新科稻35×盐丰47,粳型常规稻,河南省新乡市农业科学院,豫审稻20220003,豫审稻,20220003,新科稻35,河南省新乡市农业科学院
河南,苑丰818,新丰0621×远稻3217,粳型常规稻,新乡市远缘分子育种工程技术研究中心,豫审稻20220002,豫审稻,20220002,新丰0621,新乡市远缘分子育种工程技术研究中心
湖北,华丰62,粤禾丝苗×万家香2号,籼型常规稻,湖北华之夏种子有限责任公司等,鄂审稻20230046,鄂审稻,20230046,粤禾丝苗,湖北华之夏种子有限责任公司
湖北,荃优133,荃9311A×R133,籼型三系杂交稻,华控种业科创服务（武汉）有限公司等,鄂审稻20200014,鄂审稻,20200014,荃9311A,华控种业科创服务（武汉）有限公司
湖南,晶4155S,湘陵628S×Y58S,籼型不育系,湖南亚华种业科学研究院,湘审稻2014023,湘审稻,2014023,湘陵628S,湖南亚华种业科学研究院
湖北,荃优锦禾,荃9311A×锦禾,籼型三系杂交稻,北京金色农华种业科技股份有限公司等,鄂审稻20200013,鄂审稻,20200013,荃9311A,北京金色农华种业科技股份有限公司
湖北,荃优068,荃9311A×R068,籼型三系杂交稻,湖北智荆高新种业科技有限公司等,鄂审稻20210055,鄂审稻,20210055,荃9311A,湖北智荆高新种业科技有限公司
河南,新稻22,镇稻99×01D41LB88,粳型常规稻,新乡市农业科学院,豫审稻2012001,豫审稻,2012001,镇稻99,新乡市农业科学院
湖北,中9优恩66,中9A×恩恢66,籼型三系杂交稻,恩施土家族苗族自治州农业科学院,鄂审稻2013013,鄂审稻,2013013,中9A,恩施土家族苗族自治州农业科学院
湖北,扬稻6号,扬稻4号×盐3021,籼型常规稻,江苏里下河地区农业科学研究所,鄂审稻005-2001,鄂审稻,005-2001,扬稻4号,江苏里下河地区农业科学研究所
湖南,荣优华占,荣丰A×华占,籼型三系杂交稻,广东省农业科学院水稻研究所等,湘审稻2015044,湘审稻,2015044,荣丰A,广东省农业科学院水稻研究所
湖南,76优312,76-27A×培C312,粳型三系杂交稻,湖南杂交水稻研究中心,湘品审第61号,湘审稻,61,76-27A,湖南杂交水稻研究中心
湖北,荃优412,荃9311A×R412,籼型三系杂交稻,湖北省种子集团有限公司等,鄂审稻2019020,鄂审稻,2019020,荃9311A,湖北省种子集团有限公司
湖南,E68A,T98A×T98B/常菲22B,籼型不育系,湖南胜必达种业研究所,湘审稻2012030,湘审稻,2012030,T98A,湖南胜必达种业研究所
湖南,隆科638S,湘陵628S×C815S,籼型不育系,湖南亚华种业科学研究院,湘审稻2014022,湘审稻,2014022,湘陵628S,湖南亚华种业科学研究院
湖北,28507S,广占63-4S×明恢63/黄华占,籼型不育系,武汉佳禾生物科技有限责任公司,鄂审稻20230076,鄂审稻,20230076,广占63-4S,武汉佳禾生物科技有限责任公司
湖南,湘华优7号,华37A×华恢7号,籼型三系杂交稻,湖南亚华种业科学研究院,湘审稻2006039,湘审稻,2006039,华37A,湖南亚华种业科学研究院
湖北,天源903S,HD9802S×华201S,籼型不育系,武汉武大天源生物科技股份有限公司,鄂审稻2016031,鄂审稻,2016031,HD9802S,武汉武大天源生物科技股份有限公司
湖南,岳优9264,岳4A×W264,籼型三系杂交稻,岳阳市农业科学研究所等,湘审稻2009048,湘审稻,2009048,岳4A,岳阳市农业科学研究所
湖北,绿优1号,绿三A×绿稻24,籼型三系杂交稻,安徽省农业科学院绿色食品工程研究所,鄂审稻2005007,鄂审稻,2005007,绿三A,安徽省农业科学院绿色食品工程研究所
湖南,株两优706,株1S×R706,籼型两系杂交稻,湖南隆平高科农平种业有限公司,湘审稻2006006,湘审稻,2006006,株1S,湖南隆平高科农平种业有限公司
河南,新旱1号,IAPAR9,粳型常规稻,新蔡县俊山种业公司,豫审稻2011005,豫审稻,2011005,IAPAR9,新蔡县俊山种业公司
河南,郑稻C42,阳光香稻×江苏糯稻,粳型常规稻,河南省农业科学院粮食作物研究所,豫审稻20220001,豫审稻,20220001,阳光香稻,河南省农业科学院粮食作物研究所
湖南,湘中籼4号,91491×铁三矮2号,籼型常规稻,湘西自治州农业科学研究所,湘品审第267号,湘审稻,267,91491,湘西自治州农业科学研究所
湖北,G189S,HD9802S,籼型不育系,湖北华泓种业科技有限公司,鄂审稻20230075,鄂审稻,20230075,HD9802S,湖北华泓种业科技有限公司
湖北,宜香优208,宜香1A×HR208,籼型三系杂交稻,湖北清江种业有限责任公司,鄂审稻2010027,鄂审稻,2010027,宜香1A,湖北清江种业有限责任公司
湖南,五优华占,五丰A×华占,籼型三系杂交稻,广东省农业科学院水稻研究所等,湘审稻2014021,湘审稻,2014021,五丰A,广东省农业科学院水稻研究所
河南,Ⅱ优688,Ⅱ-32A×信恢688,籼型三系杂交稻,信阳市农业科学研究所,豫审稻2009006,豫审稻,2009006,Ⅱ-32A,信阳市农业科学研究所
河南,豫农粳12,镇稻88×方欣4号,粳型常规稻,河南农业大学,豫审稻20190008,豫审稻,20190008,镇稻88,河南农业大学
河南,3优18,津3A×C418,粳型三系杂交稻,天津市水稻研究所,豫审稻2004003,豫审稻,2004003,津3A,天津市水稻研究所
湖北,福两优兴占,福兴16S×兴占,籼型两系杂交稻,湖北垄上缘种业科技有限公司等,鄂审稻20243006,鄂审稻,20243006,福兴16S,湖北垄上缘种业科技有限公司
湖北,五优蒂占,五丰A×蒂占,籼型三系杂交稻,袁隆平农业高科技股份有限公司等,鄂审稻20241026,鄂审稻,20241026,五丰A,袁隆平农业高科技股份有限公司
湖南,株两优30,株1S×潭早30,籼型两系杂交稻,湘潭市农业科学研究所,湘审稻2006005,湘审稻,2006005,株1S,湘潭市农业科学研究所
湖北,C两优361,C815S×R361,籼型两系杂交稻,湖北农华生物科技有限公司等,鄂审稻20220002,鄂审稻,20220002,C815S,湖北农华生物科技有限公司
湖南,金优402,金23A×R402,籼型三系杂交稻,湖南省安江农业学校等,湘品审第199号,湘审稻,199,金23A,湖南省安江农业学校
湖北,青华油丝,粤禾丝苗×丰美占,籼型常规稻,湖北华之夏种子有限责任公司等,鄂审稻20230045,鄂审稻,20230045,粤禾丝苗,湖北华之夏种子有限责任公司
湖南,庆源优696,庆源A×利恢696,籼型三系杂交稻,长沙利诚种业有限公司等,湘审稻20230060,湘审稻,20230060,庆源A,长沙利诚种业有限公司
湖南,晚籼紫宝,晚205×97紫,籼型常规稻,湖南省水稻研究所,湘审稻2014020,湘审稻,2014020,晚205,湖南省水稻研究所
河南,裕早粳1号,日本晴/连粳3号×镇稻99,粳型常规稻,河南正艺达种业有限公司等,豫审稻20210011,豫审稻,20210011,日本晴/连粳3号,河南正艺达种业有限公司
河南,广两优香66,广占63-4S×香恢66,籼型两系杂交稻,湖北省农业技术推广总站等,豫审稻2011004,豫审稻,2011004,广占63-4S,湖北省农业技术推广总站
湖南,湘早籼9号,红突5号,籼型常规稻,湖南省郴州地区农业科学研究所,湘品审第60号,湘审稻,60,红突5号,湖南省郴州地区农业科学研究所
湖南,星优1号,星城A×先恢207,籼型三系杂交稻,湖南省水稻研究所,湘审稻2009047,湘审稻,2009047,星城A,湖南省水稻研究所
湖南,盛093A,中9A×盛093B,籼型不育系,湖南恒德种业科技有限公司,湘审稻2012029,湘审稻,2012029,中9A,湖南恒德种业科技有限公司
河南,慧粳1号,苏秀10号×新丰2号,粳型常规稻,不详,豫审稻20210010,豫审稻,20210010,苏秀10号,不详
湖南,誉两优5524,华誉568S×华恢5524,籼型两系杂交稻,袁隆平农业高科技股份有限公司等,湘审稻20236007,湘审稻,20236007,华誉568S,袁隆平农业高科技股份有限公司
湖北,隆两优3206,隆科638S×AC3206,籼型两系杂交稻,湖南隆平种业有限公司等,鄂审稻2018010,鄂审稻,2018010,隆科638S,湖南隆平种业有限公司
湖北,巨风优650,巨风2A×R650,籼型三系杂交稻,湖北省农业科学院粮食作物研究所等,鄂审稻2019019,鄂审稻,2019019,巨风2A,湖北省农业科学院粮食作物研究所
湖北,E两优98,E农10S×恢98,籼型两系杂交稻,武汉市农业科学院等,鄂审稻20243005,鄂审稻,20243005,E农10S,武汉市农业科学院
湖北,中9优168,中9A×冈恢168,籼型三系杂交稻,黄冈市农业科学院,鄂审稻2013012,鄂审稻,2013012,中9A,黄冈市农业科学院
湖北,望两优华占,望S×华占,籼型两系杂交稻,湖南希望种业科技股份有限公司等,鄂审稻2018009,鄂审稻,2018009,望S,湖南希望种业科技股份有限公司
湖南,八两优96,810S×怀96-1,籼型两系杂交稻,怀化市农业科学研究所,湘品审第266号,湘审稻,266,810S,怀化市农业科学研究所
湖北,绵5优838,绵5A×辐恢838,籼型三系杂交稻,绵阳市农业科学研究所,鄂审稻2005006,鄂审稻,2005006,绵5A,绵阳市农业科学研究所
湖北,天龙S,Y58S/IR79156×R109,籼型不育系,四川西科种业股份有限公司天龙水稻研究所,鄂审稻2016030,鄂审稻,2016030,Y58S/IR79156,四川西科种业股份有限公司天龙水稻研究所
河南,桂朝2号,桂阳矮49×朝阳早18,籼型常规稻,广东省农业科学院水稻研究所,桂朝2号,桂审稻,2,桂阳矮49,广东省农业科学院水稻研究所
湖南,香糯24,湘早籼24号,籼型常规稻,郴州市农业科学研究所,湘审稻2006004,湘审稻,2006004,湘早籼24号,郴州市农业科学研究所
湖北,7优88,沪旱7A×R88,籼型三系杂交稻,湖北大学,鄂审稻20200012,鄂审稻,20200012,沪旱7A,湖北大学
湖北,悦两优8602,华悦468S×华恢8602,籼型两系杂交稻,湖北惠民农业科技有限公司等,鄂审稻20210054,鄂审稻,20210054,华悦468S,湖北惠民农业科技有限公司
湖北,巨2优70,巨风2A×WP67,籼型三系杂交稻,湖北省农业科学院粮食作物研究所等,鄂审稻20200011,鄂审稻,20200011,巨风2A,湖北省农业科学院粮食作物研究所
湖南,六福A,金23A×六福B,籼型不育系,湖南奥谱隆种业科技有限公司等,湘审稻2012028,湘审稻,2012028,金23A,湖南奥谱隆种业科技有限公司
湖北,鉴真2号,珍稻,籼型常规稻,湖北省京山县种子公司,鄂审稻004-2001,鄂审稻,004-2001,珍稻,湖北省京山县种子公司
河南,信粳1号,信粳64/宁粳3号×宁粳3号,粳型常规稻,信阳市农业科学院,豫审稻20190007,豫审稻,20190007,信粳64/宁粳3号,信阳市农业科学院
湖北,恩禾优291,恩禾28A×R291,籼型三系杂交稻,恩施禾壮植保科技有限责任公司,鄂审稻2010026,鄂审稻,2010026,恩禾28A,恩施禾壮植保科技有限责任公司
河南,耕耘2号,耕香A×耕恢2号,籼型三系杂交稻,河南固始县种子公司,豫审稻2004002,豫审稻,2004002,耕香A,河南固始县种子公司
湖北,韵两优5187,韵2013S×R5187,籼型两系杂交稻,袁隆平农业高科技股份有限公司等,鄂审稻2019018,鄂审稻,2019018,韵2013S,袁隆平农业高科技股份有限公司
湖北,深两优086,深08S×GS-6,籼型两系杂交稻,湖北谷神科技有限责任公司等,鄂审稻20243004,鄂审稻,20243004,深08S,湖北谷神科技有限责任公司
湖北,鑫优9113,鑫A×岳恢9113,籼型三系杂交稻,湖南洞庭种业高科股份有限公司等,鄂审稻2013011,鄂审稻,2013011,鑫A,湖南洞庭种业高科股份有限公司
湖北,法32S,深08S×1892S,籼型不育系,湖南谷得乐农业科技有限公司等,鄂审稻20230074,鄂审稻,20230074,深08S,湖南谷得乐农业科技有限公司
湖北,深两优1177,深08S×R1177,籼型两系杂交稻,四川隆平高科种业有限公司,鄂审稻2018008,鄂审稻,2018008,深08S,四川隆平高科种业有限公司
湖北,琴两优2871,琴02S×R287-1,籼型两系杂交稻,湖北大学,鄂审稻20220001,鄂审稻,20220001,琴02S,湖北大学
湖南,中优早5号,A345×84-17,籼型常规稻,中国水稻研究所,湘品审第198号,湘审稻,198,A345,中国水稻研究所
河南,冈优458,冈46A×华恢027,籼型三系杂交稻,四川华丰种业有限责任公司,豫审稻2011003,豫审稻,2011003,冈46A,四川华丰种业有限责任公司
湖北,雨两优1699,雨03S×恢1699,籼型两系杂交稻,中垦锦绣华农武汉科技有限公司,鄂审稻20243003,鄂审稻,20243003,雨03S,中垦锦绣华农武汉科技有限公司
湖北,珞优568,珞红4A×恩恢568,籼型三系杂交稻,恩施土家族苗族自治州农业科学院等,鄂审稻20241025,鄂审稻,20241025,珞红4A,恩施土家族苗族自治州农业科学院
湖北,E两优68,EK2S×EW68,籼型两系杂交稻,武汉市农业科学院等,鄂审稻20230044,鄂审稻,20230044,EK2S,武汉市农业科学院
河南,蜀优978,川香29A×华恢007,籼型三系杂交稻,四川华丰种业有限责任公司,豫审稻2009005,豫审稻,2009005,川香29A,四川华丰种业有限责任公司
河南,广两优19,广占63-4S×信丰19,籼型两系杂交稻,信阳市农业科学院,豫审稻20190006,豫审稻,20190006,广占63-4S,信阳市农业科学院
湖北,扬两优6号,广占63-4S×93-11,籼型两系杂交稻,江苏里下河地区农业科学研究所,鄂审稻2005005,鄂审稻,2005005,广占63-4S,江苏里下河地区农业科学研究所
湖南,隆3优华占,隆398A×华占,籼型三系杂交稻,湖南隆平种业有限公司等,湘审稻2015043,湘审稻,2015043,隆398A,湖南隆平种业有限公司
湖南,冈优416,冈46A×R416,籼型三系杂交稻,湖南隆平高科农平种业有限公司,湘审稻2006038,湘审稻,2006038,冈46A,湖南隆平高科农平种业有限公司
湖南,晶优六福,晶玉A×六福,籼型三系杂交稻,湖南永益农业科技发展有限公司等,湘审稻20230059,湘审稻,20230059,晶玉A,湖南永益农业科技发展有限公司
湖南,湘菲优8118,湘菲A×湘恢8118,籼型三系杂交稻,湖南科裕隆种业有限公司,湘审稻2009046,湘审稻,2009046,湘菲A,湖南科裕隆种业有限公司
湖北,创两优宏占,创5S×宏占,籼型两系杂交稻,袁氏种业高科技有限公司,鄂审稻2018007,鄂审稻,2018007,创5S,袁氏种业高科技有限公司
湖北,内6优568,内香6A×恩恢568,籼型三系杂交稻,恩施土家族苗族自治州农业科学院等,鄂审稻20241024,鄂审稻,20241024,内香6A,恩施土家族苗族自治州农业科学院
湖北,华珍115,黄华占×黄华占//黄华占/华3234,籼型常规稻,湖北省种子集团有限公司,鄂审稻20216002,鄂审稻,20216002,黄华占,湖北省种子集团有限公司
河南,焦杂粳1号,焦31A×焦恢2号,粳型三系杂交稻,焦作市农林科学研究院,豫审稻2011002,豫审稻,2011002,焦31A,焦作市农林科学研究院
湖南,鄂荆糯6号,桂朝2号,籼型常规稻,湖北省荆州地区农业科学研究所,湘品审第59号,湘审稻,59,桂朝2号,湖北省荆州地区农业科学研究所
河南,金协优988,协青早A×R988,籼型三系杂交稻,固始金丰种业有限公司,豫审稻2009004,豫审稻,2009004,协青早A,固始金丰种业有限公司
湖南,嘉育21,G96-29×YD95-1,籼型常规稻,嘉兴市农业科学研究院,湘审稻2006003,湘审稻,2006003,G96-29,嘉兴市农业科学研究院
河南,玉粳3,玉稻518×RMIM03,粳型常规稻,濮阳县富科种植专业合作社,豫审稻20210009,豫审稻,20210009,玉稻518,濮阳县富科种植专业合作社
湖北,糯56S,02-6S//02-6S/鄂香1号×鄂荆糯6号,籼型不育系,湖北中香农业科技股份有限公司等,鄂审稻2016029,鄂审稻,2016029,02-6S//02-6S/鄂香1号,湖北中香农业科技股份有限公司
河南,皖稻87,广占63S×93-11,籼型两系杂交稻,合肥丰乐种业股份有限公司,豫审稻2004001,豫审稻,2004001,广占63S,合肥丰乐种业股份有限公司
湖北,魅两优1206,魅051S×R1206,籼型两系杂交稻,荆州农业科学院等,鄂审稻20230043,鄂审稻,20230043,魅051S,荆州农业科学院
河南,金博优3523,金博3A×绵恢523,籼型三系杂交稻,河南金博士种业股份有限公司等,豫审稻20190005,豫审稻,20190005,金博3A,河南金博士种业股份有限公司
河南,C两优33,C815S×E33-1,籼型两系杂交稻,湖南金色农华种业科技有限公司,豫审稻20190004,豫审稻,20190004,C815S,湖南金色农华种业科技有限公司
河南,荃优6号,荃9311A×RC6,籼型三系杂交稻,中国农业科学院作物科学研究所等,豫审稻20190003,豫审稻,20190003,荃9311A,中国农业科学院作物科学研究所
湖北,科优21,湘菲A×湘恢529,籼型三系杂交稻,湖南科裕隆种业有限公司,鄂审稻2010025,鄂审稻,2010025,湘菲A,湖南科裕隆种业有限公司
湖北,两优粤禾丝苗,X54S×粤禾丝苗,籼型两系杂交稻,安徽台沃农业科技有限公司等,鄂审稻20200010,鄂审稻,20200010,X54S,安徽台沃农业科技有限公司
湖南,黔丰103A,岳4A×黔丰103B,籼型不育系,湖南奥谱隆种业科技有限公司等,湘审稻2012027,湘审稻,2012027,岳4A,湖南奥谱隆种业科技有限公司
湖北,糯两优71,香糯7S×香糯1号,籼型两系杂交稻,湖北中香农业科技股份有限公司等,鄂审稻20230012,鄂审稻,20230012,香糯7S,湖北中香农业科技股份有限公司
湖北,鄂粳糯29,鄂晚11号×春江糯/9505,粳型常规稻,湖北中香米业有限责任公司等,鄂审稻2013010,鄂审稻,2013010,鄂晚11号,湖北中香米业有限责任公司
湖北,易S,8109S×043S,籼型不育系,武汉大学,鄂审稻20230073,鄂审稻,20230073,8109S,武汉大学
湖北,金科丝苗1号,新黄占×丰粤占,籼型常规稻,湖北省种子集团有限公司等,鄂审稻20216001,鄂审稻,20216001,新黄占,湖北省种子集团有限公司
河南,新粳优1号,新稻97200A×新恢3号,粳型三系杂交稻,河南省新乡市农业科学院,豫审稻2011001,豫审稻,2011001,新稻97200A,河南省新乡市农业科学院
湖南,湘丰优103,湘丰70A×湘恢103,籼型三系杂交稻,湖南杂交水稻研究中心,湘审稻2009045,湘审稻,2009045,湘丰70A,湖南杂交水稻研究中心
湖北,C两优66,C815S×望恢066,籼型两系杂交稻,湖南希望种业科技股份有限公司等,鄂审稻2019017,鄂审稻,2019017,C815S,湖南希望种业科技股份有限公司
湖北,晶两优1377,晶4155S×R1377,籼型两系杂交稻,袁隆平农业高科技股份有限公司等,鄂审稻2018006,鄂审稻,2018006,晶4155S,袁隆平农业高科技股份有限公司
湖南,湘中籼2号,矮包×双36,籼型常规稻,湖南省水稻研究所,湘品审第58号,湘审稻,58,矮包,湖南省水稻研究所
湖北,楚华珍占,黄华占×黄华占//黄华占/华3234,籼型常规稻,华中农业大学,鄂审稻20220062,鄂审稻,20220062,黄华占,华中农业大学
河南,利两优1号,利S×R111,籼型两系杂交稻,长沙利诚种业有限公司,豫审稻20190002,豫审稻,20190002,利S,长沙利诚种业有限公司
湖北,佳稻2806,吉田优华占,籼型常规稻,武汉佳禾生物科技有限责任公司,鄂审稻20241023,鄂审稻,20241023,吉田优华占,武汉佳禾生物科技有限责任公司
湖北,乐优107,乐丰A×HR107,籼型三系杂交稻,湖北清江种业有限责任公司等,鄂审稻2010024,鄂审稻,2010024,乐丰A,湖北清江种业有限责任公司
湖北,深两优871,深08S×R871,籼型两系杂交稻,袁氏种业高科技有限公司等,鄂审稻2018005,鄂审稻,2018005,深08S,袁氏种业高科技有限公司
湖北,深两优1110,深08S×C1110,籼型两系杂交稻,湖北谷神科技有限责任公司等,鄂审稻2018004,鄂审稻,2018004,深08S,湖北谷神科技有限责任公司
湖北,Q优18,Q3A×R1018,籼型三系杂交稻,重庆中一种业有限公司等,鄂审稻2010023,鄂审稻,2010023,Q3A,重庆中一种业有限公司
湖北,C两优018,C815S×R018,籼型两系杂交稻,湖南洞庭高科种业股份有限公司等,鄂审稻2019016,鄂审稻,2019016,C815S,湖南洞庭高科种业股份有限公司
湖北,荆香A,荆楚818A×荆香B,籼型不育系,湖北荆楚种业科技有限公司,鄂审稻20210101,鄂审稻,20210101,荆楚818A,湖北荆楚种业科技有限公司
湖北,苯两优3113,苯88S×矮3113,籼型两系杂交稻,荆州市田野种业有限公司等,鄂审稻2013009,鄂审稻,2013009,苯88S,荆州市田野种业有限公司
湖南,中83-49,四丰43×竹科2号,籼型常规稻,中国水稻研究所,湘品审第57号,湘审稻,57,四丰43,中国水稻研究所
湖南,湘早籼8号,湘矮早9号,籼型常规稻,湖南农学院,湘品审第56号,湘审稻,56,湘矮早9号,湖南农学院
湖南,隆晶优1号,隆晶4302A×华恢2855,籼型三系杂交稻,湖南亚华种业科学研究院,湘审稻2015042,湘审稻,2015042,隆晶4302A,湖南亚华种业科学研究院
湖南,华盛优湘耘占,华盛A×湘耘占,籼型三系杂交稻,湖南中种金耘水稻育种研究有限公司等,湘审稻20230058,湘审稻,20230058,华盛A,湖南中种金耘水稻育种研究有限公司
湖北,E两优21,EK2S×R171,籼型两系杂交稻,湖北省农业科学院粮食作物研究所等,鄂审稻20210053,鄂审稻,20210053,EK2S,湖北省农业科学院粮食作物研究所
湖南,湘早籼25号,浙733×辐26,籼型常规稻,湖南省湘潭市农业科学研究所,湘品审第197号,湘审稻,197,浙733,湖南省湘潭市农业科学研究所
河南,特优2035,特三矮2号×81020,籼型常规稻,信阳市农业科学研究所,豫审稻2003003,豫审稻,2003003,特三矮2号,信阳市农业科学研究所
湖北,糯两优564,华糯4S×珍糯56,籼型两系杂交稻,武汉科珈种业科技有限公司,鄂审稻20230011,鄂审稻,20230011,华糯4S,武汉科珈种业科技有限公司
湖南,湘早籼31号,85-183×舟903,籼型常规稻,湖南省水稻研究所,湘品审第265号,湘审稻,265,85-183,湖南省水稻研究所
湖北,龙美占,合美占×黄华占,籼型常规稻,湖北龙翔农业科技有限公司,鄂审稻20241022,鄂审稻,20241022,合美占,湖北龙翔农业科技有限公司
湖北,粤优997,粤泰A×襄恢997,籼型三系杂交稻,襄樊市农业科学院,鄂审稻2005004,鄂审稻,2005004,粤泰A,襄樊市农业科学院
湖南,培矮-2S,P88S,籼型不育系,湖南杂交水稻研究中心,湘审稻2012026,湘审稻,2012026,P88S,湖南杂交水稻研究中心
河南,晶粳1000,镇稻18×九月寒,粳型常规稻,不详,豫审稻20210008,豫审稻,20210008,镇稻18,不详
湖北,长粒粳384,嘉禾212×鄂香2号,粳型常规稻,湖北农业科学院粮食作物研究所等,鄂审稻20220061,鄂审稻,20220061,嘉禾212,湖北农业科学院粮食作物研究所
湖北,香两优16,香62S×香恢16,籼型两系杂交稻,湖北中香农业科技股份有限公司等,鄂审稻20200009,鄂审稻,20200009,香62S,湖北中香农业科技股份有限公司
广东,中丝优银粘,中丝A×恒恢米岗银粘,籼型三系杂交稻,广东现代种业发展有限公司,粤审稻20220054,粤审稻,20220054,中丝A,广东现代种业发展有限公司
湖南,株1S,抗罗早×科辐红2号/HA79317-7//02428,籼型不育系,株洲市农业科学研究所,湘品审第253号,湘审稻,253,抗罗早,株洲市农业科学研究所
湖南,岳4A,85质汕A×岳4B,籼型不育系,岳阳市农业科学研究所,湘品审第252号,湘审稻,252,85质汕A,岳阳市农业科学研究所
湖北,鄂早15,粳籼21×科选2号,籼型常规稻,湖北省荆州市农科院,鄂审稻003-2001,鄂审稻,003-2001,粳籼21,湖北省荆州市农科院
广东,胜优088,胜A×G088,籼型三系杂交稻,广州市金粤生物科技有限公司,粤审稻20220053,粤审稻,20220053,胜A,广州市金粤生物科技有限公司
湖北,E农1S,广占63-4S×广占63-4S//广占63-4S/GD-7,籼型不育系,湖北省农业科学院粮食作物研究所,鄂审稻2016028,鄂审稻,2016028,广占63-4S,湖北省农业科学院粮食作物研究所
湖北,魅两优丝苗,魅051S×鄂丰丝苗,籼型两系杂交稻,湖北华之夏种子有限责任公司等,鄂审稻20210052,鄂审稻,20210052,魅051S,湖北华之夏种子有限责任公司
湖北,深优9734,深97A×R2134,籼型三系杂交稻,国家杂交水稻工程技术研究中心清华深圳龙岗研究所,鄂审稻2010022,鄂审稻,2010022,深97A,国家杂交水稻工程技术研究中心清华深圳龙岗研究所
湖北,骏优522,骏1A×R522,籼型三系杂交稻,中南民族大学等,鄂审稻2010021,鄂审稻,2010021,骏1A,中南民族大学
湖南,T优118,T98A×R118,籼型三系杂交稻,湖南省永州市农业科学研究所,湘审稻2009044,湘审稻,2009044,T98A,湖南省永州市农业科学研究所
河南,旺两优900,W115S×R900,籼型两系杂交稻,湖南袁创超级稻技术有限公司,豫审稻20190001,豫审稻,20190001,W115S,湖南袁创超级稻技术有限公司
湖南,威优207,威20A×先恢207,籼型三系杂交稻,湖南杂交水稻研究中心,湘品审第251号,湘审稻,251,威20A,湖南杂交水稻研究中心
湖北,谷两优99,761S×R2099,籼型两系杂交稻,湖北谷神科技有限责任公司等,鄂审稻20230042,鄂审稻,20230042,761S,湖北谷神科技有限责任公司
河南,冈优737,冈46A×R737,籼型三系杂交稻,四川中科种业有限责任公司,豫审稻2010010,豫审稻,2010010,冈46A,四川中科种业有限责任公司
广东,裕优083,裕A×G083,籼型三系杂交稻,广东茂农种业科技有限公司,粤审稻20220052,粤审稻,20220052,裕A,广东茂农种业科技有限公司
广东,黄华油占,黄华占×五山油占,籼型常规稻,广东省农业科学院水稻研究所,粤审稻20220051,粤审稻,20220051,黄华占,广东省农业科学院水稻研究所
广东,黄丝粤占,黄丝莉占×粤农丝苗,籼型常规稻,广东省农业科学院水稻研究所,粤审稻20220050,粤审稻,20220050,黄丝莉占,广东省农业科学院水稻研究所
广东,黄广五占,五广占×黄广油占//粤黄广占,籼型常规稻,广东省农业科学院水稻研究所,粤审稻20220049,粤审稻,20220049,五广占,广东省农业科学院水稻研究所
广东,广台7号,黄广丝苗×台引7号,籼型常规稻,广州市农业科学研究院等,粤审稻20220048,粤审稻,20220048,黄广丝苗,广州市农业科学研究院
湖北,荃优8238,荃9311A×YR8238,籼型三系杂交稻,安徽荃银高科种业股份有限公司,鄂审稻20230010,鄂审稻,20230010,荃9311A,安徽荃银高科种业股份有限公司
湖北,E农6S,HD9802S×GD-7,籼型不育系,湖北省农业科学院粮食作物研究所,鄂审稻20210100,鄂审稻,20210100,HD9802S,湖北省农业科学院粮食作物研究所
湖北,WD915S,Y58S×8109S,籼型不育系,武汉大学,鄂审稻20230072,鄂审稻,20230072,Y58S,武汉大学
湖北,华两优1206,华201S×T226,籼型两系杂交稻,华中农业大学,鄂审稻2005003,鄂审稻,2005003,华201S,华中农业大学
河南,新稻11号,黄金晴×新稻90247,粳型常规稻,新乡市农业科学研究所,豫审稻2003002,豫审稻,2003002,黄金晴,新乡市农业科学研究所
湖南,长早S,株1S×华819,籼型不育系,湖南亚华种业科学研究院,湘审稻2012025,湘审稻,2012025,株1S,湖南亚华种业科学研究院
湖南,两优336,C815S×R336,籼型两系杂交稻,湖南金健种业科技有限公司等,湘审稻2015041,湘审稻,2015041,C815S,湖南金健种业科技有限公司
湖北,C两优300,C815S×ZR300,籼型两系杂交稻,黄山市农业科学研究所,鄂审稻2019015,鄂审稻,2019015,C815S,黄山市农业科学研究所
河南,春优917,春江99A×CH117,粳型三系杂交稻,中国水稻研究所,豫审稻20210007,豫审稻,20210007,春江99A,中国水稻研究所
湖南,湘早籼24号,湘早籼11号×湘早籼7号,籼型常规稻,湖南省水稻研究所,湘品审第196号,湘审稻,196,湘早籼11号,湖南省水稻研究所
河南,D优11,D62A×龙恢11,籼型三系杂交稻,四川华龙种业有限责任公司,豫审稻2010009,豫审稻,2010009,D62A,四川华龙种业有限责任公司
湖北,金贵丝苗,金农丝苗×八桂香,籼型常规稻,湖北惠民农业科技有限公司等,鄂审稻20220060,鄂审稻,20220060,金农丝苗,湖北惠民农业科技有限公司
湖南,威优111,威20A×Y11-1,籼型三系杂交稻,湖南杂交水稻研究中心,湘品审第250号,湘审稻,250,威20A,湖南杂交水稻研究中心
湖北,亚两优黄莉占,亚43S×黄莉占,籼型两系杂交稻,袁隆平农业高科技股份有限公司等,鄂审稻2019014,鄂审稻,2019014,亚43S,袁隆平农业高科技股份有限公司
湖北,金优107,金23A×HR107,籼型三系杂交稻,湖北清江种业有限责任公司,鄂审稻2010020,鄂审稻,2010020,金23A,湖北清江种业有限责任公司
河南,信杂粳1号,培矮64S×豫粳3号,粳型两系杂交稻,信阳市农业科学研究所,豫审稻2003001,豫审稻,2003001,培矮64S,信阳市农业科学研究所
湖南,振优16,振295A×R16,籼型三系杂交稻,湖南金色农华种业科技有限公司等,湘审稻20230057,湘审稻,20230057,振295A,湖南金色农华种业科技有限公司
湖北,华两优2869,华1228S×R1269,籼型两系杂交稻,孝感市农业科学院等,鄂审稻20200008,鄂审稻,20200008,华1228S,孝感市农业科学院
广东,禾龙占,广龙占,籼型常规稻,广东省农业科学院水稻研究所,粤审稻20220047,粤审稻,20220047,广龙占,广东省农业科学院水稻研究所
河南,特糯2072,鄂荆糯6号×92-05,籼型常规稻,河南省信阳市农业科学研究所,豫审稻2002002,豫审稻,2002002,鄂荆糯6号,河南省信阳市农业科学研究所
湖北,中香丝苗,黄华占/鄂香2号×鄂中5号,籼型常规稻,湖北中香农业科技股份有限公司,鄂审稻20220059,鄂审稻,20220059,黄华占/鄂香2号,湖北中香农业科技股份有限公司
湖北,Ⅱ优898,Ⅱ-32A×恢898,籼型三系杂交稻,湖北江汉平原农业高科技研究发展中心,鄂审稻2005002,鄂审稻,2005002,Ⅱ-32A,湖北江汉平原农业高科技研究发展中心
湖南,星光S,培矮64S×香125S/浙9248,籼型不育系,湖南省水稻研究所,湘审稻2012024,湘审稻,2012024,培矮64S,湖南省水稻研究所
湖南,香夏两优8773,香夏S×R8773,籼型两系杂交稻,湖南厚积农业科技有限公司等,湘审稻20230056,湘审稻,20230056,香夏S,湖南厚积农业科技有限公司
湖北,C两优88,C815S×福稻88,籼型两系杂交稻,湖北金湖农作物研究院等,鄂审稻20210051,鄂审稻,20210051,C815S,湖北金湖农作物研究院
湖北,创两优挺占,创5S×挺占,籼型两系杂交稻,湖北农华农业科技有限公司等,鄂审稻20200007,鄂审稻,20200007,创5S,湖北农华农业科技有限公司
湖北,C两优华占,C815S×华占,籼型两系杂交稻,湖南金色农华种业科技有限公司,鄂审稻2013008,鄂审稻,2013008,C815S,湖南金色农华种业科技有限公司
湖北,广两优188,广占63-4S×R188,籼型两系杂交稻,湖北农华农业科技有限公司,鄂审稻2019013,鄂审稻,2019013,广占63-4S,湖北农华农业科技有限公司
河南,珍珠糯,豫籼9号×特糯2072,籼型常规稻,信阳市农业科学研究所,豫审稻2010008,豫审稻,2010008,豫籼9号,信阳市农业科学研究所
河南,甬优2640,甬粳26A×F7540,籼粳交三系杂交稻,宁波市种子有限公司,豫审稻20180009,豫审稻,20180009,甬粳26A,宁波市种子有限公司
湖北,NC228S,N95076S×161早,粳型不育系,湖北省农业科学院粮食作物研究所,鄂审稻2010019,鄂审稻,2010019,N95076S,湖北省农业科学院粮食作物研究所
广东,合新油占,合新丝苗×广黄占,籼型常规稻,广东省农业科学院水稻研究所,粤审稻20220046,粤审稻,20220046,合新丝苗,广东省农业科学院水稻研究所
河南,圳两优2018,圳S×R2018,籼型两系杂交稻,长沙利诚种业有限公司,豫审稻20210006,豫审稻,20210006,圳S,长沙利诚种业有限公司
湖北,华99S,4N6S-2×YD6-8-3,籼型不育系,湖北华之夏种子有限责任公司,鄂审稻2016027,鄂审稻,2016027,4N6S-2,湖北华之夏种子有限责任公司
湖北,WDR48,秀水134/沪旱11号×沪旱3号/武育粳3号,粳型常规稻,上海市农业生物基因中心,鄂审稻2016026,鄂审稻,2016026,秀水134/沪旱11号,上海市农业生物基因中心
湖北,苯两优6116,苯88S×6116,籼型两系杂交稻,湖北华田农业科技股份有限公司等,鄂审稻2018003,鄂审稻,2018003,苯88S,湖北华田农业科技股份有限公司
湖南,33S,17S×201B,籼型不育系,湖南省水稻研究所,湘审稻2012023,湘审稻,2012023,17S,湖南省水稻研究所
湖南,玖两优1179,33S×湘恢1179,籼型两系杂交稻,湖南泰邦农业科技股份有限公司等,湘审稻2015040,湘审稻,2015040,33S,湖南泰邦农业科技股份有限公司
湖北,黄香占S,广占63S//R725/武香1号×黄华占/InAT352EPPt,籼型不育系,黄冈市农业科学院等,鄂审稻20210099,鄂审稻,20210099,广占63S//R725/武香1号,黄冈市农业科学院
湖南,湘早籼23号,湘早籼7号×浙辐9号,籼型常规稻,株洲市农业科学研究所等,湘品审第195号,湘审稻,195,湘早籼7号,株洲市农业科学研究所
湖北,楚丰晶占,EW68×福稻88,籼型常规稻,武汉千道通生物科技有限公司等,鄂审稻20241021,鄂审稻,20241021,EW68,武汉千道通生物科技有限公司
河南,水晶3号,郑稻5号×黄金晴,粳型常规稻,河南省农业科学院粮作所,豫审稻2002001,豫审稻,2002001,郑稻5号,河南省农业科学院粮作所
湖南,汉两优219,汉S×R219,籼型两系杂交稻,湖南佳和种业股份有限公司等,湘审稻20230055,湘审稻,20230055,汉S,湖南佳和种业股份有限公司
湖北,1808S,8109S×043S,籼型不育系,武汉大学,鄂审稻20230071,鄂审稻,20230071,8109S,武汉大学
湖北,鄂早14,泸早872×90D2,籼型常规稻,湖北省黄冈市农业科学研究所,鄂审稻002-2001,鄂审稻,002-2001,泸早872,湖北省黄冈市农业科学研究所
河南,中种优2005,25A×R18,粳型三系杂交稻,中国种子集团公司,豫审稻2009003,豫审稻,2009003,25A,中国种子集团公司
湖北,G两优777,G98S×R777,籼型两系杂交稻,湖北格利因生物科技有限公司等,鄂审稻20210050,鄂审稻,20210050,G98S,湖北格利因生物科技有限公司
湖北,申稻249,EIAC139×TKM6-12/黄华占,籼型常规稻,上海天谷生物科技股份有限公司,鄂审稻20220058,鄂审稻,20220058,EIAC139,上海天谷生物科技股份有限公司
湖北,荃优谷德,荃9311A×谷德,籼型三系杂交稻,湖北农华生物科技有限公司等,鄂审稻20230009,鄂审稻,20230009,荃9311A,湖北农华生物科技有限公司
广东,华航81号,华航31号×黄软秀占//华航51号,籼型常规稻,国家植物航天育种工程技术研究中心（华南农业大学）,粤审稻20220045,粤审稻,20220045,华航31号,国家植物航天育种工程技术研究中心（华南农业大学）
湖北,天源粳036,秀水134×丙92-124,粳型常规稻,武汉武大天源生物科技股份有限公司,鄂审稻2016025,鄂审稻,2016025,秀水134,武汉武大天源生物科技股份有限公司
湖北,C两优068,C815S×R068,籼型两系杂交稻,湖北农华农业科技有限公司,鄂审稻2019012,鄂审稻,2019012,C815S,湖北农华农业科技有限公司
湖北,E两优1453,E农1S×R453,籼型两系杂交稻,武汉隆福康农业发展有限公司等,鄂审稻2019011,鄂审稻,2019011,E农1S,武汉隆福康农业发展有限公司
湖北,强两优688,强11S×H688,籼型两系杂交稻,武汉市文鼎农业生物技术有限公司等,鄂审稻20200006,鄂审稻,20200006,强11S,武汉市文鼎农业生物技术有限公司
湖北,广两优16,广占63-4S×冈恢166,籼型两系杂交稻,黄冈市农业科学院,鄂审稻2013007,鄂审稻,2013007,广占63-4S,黄冈市农业科学院
湖南,青优109,青A×R109,籼型三系杂交稻,湖南金山农业科技有限公司,湘审稻2009043,湘审稻,2009043,青A,湖南金山农业科技有限公司
湖北,嘉早303,早糯221×嘉早935,籼型常规稻,浙江省嘉兴市农业科学研究院,鄂审稻004-2003,鄂审稻,004-2003,早糯221,浙江省嘉兴市农业科学研究院
湖南,金优974,金23A×To974,籼型三系杂交稻,湖南省衡阳市农业科学研究所,湘品审第249号,湘审稻,249,金23A,湖南省衡阳市农业科学研究所
湖北,儒26S,广占63-4S×93-11/WH26,籼型不育系,湖北农华生物科技有限公司等,鄂审稻20230070,鄂审稻,20230070,广占63-4S,湖北农华生物科技有限公司
湖南,耘9S,GDS-1×C815S,籼型不育系,湖南农业大学,湘审稻2012022,湘审稻,2012022,GDS-1,湖南农业大学
湖北,格276S,广占63-4S//明恢63/中恢413×荆恢1361,籼型不育系,湖北华之夏种子有限责任公司等,鄂审稻20210098,鄂审稻,20210098,广占63-4S//明恢63/中恢413,湖北华之夏种子有限责任公司
河南,冈优6368,冈46A×R88669,籼型三系杂交稻,四川神农大丰种业科技有限公司,豫审稻2010007,豫审稻,2010007,冈46A,四川神农大丰种业科技有限公司
湖北,桉S,Y58S×广占63S/Lemont,籼型不育系,湖北耕星农业科技有限公司,鄂审稻20230069,鄂审稻,20230069,Y58S,湖北耕星农业科技有限公司
湖南,湘粳2号,79-103/宇红1号×H129,粳型常规稻,湖南省水稻研究所,湘品审第175号,湘审稻,175,79-103/宇红1号,湖南省水稻研究所
湖北,隆晶丝苗,合丰占×特籼占25,籼型常规稻,中垦锦绣华农武汉科技有限公司等,鄂审稻20220057,鄂审稻,20220057,合丰占,中垦锦绣华农武汉科技有限公司
湖南,株712S,湘陵628S×2-11-7,籼型不育系,株洲市农业科学研究所,湘审稻2012021,湘审稻,2012021,湘陵628S,株洲市农业科学研究所
河南,原稻108,镇稻88/辐2115×豫粳7号/原94134,粳型常规稻,原阳县黄河农业科学研究所,豫审稻2009002,豫审稻,2009002,镇稻88/辐2115,原阳县黄河农业科学研究所
湖北,荆楚优79,荆楚814A×R79,籼型三系杂交稻,海南广陵高科实业有限公司,鄂审稻2016024,鄂审稻,2016024,荆楚814A,海南广陵高科实业有限公司
湖北,昌凯丝苗,黄华占×粤禾丝苗,籼型常规稻,湖北昌凯种业科技有限公司,鄂审稻20241020,鄂审稻,20241020,黄华占,湖北昌凯种业科技有限公司
湖北,E农2S,广占63S×R061,籼型不育系,湖北省农业科学院粮食作物研究所,鄂审稻20210097,鄂审稻,20210097,广占63S,湖北省农业科学院粮食作物研究所
湖北,华两优2802,华1228S×华1902,籼型两系杂交稻,华中农业大学等,鄂审稻2018002,鄂审稻,2018002,华1228S,华中农业大学
湖北,金科优651,金科1A×华恢651,籼型三系杂交稻,华中农业大学,鄂审稻2013006,鄂审稻,2013006,金科1A,华中农业大学
河南,青二籼,特青×81020,籼型常规稻,河南省信阳市农业科学研究所,豫审稻2001001,豫审稻,2001001,特青,河南省信阳市农业科学研究所
湖北,嘉育21,G96-29×YD95-1,籼型常规稻,嘉兴市农业科学研究院,鄂审稻003-2003,鄂审稻,003-2003,G96-29,嘉兴市农业科学研究院
湖南,H28优451,H28A×华恢451,籼型三系杂交稻,湖南亚华种业科学研究院,湘审稻2009042,湘审稻,2009042,H28A,湖南亚华种业科学研究院
湖北,鄂早13,常菲22B/鄂早6号×湖大242,籼型常规稻,湖北大学生命科学院,鄂审稻001-2001,鄂审稻,001-2001,常菲22B/鄂早6号,湖北大学生命科学院
湖北,两优287,HD9802S×R287,籼型两系杂交稻,湖北大学生命科学学院,鄂审稻2005001,鄂审稻,2005001,HD9802S,湖北大学生命科学学院
湖南,科S,Y58S×C815S,籼型不育系,湖南科裕隆种业有限公司,湘审稻2012020,湘审稻,2012020,Y58S,湖南科裕隆种业有限公司
湖北,广两优5号,广占63-4S×香5,籼型两系杂交稻,湖北省农业科学院粮食作物研究所,鄂审稻2013005,鄂审稻,2013005,广占63-4S,湖北省农业科学院粮食作物研究所
湖北,EK3S,E农2S×Q09-39,籼型不育系,湖北省农业科学院粮食作物研究所,鄂审稻20210096,鄂审稻,20210096,E农2S,湖北省农业科学院粮食作物研究所
湖北,泸两优662,泸56S×R662,籼型两系杂交稻,湖北大楚农业科技有限公司,鄂审稻2019010,鄂审稻,2019010,泸56S,湖北大楚农业科技有限公司
湖南,金穗128,农香98/黄华占×巴西小粒,籼型常规稻,湖南省水稻研究所,湘审稻2015039,湘审稻,2015039,农香98/黄华占,湖南省水稻研究所
湖北,0259S,N5088S×N5088S/9505,粳型不育系,湖北省农业技术推广总站,鄂审稻2010018,鄂审稻,2010018,N5088S,湖北省农业技术推广总站
湖北,贡两优17,贡887S×MR17,籼型两系杂交稻,湖北华占种业科技有限公司,鄂审稻20230008,鄂审稻,20230008,贡887S,湖北华占种业科技有限公司
河南,中粳优9313,中种19A×中粳恢9313,粳型三系杂交稻,中国种子集团有限公司,豫审稻20180008,豫审稻,20180008,中种19A,中国种子集团有限公司
湖北,徽两优1066,徽18S×惠恢1066,籼型两系杂交稻,武汉惠华三农种业有限公司,鄂审稻20230041,鄂审稻,20230041,徽18S,武汉惠华三农种业有限公司
湖北,骏1A,福伊A×骏1B,籼型不育系,中南民族大学生命科学学院,鄂审稻2010017,鄂审稻,2010017,福伊A,中南民族大学生命科学学院
湖北,恩禾28A,K17A×恩禾28B,籼型不育系,恩施禾壮植保科技有限责任公司,鄂审稻2010016,鄂审稻,2010016,K17A,恩施禾壮植保科技有限责任公司
湖北,E两优222,E农1S×R222,籼型两系杂交稻,湖北省农业科学院粮食作物研究所,鄂审稻2018001,鄂审稻,2018001,E农1S,湖北省农业科学院粮食作物研究所
湖南,春两优259,春S×R259,籼型两系杂交稻,湖南省春云农业科技股份有限公司,湘审稻20230054,湘审稻,20230054,春S,湖南省春云农业科技股份有限公司
湖北,华M102S,810S×IR70,籼型不育系,华中农业大学,鄂审稻2004018,鄂审稻,2004018,810S,华中农业大学
湖北,全两优华占,全1S×华占,籼型两系杂交稻,湖北荃银高科种业有限公司等,鄂审稻2019009,鄂审稻,2019009,全1S,湖北荃银高科种业有限公司
湖北,鄂优926,鄂晚17A×22926,粳型三系杂交稻,孝感市农业科学院等,鄂审稻20210049,鄂审稻,20210049,鄂晚17A,孝感市农业科学院
广东,碧玉丝苗2号,华航丝苗×粤晶丝苗2号//合美占,籼型常规稻,广东华农大种业有限公司,粤审稻20220044,粤审稻,20220044,华航丝苗,广东华农大种业有限公司
湖北,扶稻206,象牙香占×ZX03,籼型常规稻,湖北扶轮农业科技开发有限公司等,鄂审稻20241019,鄂审稻,20241019,象牙香占,湖北扶轮农业科技开发有限公司
河南,豫农粳6号,中国91×8902,粳型常规稻,河南农业大学农学院等,豫审稻2010006,豫审稻,2010006,中国91,河南农业大学农学院
湖南,培两优288,培矮64S×R288,籼型两系杂交稻,湖南农业大学农学系,湘品审第174号,湘审稻,174,培矮64S,湖南农业大学农学系
湖北,华玉香丝,玉晶91×NX29,籼型常规稻,湖北华之夏种子有限责任公司等,鄂审稻20220056,鄂审稻,20220056,玉晶91,湖北华之夏种子有限责任公司
湖北,鄂早18,中优早81×嘉早935,籼型常规稻,黄冈市农业科学研究所等,鄂审稻002-2003,鄂审稻,002-2003,中优早81,黄冈市农业科学研究所
河南,新稻89,新稻18号×津稻1007,粳型常规稻,河南省新乡市农业科学院,豫审稻20180007,豫审稻,20180007,新稻18号,河南省新乡市农业科学院
湖南,胜优321,E68A×R321,籼型三系杂交稻,湖南胜必达种业研究所,湘审稻2012019,湘审稻,2012019,E68A,湖南胜必达种业研究所
广东,信两优127,信99S×华恢127,籼型两系杂交稻,华南农业大学农学院,粤审稻20220043,粤审稻,20220043,信99S,华南农业大学农学院
湖北,凯两优1368,凯68S×R1368,籼型两系杂交稻,湖北华泓种业科技有限公司等,鄂审稻20200005,鄂审稻,20200005,凯68S,湖北华泓种业科技有限公司
湖南,丰优800,丰源A×N恢800,籼型三系杂交稻,湖南杂交水稻研究中心,湘审稻2009041,湘审稻,2009041,丰源A,湖南杂交水稻研究中心
湖北,EK2S,E农1S×QFS156,籼型不育系,湖北省农业科学院粮食作物研究所,鄂审稻20210095,鄂审稻,20210095,E农1S,湖北省农业科学院粮食作物研究所
河南,新丰5号,豫粳6号×秋丰,粳型常规稻,河南丰源种子有限公司,豫审稻2010005,豫审稻,2010005,豫粳6号,河南丰源种子有限公司
河南,新农稻1号,豫粳7号/黄金晴×黄金晴,粳型常规稻,河南省新农种业有限公司,豫审稻2010004,豫审稻,2010004,豫粳7号/黄金晴,河南省新农种业有限公司
河南,豫籼9号,特青1号×湘早籼1号,籼型常规稻,信阳市农业科学研究所,豫籼9号,豫审稻,9,特青1号,信阳市农业科学研究所
湖北,协优64,协青早A×测64-7,籼型三系杂交稻,广德县农业科学研究所,鄂审稻004-2000,鄂审稻,004-2000,协青早A,广德县农业科学研究所
湖北,福兴16S,皖稻153//桂99/申恢1号×深08S/合美占,籼型不育系,湖北耕星农业科技有限公司,鄂审稻20230068,鄂审稻,20230068,皖稻153//桂99/申恢1号,湖北耕星农业科技有限公司
湖南,贺优50,贺50A×R50,籼型三系杂交稻,湖南省贺家山原种场,湘审稻2015038,湘审稻,2015038,贺50A,湖南省贺家山原种场
湖南,芯香两优京贵占,芯香S×京贵占,籼型两系杂交稻,北京金色农华种业科技股份有限公司等,湘审稻20230053,湘审稻,20230053,芯香S,北京金色农华种业科技股份有限公司
湖北,奥富优383,奥富A×奥R383,籼型三系杂交稻,武汉市文鼎农业生物技术有限公司等,鄂审稻2016023,鄂审稻,2016023,奥富A,武汉市文鼎农业生物技术有限公司
湖北,鄂早17,中优早3号/湖大51号×特早1号,籼型常规稻,湖北大学生命科学学院,鄂审稻001-2003,鄂审稻,001-2003,中优早3号/湖大51号,湖北大学生命科学学院
河南,新农稻5号,津原D1/徐稻4号×新农稻1号,粳型常规稻,河南省新农种业有限公司,豫审稻20180006,豫审稻,20180006,津原D1/徐稻4号,河南省新农种业有限公司
河南,新稻19号,NJ979×豫粳6号,粳型常规稻,河南省新乡市农业科学院,豫审稻2009001,豫审稻,2009001,NJ979,河南省新乡市农业科学院
湖北,中谷优1361,中谷A×荆恢1361,籼型三系杂交稻,荆州农业科学院等,鄂审稻2013004,鄂审稻,2013004,中谷A,荆州农业科学院
河南,苏秀10号,秀水09×丙00-502/秀水09,粳型常规稻,嘉兴市农业科学研究院等,豫审稻2010003,豫审稻,2010003,秀水09,嘉兴市农业科学研究院
河南,豫籼8号,桂朝2号/银粘×余赤231-8,籼型常规稻,信阳农业高等专科学校,豫籼8号,豫审稻,8,桂朝2号/银粘,信阳农业高专科学校
湖北,福兴占,华占/93-11×五山丝苗,籼型常规稻,荆州市福隆兴种业有限公司等,鄂审稻20220055,鄂审稻,20220055,华占/93-11,荆州市福隆兴种业有限公司
广东,中泰优银粘,中泰A×米岗银粘,籼型三系杂交稻,广东恒昊农业有限公司等,粤审稻20220042,粤审稻,20220042,中泰A,广东恒昊农业有限公司
湖南,农两优油香9号,衡农801S×油香9号,籼型两系杂交稻,湖南湘米工程技术有限公司等,湘审稻20230052,湘审稻,20230052,衡农801S,湖南湘米工程技术有限公司
湖北,香糯7S,糯56S/矮占22×矮占22,籼型不育系,湖北中香农业科技股份有限公司等,鄂审稻20230067,鄂审稻,20230067,糯56S/矮占22,湖北中香农业科技股份有限公司
湖南,湘晚籼7号,Caimioji202×红突5号,籼型常规稻,湖南省水稻研究所,湘品审第173号,湘审稻,173,Caimioji202,湖南省水稻研究所
湖北,长农1A,金23A×长农1B,籼型不育系,长江大学,鄂审稻2017031,鄂审稻,2017031,金23A,长江大学
湖北,嘉优926,嘉花1号A×22926,粳型三系杂交稻,孝感市农业科学院等,鄂审稻20210048,鄂审稻,20210048,嘉花1号A,孝感市农业科学院
湖南,丰优2号,丰源A×R2,籼型三系杂交稻,湖南泰邦农业科技股份有限公司等,湘审稻2012018,湘审稻,2012018,丰源A,湖南泰邦农业科技股份有限公司
湖北,魅两优菊丰占,魅051S×菊丰占,籼型两系杂交稻,湖北格利因生物科技有限公司等,鄂审稻20230040,鄂审稻,20230040,魅051S,湖北格利因生物科技有限公司
湖北,汉两优642,汉武1S×R412,籼型两系杂交稻,湖北省种子集团有限公司,鄂审稻20230007,鄂审稻,20230007,汉武1S,湖北省种子集团有限公司
河南,D优177,D62A×成恢177,籼型三系杂交稻,四川省农业科学院作物研究所,豫审稻2008008,豫审稻,2008008,D62A,四川省农业科学院作物研究所
湖北,全两优楚丰丝苗,全1S×楚丰丝苗,籼型两系杂交稻,湖北荃银高科种业有限公司,鄂审稻2019008,鄂审稻,2019008,全1S,湖北荃银高科种业有限公司
湖南,丰源优华占,丰源A×华占,籼型三系杂交稻,湖南杂交水稻研究中心等,湘审稻2015037,湘审稻,2015037,丰源A,湖南杂交水稻研究中心
湖南,内5优玉香1号,内香5A×玉香恢1号,籼型三系杂交稻,邓兆玉等,湘审稻2012017,湘审稻,2012017,内香5A,邓兆玉
湖北,两优76,HD9802S×R76,籼型两系杂交稻,湖北省种子集团有限公司等,鄂审稻2013003,鄂审稻,2013003,HD9802S,湖北省种子集团有限公司
湖北,敦957A,金23A×敦957B,籼型不育系,武汉敦煌种业有限公司,鄂审稻2017030,鄂审稻,2017030,金23A,武汉敦煌种业有限公司
湖南,金优63,金23A×明恢63,籼型三系杂交稻,湖南省常德市农业科学研究所,湘品审第172号,湘审稻,172,金23A,湖南省常德市农业科学研究所
湖北,荆楚818A,中9A×荆楚818B,籼型不育系,长江大学等,鄂审稻2018045,鄂审稻,2018045,中9A,长江大学
湖北,多籼占1号,T20-2X×黄华占,籼型常规稻,武汉多倍体生物科技有限公司,鄂审稻20230039,鄂审稻,20230039,T20-2X,武汉多倍体生物科技有限公司
湖北,荆农丝苗,鄂丰丝苗×R1361,籼型常规稻,荆州农业科学院等,鄂审稻20230038,鄂审稻,20230038,鄂丰丝苗,荆州农业科学院
湖北,楚乡丝,美香占2号×湘晚籼3号,籼型常规稻,湖北楚创生物育种研究院等,鄂审稻20220054,鄂审稻,20220054,美香占2号,湖北楚创生物育种研究院
湖北,田佳A,金23A×田佳B,籼型不育系,武汉佳禾生物科技有限责任公司等,鄂审稻2018044,鄂审稻,2018044,金23A,武汉佳禾生物科技有限责任公司
湖北,荆楚814A,温线早A×荆楚814B,籼型不育系,湖北省荆州市种子总公司,鄂审稻022-2002,鄂审稻,022-2002,温线早A,湖北省荆州市种子总公司
湖北,EK1S,E农2S×Q09-39,籼型不育系,湖北省农业科学院粮食作物研究所,鄂审稻20210094,鄂审稻,20210094,E农2S,湖北省农业科学院粮食作物研究所
湖北,弘6S,广占63S×天丰B,籼型不育系,武汉弘耕种业有限公司,鄂审稻2017029,鄂审稻,2017029,广占63S,武汉弘耕种业有限公司
湖北,华两优3734,华1037S×华3234,籼型两系杂交稻,华中农业大学,鄂审稻20200004,鄂审稻,20200004,华1037S,华中农业大学
湖北,两优S6,HD9802S×松06,籼型两系杂交稻,武汉金丰收种业有限公司,鄂审稻2016022,鄂审稻,2016022,HD9802S,武汉金丰收种业有限公司
湖北,襄优827,襄123A×R827,籼型三系杂交稻,襄阳市农业科学院等,鄂审稻20241018,鄂审稻,20241018,襄123A,襄阳市农业科学院
湖北,鄂早12,四丰43/特青×四丰43,籼型常规稻,荆州市农业科学院,鄂审稻003-2000,鄂审稻,003-2000,四丰43/特青,荆州市农业科学院
河南,福丰188,福eA7×仙恢6981,籼型三系杂交稻,四川神农大丰种业科技有限公司,豫审稻2008007,豫审稻,2008007,福eA7,四川神农大丰种业科技有限公司
湖北,玉丰丝苗,香5×扬稻6号/粤丰占,籼型常规稻,湖北华泓种业科技有限公司等,鄂审稻20230037,鄂审稻,20230037,香5,湖北华泓种业科技有限公司
河南,乐优190,乐5A×乐恢190,籼型三系杂交稻,创世纪种业有限公司等,豫审稻20180005,豫审稻,20180005,乐5A,创世纪种业有限公司
湖北,鄂粳杂3号,N5088S×闵恢128,粳型两系杂交稻,湖北省农业科学院作物育种栽培研究所,鄂审稻2004017,鄂审稻,2004017,N5088S,湖北省农业科学院作物育种栽培研究所
湖北,两优358,HD9802S×R358,籼型两系杂交稻,湖北中香米业有限责任公司,鄂审稻2013002,鄂审稻,2013002,HD9802S,湖北中香米业有限责任公司
湖北,95优1号,敦957A×R474,籼型三系杂交稻,湖北谷神科技有限责任公司等,鄂审稻20220053,鄂审稻,20220053,敦957A,湖北谷神科技有限责任公司
湖北,华两优2817,华1228S×R2817,籼型两系杂交稻,华中农业大学,鄂审稻20200003,鄂审稻,20200003,华1228S,华中农业大学
湖南,宜S晚2号,宜农3S×C20-7-85,籼型两系杂交稻,江西省宜春学院等,湘审稻2009040,湘审稻,2009040,宜农3S,江西省宜春学院
湖南,湘早籼22号,4333×浙辐802,籼型常规稻,怀化地区农业科学研究所,湘品审第171号,湘审稻,171,4333,怀化地区农业科学研究所
湖北,惠香优108,惠香8A×惠恢108,籼型三系杂交稻,武汉惠华三农种业有限公司,鄂审稻20230036,鄂审稻,20230036,惠香8A,武汉惠华三农种业有限公司
湖北,鄂粳912,鄂晚9号×宝农12,粳型常规稻,湖北省农业科学院粮食作物研究所,鄂审稻2010015,鄂审稻,2010015,鄂晚9号,湖北省农业科学院粮食作物研究所
湖南,京优382,京A×R382,籼型三系杂交稻,江西先农种业有限公司,湘审稻20230051,湘审稻,20230051,京A,江西先农种业有限公司
湖北,天两优953,天源903S×R53,籼型两系杂交稻,武汉武大天源生物科技股份有限公司,鄂审稻2016021,鄂审稻,2016021,天源903S,武汉武大天源生物科技股份有限公司
湖北,新香优80,新香A×R80,籼型三系杂交稻,湖南农业大学水稻研究所,鄂审稻2004016,鄂审稻,2004016,新香A,湖南农业大学水稻研究所
湖北,华糯4S,广占63-4S×广占63-4S/荃香糯S,籼型不育系,武汉科珈种业科技有限公司,鄂审稻20230066,鄂审稻,20230066,广占63-4S,武汉科珈种业科技有限公司
湖北,襄两优1192,襄1S×R192,籼型两系杂交稻,湖北昌凯种业科技有限公司等,鄂审稻20230006,鄂审稻,20230006,襄1S,湖北昌凯种业科技有限公司
湖北,襄两优322,襄3S×R322,籼型两系杂交稻,襄阳市农业科学院等,鄂审稻2019007,鄂审稻,2019007,襄3S,襄阳市农业科学院
河南,宜香99E-4,宜香1A×裕恢99E-4,籼型三系杂交稻,眉山市裕丰种业有限责任公司等,豫审稻2008006,豫审稻,2008006,宜香1A,眉山市裕丰种业有限责任公司
广东,玮两优1019,华玮338S×华恢1019,籼型两系杂交稻,湖南隆平高科种业科学研究院有限公司等,粤审稻20220041,粤审稻,20220041,华玮338S,湖南隆平高科种业科学研究院有限公司
湖北,粳两优2847,NC228S×R4769,粳型两系杂交稻,湖北省农业科学院粮食作物研究所,鄂审稻2010014,鄂审稻,2010014,NC228S,湖北省农业科学院粮食作物研究所
湖北,舟903,红突80×电412,籼型常规稻,舟山市农业科学研究所,鄂审稻002-2000,鄂审稻,002-2000,红突80,舟山市农业科学研究所
河南,广两优419,广占63-4S×ZR419,籼型两系杂交稻,湖北华占种业科技有限公司,豫审稻20180004,豫审稻,20180004,广占63-4S,湖北华占种业科技有限公司
湖北,源95S,天源6S×P88S,籼型不育系,武汉武大天源生物科技股份有限公司,鄂审稻2017028,鄂审稻,2017028,天源6S,武汉武大天源生物科技股份有限公司
湖北,岳优9113,岳4A×岳恢9113,籼型三系杂交稻,岳阳市农业科学研究所,鄂审稻2004015,鄂审稻,2004015,岳4A,岳阳市农业科学研究所
湖南,盛泰优722,盛泰A×岳恢9722,籼型三系杂交稻,湖南洞庭高科种业股份有限公司等,湘审稻2012016,湘审稻,2012016,盛泰A,湖南洞庭高科种业股份有限公司
湖南,湘早籼21号,湘矮早7号,籼型常规稻,湖南省原子能农业应用研究所,湘品审第170号,湘审稻,170,湘矮早7号,湖南省原子能农业应用研究所
湖北,皖两优88,皖2305S×福稻88,籼型两系杂交稻,湖北惠民农业科技有限公司等,鄂审稻20220052,鄂审稻,20220052,皖2305S,湖北惠民农业科技有限公司
河南,光灿1号,豫粳6号//豫粳7号/黄金晴×东俊5号,粳型常规稻,获嘉县友光农作物研究所等,豫审稻2010002,豫审稻,2010002,豫粳6号//豫粳7号/黄金晴,获嘉县友光农作物研究所
湖南,Z两优89,Z236S×89,籼型两系杂交稻,江西天涯种业有限公司等,湘审稻2015036,湘审稻,2015036,Z236S,江西天涯种业有限公司
湖北,徽两优粤丝,1892S×粤丝,籼型两系杂交稻,湖北晨农生物科技有限公司,鄂审稻20241017,鄂审稻,20241017,1892S,湖北晨农生物科技有限公司
广东,丽两优1068,丽香S×优恢1068,籼型两系杂交稻,清远市农业科技推广服务中心等,粤审稻20220124,粤审稻,20220124,丽香S,清远市农业科技推广服务中心
河南,豫籼7号,水源290/73028×梅桂1号,籼型常规稻,信阳农业高等专科学校,豫籼7号,豫审稻,7,水源290/73028,信阳农业高专科学校
湖北,E两优263,E农3S×R263,籼型两系杂交稻,湖北省农业科学院粮食作物研究所等,鄂审稻20220051,鄂审稻,20220051,E农3S,湖北省农业科学院粮食作物研究所
湖北,深优9716,深97A×R7116,籼型三系杂交稻,清华大学深圳研究生院,鄂审稻2016020,鄂审稻,2016020,深97A,清华大学深圳研究生院
湖北,天源85S,Y58S×5077,籼型不育系,武汉武大天源生物科技股份有限公司,鄂审稻20210093,鄂审稻,20210093,Y58S,武汉武大天源生物科技股份有限公司
湖北,鄂丰249A,金23A×鄂丰249B,籼型不育系,湖北省种子集团有限公司,鄂审稻2018043,鄂审稻,2018043,金23A,湖北省种子集团有限公司
湖北,华1228S,广占63-4S//广占63-4S/VE6219×广占63-4...,籼型不育系,华中农业大学,鄂审稻2017027,鄂审稻,2017027,广占63-4S//广占63-4S/VE6219,华中农业大学
湖北,华1201S,广占63-4S×广占63-4S///广占63-4S//广占6...,籼型不育系,华中农业大学,鄂审稻2017026,鄂审稻,2017026,广占63-4S,华中农业大学
广东,增香优宁香丝苗,增香A×宁香丝苗,籼型三系杂交稻,广东华农大种业有限公司,粤审稻20220123,粤审稻,20220123,增香A,广东华农大种业有限公司
湖南,盟两优212,盟S×R212,籼型两系杂交稻,湖南佳和种业股份有限公司等,湘审稻20230050,湘审稻,20230050,盟S,湖南佳和种业股份有限公司
湖北,粳两优5975,0259S×gr75,粳型两系杂交稻,湖北省农业技术推广总站等,鄂审稻2010013,鄂审稻,2010013,0259S,湖北省农业技术推广总站
湖南,湘晚籼6号,明恢63×特青2号,籼型常规稻,湖南省水稻研究所,湘品审第156号,湘审稻,156,明恢63,湖南省水稻研究所
湖北,陵两优686,湘陵628S×M286,籼型两系杂交稻,中国水稻研究所等,鄂审稻20200002,鄂审稻,20200002,湘陵628S,中国水稻研究所
湖北,两优548,鄂丰5S×R1248,籼型两系杂交稻,湖北省种子集团有限公司,鄂审稻2019006,鄂审稻,2019006,鄂丰5S,湖北省种子集团有限公司
湖北,恒丰优金丝苗,恒丰A×金丝苗,籼型三系杂交稻,广东粤良种业有限公司,鄂审稻20210047,鄂审稻,20210047,恒丰A,广东粤良种业有限公司
河南,中莲优950,中莲1A×中莲恢950,籼型三系杂交稻,江苏中南种业科技有限公司,豫审稻2008005,豫审稻,2008005,中莲1A,江苏中南种业科技有限公司
湖南,岳优华占,岳4A×华占,籼型三系杂交稻,中国水稻研究所等,湘审稻2012015,湘审稻,2012015,岳4A,中国水稻研究所
湖北,中2优547,中2A×R547,籼型三系杂交稻,黄冈市农业科学院,鄂审稻2013001,鄂审稻,2013001,中2A,黄冈市农业科学院
广东,深两优2018,深08S×航恢20018,籼型两系杂交稻,国家植物航天育种工程技术研究中心（华南农业大学）等,粤审稻20220040,粤审稻,20220040,深08S,国家植物航天育种工程技术研究中心（华南农业大学）
广东,又香优龙丝苗,又香A×龙丝苗,籼型三系杂交稻,广西兆和种业有限公司,粤审稻20220122,粤审稻,20220122,又香A,广西兆和种业有限公司
湖北,荆楚优813,荆楚814A×鄂丰R813,籼型三系杂交稻,湖北省种子集团有限公司,鄂审稻2010012,鄂审稻,2010012,荆楚814A,湖北省种子集团有限公司
湖北,巨风优1号,巨风A×晚香恢1号,籼型三系杂交稻,宜昌市农业科学研究院,鄂审稻2010011,鄂审稻,2010011,巨风A,宜昌市农业科学研究院
河南,B两优141,B621S×望恢141,籼型两系杂交稻,安徽新安种业有限公司,豫审稻20180003,豫审稻,20180003,B621S,安徽新安种业有限公司
湖北,华328S,广占63S×8077S,籼型不育系,华中农业大学,鄂审稻2012012,鄂审稻,2012012,广占63S,华中农业大学
河南,隆优1715,隆17A×R1415,粳型三系杂交稻,天津天隆种业科技有限公司等,豫审稻2010001,豫审稻,2010001,隆17A,天津天隆种业科技有限公司
湖北,玺优442,玺A×GR442,籼型三系杂交稻,湖北农益生物科技有限公司等,鄂审稻20210046,鄂审稻,20210046,玺A,湖北农益生物科技有限公司
湖南,两优2388,广占63-4S×R2388,籼型两系杂交稻,长沙利诚种业有限公司 杨振玉,湘审稻2012014,湘审稻,2012014,广占63-4S,长沙利诚种业有限公司 杨振玉
河南,信优糯721,信3122Awx×信糯恢721,籼型三系杂交稻,信阳市农业科学院,豫审稻20180002,豫审稻,20180002,信3122Awx,信阳市农业科学院
广东,香龙优1826,香龙A×中种恢1826,籼型三系杂交稻,肇庆学院等,粤审稻20210027,粤审稻,20210027,香龙A,肇庆学院
广东,胜优1321,胜A×广恢1321,籼型三系杂交稻,广东省农业科学院水稻研究所,粤审稻20210026,粤审稻,20210026,胜A,广东省农业科学院水稻研究所
广东,晶两优华宝,晶4155S×华宝,籼型两系杂交稻,湖南亚华种业科学研究院,粤审稻20210025,粤审稻,20210025,晶4155S,湖南亚华种业科学研究院
广东,金泰优1521,金泰A×广恢1521,籼型三系杂交稻,广东省金稻种业有限公司,粤审稻20210024,粤审稻,20210024,金泰A,广东省金稻种业有限公司
广东,粤品优5511,粤品A×粤良恢5511,籼型三系杂交稻,广东粤良种业有限公司,粤审稻20210023,粤审稻,20210023,粤品A,广东粤良种业有限公司
湖北,金科优66,金科1A×恩恢66,籼型三系杂交稻,恩施土家族苗族自治州农业科学院,鄂审稻2016019,鄂审稻,2016019,金科1A,恩施土家族苗族自治州农业科学院
湖南,湘早籼20号,84-173×IR8179-47,籼型常规稻,湖南省原子能农业应用研究所,湘品审第155号,湘审稻,155,84-173,湖南省原子能农业应用研究所
湖南,玉柱香,湘晚籼13号×爱华5号,籼型常规稻,湖南省水稻研究所等,湘审稻2009039,湘审稻,2009039,湘晚籼13号,湖南省水稻研究所
广东,仁优国泰,宽仁A×兆恢国泰,籼型三系杂交稻,安陆市兆农育种创新中心等,粤审稻20220039,粤审稻,20220039,宽仁A,安陆市兆农育种创新中心
湖北,秀水13,秀水47×秀水31,粳型常规稻,嘉兴市农业科学研究所,鄂审稻021-2002,鄂审稻,021-2002,秀水47,嘉兴市农业科学研究所
湖北,芯两优9011,中种芯2S×13H9011,籼型两系杂交稻,黄冈市农业科学院等,鄂审稻20200001,鄂审稻,20200001,中种芯2S,黄冈市农业科学院
湖北,E两优20,E农1S×R20,籼型两系杂交稻,湖北省农业科学院粮食作物研究所,鄂审稻2019005,鄂审稻,2019005,E农1S,湖北省农业科学院粮食作物研究所
湖北,鹏两优5437,鹏S×R5437,籼型两系杂交稻,深圳市兆农农业科技有限公司,鄂审稻2016018,鄂审稻,2016018,鹏S,深圳市兆农农业科技有限公司
湖北,君香优317,君香A×23317,籼型三系杂交稻,湖南洞庭高科种业股份有限公司等,鄂审稻2010010,鄂审稻,2010010,君香A,湖南洞庭高科种业股份有限公司
湖南,湘早籼19号,湘早籼3号×浙辐802,籼型常规稻,湖南省水稻研究所等,湘品审第154号,湘审稻,154,湘早籼3号,湖南省水稻研究所
湖北,红香2A,粤泰A×红香2B,籼型不育系,湖北中香米业有限责任公司等,鄂审稻2012011,鄂审稻,2012011,粤泰A,湖北中香米业有限责任公司
湖北,E两优171,E农1S×R171,籼型两系杂交稻,湖北楚创高科农业有限公司等,鄂审稻2019004,鄂审稻,2019004,E农1S,湖北楚创高科农业有限公司
广东,来优178,来香A×恒恢178,籼型三系杂交稻,广东现代种业发展有限公司,粤审稻20220038,粤审稻,20220038,来香A,广东现代种业发展有限公司
湖北,荆楚优754,荆楚814A×R754,籼型三系杂交稻,湖北荆楚种业股份有限公司,鄂审稻2010009,鄂审稻,2010009,荆楚814A,湖北荆楚种业股份有限公司
河南,Ⅱ优293,Ⅱ-32A×YR293,籼型三系杂交稻,安徽荃银禾丰种业有限公司,豫审稻2008004,豫审稻,2008004,Ⅱ-32A,安徽荃银禾丰种业有限公司
湖北,红糯1A,粤泰A×红糯1B,籼型不育系,湖北中香农业科技股份有限公司等,鄂审稻2018042,鄂审稻,2018042,粤泰A,湖北中香农业科技股份有限公司
广东,中浙优8号,中浙A×T-8,籼型三系杂交稻,中国水稻研究所等,粤审稻20220121,粤审稻,20220121,中浙A,中国水稻研究所
湖北,裕丰576A,冈46A×裕丰576B,籼型不育系,湖北省种子集团有限公司,鄂审稻2019051,鄂审稻,2019051,冈46A,湖北省种子集团有限公司
河南,冈优689,冈46A×R416-2,籼型三系杂交稻,不详,豫审稻2009008,豫审稻,2009008,冈46A,不详
湖北,嘉育948,YD4-4×嘉育293-T8,籼型常规稻,嘉兴市农业科学研究院,鄂审稻001-2000,鄂审稻,001-2000,YD4-4,嘉兴市农业科学研究院
湖南,岳优3700,岳4A×R3700,籼型三系杂交稻,湖南桃花源种业有限责任公司,湘审稻2015035,湘审稻,2015035,岳4A,湖南桃花源种业有限责任公司
湖北,华1015S,广占63-4S//广占63-4S/HBQ810×广占63-4...,籼型不育系,华中农业大学作物遗传改良国家重点实验室,鄂审稻2017025,鄂审稻,2017025,广占63-4S//广占63-4S/HBQ810,华中农业大学作物遗传改良国家重点实验室
湖北,华两优2134,华6421S×华3234,籼型两系杂交稻,华中农业大学,鄂审稻20230005,鄂审稻,20230005,华6421S,华中农业大学
湖北,繁优香占,繁源A×小香占选,籼型三系杂交稻,福建省农业科学院水稻研究所,鄂审稻20210045,鄂审稻,20210045,繁源A,福建省农业科学院水稻研究所
湖北,中9优288,中9A×R288,籼型三系杂交稻,中国水稻研究所等,鄂审稻2004014,鄂审稻,2004014,中9A,中国水稻研究所
湖北,甬优4149,甬粳41A×F9249,籼粳交三系杂交稻,宁波市种子有限公司,鄂审稻2016017,鄂审稻,2016017,甬粳41A,宁波市种子有限公司
湖南,玉针香,天龙香103×R4015,籼型常规稻,湖南省水稻研究所等,湘审稻2009038,湘审稻,2009038,天龙香103,湖南省水稻研究所
湖北,雨两优228,雨03S×R228,籼型两系杂交稻,孝感市农业科学院等,鄂审稻20230035,鄂审稻,20230035,雨03S,孝感市农业科学院
湖北,761S,Y58S×陆两优996,籼型不育系,湖北谷神科技有限责任公司等,鄂审稻20230065,鄂审稻,20230065,Y58S,湖北谷神科技有限责任公司
湖北,冈早籼11号,鄂早18×鄂早18///鄂早18//鄂早18/GD-1,籼型常规稻,武汉佳禾生物科技有限责任公司等,鄂审稻2019003,鄂审稻,2019003,鄂早18,武汉佳禾生物科技有限责任公司
广东,兴两优124,兴农S×弘恢124,籼型两系杂交稻,广东天弘种业有限公司,粤审稻20220037,粤审稻,20220037,兴农S,广东天弘种业有限公司
湖北,渝优1号,渝5A×渝恢933,籼型三系杂交稻,重庆市作物研究所,鄂审稻2010008,鄂审稻,2010008,渝5A,重庆市作物研究所
湖北,华两优2120,华6421S×华莘320,籼型两系杂交稻,湖北农华生物科技有限公司等,鄂审稻20241016,鄂审稻,20241016,华6421S,湖北农华生物科技有限公司
河南,广优7289,广抗13A×R7289,籼型三系杂交稻,信阳市农业科学院,豫审稻20180001,豫审稻,20180001,广抗13A,信阳市农业科学院
广东,金隆优丝苗,金隆A×金美占,籼型三系杂交稻,广州市金粤生物科技有限公司,粤审稻20210022,粤审稻,20210022,金隆A,广州市金粤生物科技有限公司
湖北,两优2056,Bph68S×D2056,籼型两系杂交稻,武汉国英种业有限责任公司,鄂审稻20230034,鄂审稻,20230034,Bph68S,武汉国英种业有限责任公司
湖北,桉两优102,桉S×福恢102,籼型两系杂交稻,湖北耕星农业科技有限公司等,鄂审稻20230033,鄂审稻,20230033,桉S,湖北耕星农业科技有限公司
湖北,鄂粳优763,鄂晚17A×香恢63,粳型三系杂交稻,湖北中香米业有限责任公司等,鄂审稻2012010,鄂审稻,2012010,鄂晚17A,湖北中香米业有限责任公司
河南,徐稻7号,徐98552×镇稻88,粳型常规稻,江苏徐淮地区徐州农业科学研究所,豫审稻2008003,豫审稻,2008003,徐98552,江苏徐淮地区徐州农业科学研究所
湖北,荃优822,荃9311A×YR0822,籼型三系杂交稻,安徽省皖农种业有限公司等,鄂审稻2016016,鄂审稻,2016016,荃9311A,安徽省皖农种业有限公司
湖北,长农优982,长农1A×R982-2,籼型三系杂交稻,长江大学等,鄂审稻2017024,鄂审稻,2017024,长农1A,长江大学
湖北,荆两优8622,荆118S×R622,籼型两系杂交稻,湖北利众种业科技有限公司,鄂审稻20220050,鄂审稻,20220050,荆118S,湖北利众种业科技有限公司
湖北,汕优45,珍汕97A×45-10,籼型三系杂交稻,湖北省咸宁市农科所,鄂审稻002-1999,鄂审稻,002-1999,珍汕97A,湖北省咸宁市农科所
湖北,襄313A,粤丰A×襄313B,籼型不育系,襄阳市农业科学院,鄂审稻2019050,鄂审稻,2019050,粤丰A,襄阳市农业科学院
湖南,湘早籼18号,湘早籼10号,籼型常规稻,湖南省水稻研究所,湘品审第153号,湘审稻,153,湘早籼10号,湖南省水稻研究所
湖北,华1165S,广占63-4S/VE6219×广占63-4S/B5,籼型不育系,华中农业大学,鄂审稻20210092,鄂审稻,20210092,广占63-4S/VE6219,华中农业大学
河南,特双38,特青1号×ⅠET2934,籼型常规稻,信阳市农业科学研究所,豫籼6号,豫审稻,6,特青1号,信阳市农业科学研究所
湖北,赣73优66,赣73A×恩恢66,籼型三系杂交稻,湖北泽隆农业科技有限公司等,鄂审稻20210044,鄂审稻,20210044,赣73A,湖北泽隆农业科技有限公司
湖北,金优207,金23A×先恢207,籼型三系杂交稻,湖南杂交水稻研究中心,鄂审稻020-2002,鄂审稻,020-2002,金23A,湖南杂交水稻研究中心
广东,宽仁优6377,宽仁丰A×R6377,籼型三系杂交稻,深圳兆农农业科技有限公司,粤审稻20210021,粤审稻,20210021,宽仁丰A,深圳兆农农业科技有限公司
湖北,内6优147,内香6A×R147,籼型三系杂交稻,湖北华之夏种子有限责任公司,鄂审稻2016015,鄂审稻,2016015,内香6A,湖北华之夏种子有限责任公司
湖北,鄂糯9号,D0424S×鄂荆糯6号,籼型常规稻,湖北省种子集团公司,鄂审稻2004013,鄂审稻,2004013,D0424S,湖北省种子集团公司
湖北,襄两优338,襄3S×R38,籼型两系杂交稻,湖北鄂科华泰种业股份有限公司等,鄂审稻20230032,鄂审稻,20230032,襄3S,湖北鄂科华泰种业股份有限公司
湖北,巨风优1098,巨风A×咸恢1098,籼型三系杂交稻,咸宁市农业科学院等,鄂审稻2017023,鄂审稻,2017023,巨风A,咸宁市农业科学院
湖北,马协18,马协A×118-2,籼型三系杂交稻,湖北大学,鄂审稻001-1999,鄂审稻,001-1999,马协A,湖北大学
河南,新稻90261,新稻68-11×郑粳107,粳型常规稻,新乡市农业科学研究所,豫粳8号,豫审稻,8,新稻68-11,新乡市农业科学研究所
湖北,金优928,金23A×R928,籼型三系杂交稻,湖北省荆州市种子总公司,鄂审稻004-1998,鄂审稻,004-1998,金23A,湖北省荆州市种子总公司
湖北,弘两优822,弘6S×HR822,籼型两系杂交稻,武汉弘耕种业有限公司,鄂审稻2017022,鄂审稻,2017022,弘6S,武汉弘耕种业有限公司
湖北,全优16,全丰A×TR16,籼型三系杂交稻,湖北康农种业股份有限公司等,鄂审稻2017021,鄂审稻,2017021,全丰A,湖北康农种业股份有限公司
湖北,福两优653,福1S×R653,籼型两系杂交稻,武汉隆福康农业发展有限公司,鄂审稻20230004,鄂审稻,20230004,福1S,武汉隆福康农业发展有限公司
广东,中恒优金丝苗,中恒A×金丝苗,籼型三系杂交稻,广东粤良种业有限公司,粤审稻20210020,粤审稻,20210020,中恒A,广东粤良种业有限公司
广东,万丰优丝占,万丰99A×创恢丝占,籼型三系杂交稻,湖南袁创超级稻技术有限公司,粤审稻20210019,粤审稻,20210019,万丰99A,湖南袁创超级稻技术有限公司
湖北,甬优4953,甬粳49A×F6853,籼粳交三系杂交稻,宁波市种子有限公司,鄂审稻2017020,鄂审稻,2017020,甬粳49A,宁波市种子有限公司
湖北,粤农丝苗,黄华占×粤泰13,籼型常规稻,广东省农业科学院水稻研究所,鄂审稻2017019,鄂审稻,2017019,黄华占,广东省农业科学院水稻研究所
湖北,长农优1531,长农1A×长恢1531,籼型三系杂交稻,长江大学等,鄂审稻20210043,鄂审稻,20210043,长农1A,长江大学
广东,中升优101,中升A×恒恢101,籼型三系杂交稻,广东恒昊农业有限公司、广东现代种业发展有限公司,粤审稻20210018,粤审稻,20210018,中升A,广东恒昊农业有限公司、广东现代种业发展有限公司
广东,峰软优福农占,峰软A×福农占,籼型三系杂交稻,广东海洋大学等,粤审稻20230034,粤审稻,20230034,峰软A,广东海洋大学
湖北,华两优4051,华6040S×华珍115,籼型两系杂交稻,华中农业大学,鄂审稻20241015,鄂审稻,20241015,华6040S,华中农业大学
广东,香龙优泰占,香龙A×泰占,籼型三系杂交稻,中国种子集团有限公司,粤审稻20220036,粤审稻,20220036,香龙A,中国种子集团有限公司
湖北,荃9优117,荃9311A×长恢117,籼型三系杂交稻,长江大学等,鄂审稻20210042,鄂审稻,20210042,荃9311A,长江大学
湖北,珞优9348,珞红4A×成恢9348,籼型三系杂交稻,武汉国英种业有限责任公司等,鄂审稻2016014,鄂审稻,2016014,珞红4A,武汉国英种业有限责任公司
湖南,玉晶91,爱华5号/农香16×玉柱香,籼型常规稻,湖南省水稻研究所等,湘审稻2015034,湘审稻,2015034,爱华5号/农香16,湖南省水稻研究所
湖北,金优133,金23A×P133,籼型三系杂交稻,湖北省农业科学院作物育种栽培研究所,鄂审稻019-2002,鄂审稻,019-2002,金23A,湖北省农业科学院作物育种栽培研究所
湖北,两优莹丝,E农1S×长粒莹丝,籼型两系杂交稻,湖北汇楚智生物科技有限公司等,鄂审稻20230031,鄂审稻,20230031,E农1S,湖北汇楚智生物科技有限公司
湖北,福1S,HD9802S×N266B,籼型不育系,武汉隆福康农业发展有限公司,鄂审稻20230064,鄂审稻,20230064,HD9802S,武汉隆福康农业发展有限公司
广东,耕香优98丝苗,耕香A×粤恢98丝苗,籼型三系杂交稻,广东现代种业发展有限公司等,粤审稻20220120,粤审稻,20220120,耕香A,广东现代种业发展有限公司
湖北,两优277,YW-2S×双七,籼型两系杂交稻,湖北省农科院作物育种栽培研究所,鄂审稻2004012,鄂审稻,2004012,YW-2S,湖北省农科院作物育种栽培研究所
湖北,两优1208,HD9802S×R1208,籼型两系杂交稻,湖北大楚农业科技有限公司,鄂审稻2019002,鄂审稻,2019002,HD9802S,湖北大楚农业科技有限公司
湖南,Ⅱ优845,Ⅱ-32A×温恢845,籼型三系杂交稻,温州市农业科学研究院,湘审稻2009037,湘审稻,2009037,Ⅱ-32A,温州市农业科学研究院
湖北,巨2优3137,巨风2A×R3137,籼型三系杂交稻,海南广陵高科实业有限公司等,鄂审稻2017018,鄂审稻,2017018,巨风2A,海南广陵高科实业有限公司
湖北,新香优96,新香A×R96,籼型三系杂交稻,湖北省荆州市种子总公司,鄂审稻018-2002,鄂审稻,018-2002,新香A,湖北省荆州市种子总公司
湖北,襄3S,J6094S×ES86,籼型不育系,襄阳市农业科学院,鄂审稻2019049,鄂审稻,2019049,J6094S,襄阳市农业科学院
湖北,两优576,汉光56S×R76,籼型两系杂交稻,湖北省种子集团有限公司,鄂审稻2019001,鄂审稻,2019001,汉光56S,湖北省种子集团有限公司
河南,Y两优358,Y58S×R358,籼型两系杂交稻,天津天隆科技有限公司,豫审稻2017005,豫审稻,2017005,Y58S,天津天隆科技有限公司
湖北,华6421S,华1015S×华1165S,籼型不育系,华中农业大学,鄂审稻20210091,鄂审稻,20210091,华1015S,华中农业大学
湖北,亮S,Y58S×R280,籼型不育系,湖南隆平种业有限公司,鄂审稻2018041,鄂审稻,2018041,Y58S,湖南隆平种业有限公司
湖北,华两优521,华5113S×早恢21,籼型两系杂交稻,湖北中香农业科技股份有限公司等,鄂审稻20230003,鄂审稻,20230003,华5113S,湖北中香农业科技股份有限公司
河南,信阳03,桂朝2号×银粘,籼型常规稻,信阳农业高等专科学校,豫籼5号,豫审稻,5,桂朝2号,信阳农业高专科学校
河南,信阳83107,桂朝2号×IR140,籼型常规稻,信阳市农业科学研究所,豫籼4号,豫审稻,4,桂朝2号,信阳市农业科学研究所
湖北,魅两优298,魅051S×R7298,籼型两系杂交稻,湖北华之夏种子有限责任公司等,鄂审稻20220049,鄂审稻,20220049,魅051S,湖北华之夏种子有限责任公司
湖北,韵2013S,深08S/紫糯×华占,籼型不育系,湖南隆平种业有限公司,鄂审稻2018040,鄂审稻,2018040,深08S/紫糯,湖南隆平种业有限公司
河南,方欣4号,武育粳3号×白香粳,粳型常规稻,河南农业大学农学院,豫审稻2008002,豫审稻,2008002,武育粳3号,河南农业大学农学院
湖北,荆楚优148,荆楚814A×R148,籼型三系杂交稻,湖北荆楚种业股份有限公司,鄂审稻017-2002,鄂审稻,017-2002,荆楚814A,湖北荆楚种业股份有限公司
湖北,华两优4025,华6040S×华珍9125,籼型两系杂交稻,华中农业大学,鄂审稻20241014,鄂审稻,20241014,华6040S,华中农业大学
湖北,荃优金1号,荃9311A×金恢1号,籼型三系杂交稻,深圳市金谷美香实业有限公司等,鄂审稻2017017,鄂审稻,2017017,荃9311A,深圳市金谷美香实业有限公司
湖北,鄂丰7S,Y58S×15S,籼型不育系,湖北省种子集团有限公司,鄂审稻2019048,鄂审稻,2019048,Y58S,湖北省种子集团有限公司
湖北,汕优晚3,珍汕97A×晚3,籼型三系杂交稻,湖南杂交水稻研究中心,鄂审稻003-1998,鄂审稻,003-1998,珍汕97A,湖南杂交水稻研究中心
广东,珍野优粤芽丝苗,珍野A×粤芽丝苗,籼型三系杂交稻,广东省农业科学院水稻研究所,粤审稻20230033,粤审稻,20230033,珍野A,广东省农业科学院水稻研究所
湖北,金优38,金23A×冈恢38,籼型三系杂交稻,湖北省黄冈市农业科学研究所,鄂审稻2004011,鄂审稻,2004011,金23A,湖北省黄冈市农业科学研究所
广东,广泰优1521,广泰A×广恢1521,籼型三系杂交稻,广东省农业科学院水稻研究所,粤审稻20210016,粤审稻,20210016,广泰A,广东省农业科学院水稻研究所
广东,吉优1001,吉丰A×广恢1001,籼型三系杂交稻,广东省农业科学院水稻研究所,粤审稻20210015,粤审稻,20210015,吉丰A,广东省农业科学院水稻研究所
湖北,亘优鄂丰丝苗,华166A×鄂丰丝苗,籼型三系杂交稻,武汉亘谷源生态农业科技有限公司等,鄂审稻20241013,鄂审稻,20241013,华166A,武汉亘谷源生态农业科技有限公司
湖北,湘晚籼10号,亲16选×80-66,籼型常规稻,湖南省水稻研究所,鄂审稻016-2002,鄂审稻,016-2002,亲16选,湖南省水稻研究所
广东,粤创优金丝苗,粤创A×金丝苗,籼型三系杂交稻,广东粤良种业有限公司,粤审稻20210014,粤审稻,20210014,粤创A,广东粤良种业有限公司
湖北,楚两优727,楚18S×R727,籼型两系杂交稻,湖北楚创生物育种研究院等,鄂审稻20230030,鄂审稻,20230030,楚18S,湖北楚创生物育种研究院
湖北,万象优111,万象A×中恢111,籼型三系杂交稻,江西红一种业科技股份有限公司等,鄂审稻2017016,鄂审稻,2017016,万象A,江西红一种业科技股份有限公司
湖南,桃优香占,桃农1A×黄华占,籼型三系杂交稻,桃源县农业科学研究所等,湘审稻2015033,湘审稻,2015033,桃农1A,桃源县农业科学研究所
湖北,金优39,金23A×冈恢39,籼型三系杂交稻,黄冈市农业科学院,鄂审稻2012009,鄂审稻,2012009,金23A,黄冈市农业科学院
河南,郑稻19,豫粳6号×郑90-36,粳型常规稻,河南省农业科学院粮食作物研究所,豫审稻2008001,豫审稻,2008001,豫粳6号,河南省农业科学院粮食作物研究所
湖北,华优352,华528A×华恢352,籼型三系杂交稻,华中农业大学,鄂审稻2016013,鄂审稻,2016013,华528A,华中农业大学
湖北,敦优华占,敦957A×华占,籼型三系杂交稻,武汉敦煌种业有限公司,鄂审稻2017015,鄂审稻,2017015,敦957A,武汉敦煌种业有限公司
湖北,益9优晚占,益9A×晚占,籼型三系杂交稻,湖北隆华种业有限公司等,鄂审稻20230029,鄂审稻,20230029,益9A,湖北隆华种业有限公司
湖北,鄂丰5S,C815S×15S,籼型不育系,湖北省种子集团有限公司,鄂审稻2019047,鄂审稻,2019047,C815S,湖北省种子集团有限公司
湖北,秧荪2号,魅051S×绿银占,籼型两系杂交稻,湖北华之夏种子责任有限公司等,鄂审稻20210090,鄂审稻,20210090,魅051S,湖北华之夏种子责任有限公司
湖北,强两优2号,新强01S×杨恢2号,籼型两系杂交稻,安徽荃银欣隆种业有限公司,鄂审稻2012008,鄂审稻,2012008,新强01S,安徽荃银欣隆种业有限公司
湖北,惠香优082,惠香8A×惠恢082,籼型三系杂交稻,武汉惠华三农种业有限公司,鄂审稻20241012,鄂审稻,20241012,惠香8A,武汉惠华三农种业有限公司
湖北,深两优5183,深51S×R7183,籼型两系杂交稻,深圳市兆农农业科技有限公司等,鄂审稻2016012,鄂审稻,2016012,深51S,深圳市兆农农业科技有限公司
湖北,鄂中5号,西班牙引进,籼型常规稻,湖北省农业科学院粮食作物研究所等,鄂审稻2004010,鄂审稻,2004010,西班牙引进,湖北省农业科学院粮食作物研究所
广东,五优美占,五丰A×金美占,籼型三系杂交稻,广东兆华种业有限公司,粤审稻20210013,粤审稻,20210013,五丰A,广东兆华种业有限公司
广东,又香优郁香,又香A×郁香,籼型三系杂交稻,广西兆和种业有限公司等,粤审稻20220119,粤审稻,20220119,又香A,广西兆和种业有限公司
湖北,益9优629,益9A×GR629,籼型三系杂交稻,中国种子集团有限公司等,鄂审稻20230028,鄂审稻,20230028,益9A,中国种子集团有限公司
湖北,巨2优60,巨风2A×R60,籼型三系杂交稻,湖北省农业科学院粮食作物研究所等,鄂审稻2017014,鄂审稻,2017014,巨风2A,湖北省农业科学院粮食作物研究所
湖北,长优72,长丰A×R01-72,籼型三系杂交稻,中南民族大学等,鄂审稻2012007,鄂审稻,2012007,长丰A,中南民族大学
湖北,扬籼优77,扬籼9A×HD377,籼型三系杂交稻,湖北省农业科学院粮食作物研究所等,鄂审稻20241011,鄂审稻,20241011,扬籼9A,湖北省农业科学院粮食作物研究所
湖北,天龙两优140,天龙S×天龙恢140,籼型两系杂交稻,四川西科种业股份有限公司,鄂审稻2016011,鄂审稻,2016011,天龙S,四川西科种业股份有限公司
湖北,荃优华占,荃9311A×华占,籼型三系杂交稻,安徽荃银高科种业股份有限公司等,鄂审稻2017013,鄂审稻,2017013,荃9311A,安徽荃银高科种业股份有限公司
广东,华航红珍占,红珍糯/金航油占//红荔丝苗×华航油占/红荔丝苗,籼型常规稻,国家植物航天育种工程技术研究中心（华南农业大学）,粤审稻20230032,粤审稻,20230032,红珍糯/金航油占//红荔丝苗,国家植物航天育种工程技术研究中心（华南农业大学）
湖北,华448S,C815S×C815S///C815S//C815S/R6,籼型不育系,华中农业大学,鄂审稻20230063,鄂审稻,20230063,C815S,华中农业大学
广东,安优1001,安丰A×广恢1001,籼型三系杂交稻,广东省农业科学院水稻研究所,粤审稻20210012,粤审稻,20210012,安丰A,广东省农业科学院水稻研究所
湖北,巨2优68,巨风2A×宜恢68,籼型三系杂交稻,宜昌市农业科学研究院等,鄂审稻20210025,鄂审稻,20210025,巨风2A,宜昌市农业科学研究院
湖北,荃优鄂丰丝苗,荃9311A×鄂丰丝苗,籼型三系杂交稻,湖北荃银高科种业有限公司等,鄂审稻20210024,鄂审稻,20210024,荃9311A,湖北荃银高科种业有限公司
湖北,荆11-2S,荆118S×粤光S,籼型不育系,湖北荆楚种业科技有限公司等,鄂审稻2018039,鄂审稻,2018039,荆118S,湖北荆楚种业科技有限公司
广东,金恒优金桂丝苗,金恒A×金桂丝苗,籼型三系杂交稻,广东粤良种业有限公司,粤审稻20220035,粤审稻,20220035,金恒A,广东粤良种业有限公司
湖北,华荃优5195,荃9311A×华恢5195,籼型三系杂交稻,华中农业大学等,鄂审稻20210023,鄂审稻,20210023,荃9311A,华中农业大学
河南,新稻89277,新稻68-11/郑粳107×IR26,粳型常规稻,河南省新乡万农稻麦中心,豫粳7号,豫审稻,7,新稻68-11/郑粳107,河南省新乡万农稻麦中心
湖北,劲两优1716,G189S×ZR716,籼型两系杂交稻,湖北华泓种业科技有限公司等,鄂审稻20230027,鄂审稻,20230027,G189S,湖北华泓种业科技有限公司
湖南,湘早籼17号,85-20×竹系26/红410//74-105,籼型常规稻,湖南农业大学,湘品审第152号,湘审稻,152,85-20,湖南农业大学
河南,瑞两优1576,瑞丰15S×GR076,籼型两系杂交稻,安徽国瑞种业有限公司,豫审稻2017004,豫审稻,2017004,瑞丰15S,安徽国瑞种业有限公司
湖北,川优542,川106A×恩恢542,籼型三系杂交稻,恩施土家族苗族自治州农业科学院等,鄂审稻20210041,鄂审稻,20210041,川106A,恩施土家族苗族自治州农业科学院
湖北,鄂香1号,80-66×矮黑,籼型常规稻,中国水稻研究所,鄂审稻015-2002,鄂审稻,015-2002,80-66,中国水稻研究所
湖北,旌优4038,旌3A×泸恢4038,籼型三系杂交稻,武汉国英种业有限责任公司等,鄂审稻20210022,鄂审稻,20210022,旌3A,武汉国英种业有限责任公司
湖北,儒两优谷香29,儒26S×谷香29,籼型两系杂交稻,湖北农华生物科技有限公司等,鄂审稻20230026,鄂审稻,20230026,儒26S,湖北农华生物科技有限公司
湖南,盛泰优352,盛泰A×YC352,籼型三系杂交稻,湖南洞庭高科种业股份有限公司等,湘审稻2015032,湘审稻,2015032,盛泰A,湖南洞庭高科种业股份有限公司
河南,连8优3号,连8A×云R3,粳型三系杂交稻,江苏金万禾农业科技有限公司,豫审稻2017003,豫审稻,2017003,连8A,江苏金万禾农业科技有限公司
湖北,鄂香2号,香恢66//培矮64S/鄂晚17×R187,粳型常规稻,湖北中香农业科技股份有限公司等,鄂审稻2018038,鄂审稻,2018038,香恢66//培矮64S/鄂晚17,湖北中香农业科技股份有限公司
湖北,荃优挺占,荃9311A×R挺占,籼型三系杂交稻,湖北农华农业科技有限公司等,鄂审稻20210021,鄂审稻,20210021,荃9311A,湖北农华农业科技有限公司
湖北,魅两优华丝苗,魅051S×华丝苗,籼型两系杂交稻,湖北格利因生物科技有限公司等,鄂审稻20220048,鄂审稻,20220048,魅051S,湖北格利因生物科技有限公司
湖北,法两优068,法32S×R068,籼型两系杂交稻,湖北智荆高新种业科技有限公司等,鄂审稻20230002,鄂审稻,20230002,法32S,湖北智荆高新种业科技有限公司
湖北,矮优82,二九矮4号A×红宇82,粳型三系杂交稻,华中师范大学,鄂审稻005-1990,鄂审稻,005-1990,二九矮4号A,华中师范大学
湖北,四喜粘,IET2938×桂朝2号,籼型常规稻,湖北省农业科学院粮食作物研究所,鄂审稻004-1990,鄂审稻,004-1990,IET2938,湖北省农业科学院粮食作物研究所
广东,中银优珍丝苗,中银A×珍丝苗,籼型三系杂交稻,广东粤良种业有限公司,粤审稻20220034,粤审稻,20220034,中银A,广东粤良种业有限公司
湖北,Ⅱ优501,Ⅱ-32-8A×绵恢501,籼型三系杂交稻,绵阳市农业科学研究所等,鄂审稻002-1998,鄂审稻,002-1998,Ⅱ-32-8A,绵阳市农业科学研究所
湖北,华5113S,HD9802S×HD9802S////HD9802S///H...,籼型不育系,华中农业大学,鄂审稻20230062,鄂审稻,20230062,HD9802S,华中农业大学
湖北,汉光56S,HD9802S×湘早143,籼型不育系,湖北省种子集团有限公司等,鄂审稻2019046,鄂审稻,2019046,HD9802S,湖北省种子集团有限公司
湖北,垦选9276,黄华占×旱128,籼型常规稻,安徽皖垦种业股份有限公司等,鄂审稻20210040,鄂审稻,20210040,黄华占,安徽皖垦种业股份有限公司
湖北,丰优香占,粤丰A×R6547,籼型三系杂交稻,江苏里下河地区农业科学研究所等,鄂审稻2004009,鄂审稻,2004009,粤丰A,江苏里下河地区农业科学研究所
湖北,85-44,竹广矮8/军协×竹科2号,籼型常规稻,中国水稻研究所,鄂审稻003-1990,鄂审稻,003-1990,竹广矮8/军协,中国水稻研究所
湖北,冈优725,冈46A×绵恢725,籼型三系杂交稻,四川省绵阳市农业科学研究所,鄂审稻014-2002,鄂审稻,014-2002,冈46A,四川省绵阳市农业科学研究所
广东,广油农占,黄广油占×粤农丝苗,籼型常规稻,广东省农业科学院水稻研究所,粤审稻20230031,粤审稻,20230031,黄广油占,广东省农业科学院水稻研究所
河南,新稻90247,新稻85-12×郑粳81754,粳型常规稻,新乡市农业科学研究所,豫粳6号,豫审稻,6,新稻85-12,新乡市农业科学研究所
河南,川香8号,川香29A×成恢157,籼型三系杂交稻,四川省农业科学院作物研究所,豫审稻2007009,豫审稻,2007009,川香29A,四川省农业科学院作物研究所
广东,南两优黑1号,南11S×南黑1号,籼型两系杂交稻,广东省农业科学院水稻研究所,粤审稻20210011,粤审稻,20210011,南11S,广东省农业科学院水稻研究所
湖北,秧荪1号,E农1S×鄂恢71,籼型两系杂交稻,湖北省农业科学院粮食作物研究所,鄂审稻20210089,鄂审稻,20210089,E农1S,湖北省农业科学院粮食作物研究所
湖北,花香1S,H1968-4S×16Q216,籼型不育系,湖北省农业科学院粮食作物研究所等,鄂审稻20230061,鄂审稻,20230061,H1968-4S,湖北省农业科学院粮食作物研究所
湖北,早丰优0861,早丰A×R0861,籼型三系杂交稻,湖北华占种业科技有限公司等,鄂审稻2018037,鄂审稻,2018037,早丰A,湖北华占种业科技有限公司
湖北,茶香优1号,茶香A×18W437,籼型三系杂交稻,湖北谷神科技有限责任公司等,鄂审稻20220047,鄂审稻,20220047,茶香A,湖北谷神科技有限责任公司
湖北,汉两优6510,汉武1S×R1510,籼型两系杂交稻,湖北省种子集团有限公司,鄂审稻20241010,鄂审稻,20241010,汉武1S,湖北省种子集团有限公司
湖北,隆两优281,隆科638S×华恢281,籼型两系杂交稻,湖南亚华种业科学研究院,鄂审稻2016010,鄂审稻,2016010,隆科638S,湖南亚华种业科学研究院
广东,粤良珍禾,新黄占/象牙香占×黄广莉占,籼型常规稻,广东粤良种业有限公司,粤审稻20220118,粤审稻,20220118,新黄占/象牙香占,广东粤良种业有限公司
湖北,C两优33,C815S×E33-1,籼型两系杂交稻,湖南金色农华种业科技有限公司,鄂审稻2017012,鄂审稻,2017012,C815S,湖南金色农华种业科技有限公司
湖北,宜香优109,宜香1A×泽恢109,籼型三系杂交稻,湖北泽隆农业科技有限公司等,鄂审稻20230025,鄂审稻,20230025,宜香1A,湖北泽隆农业科技有限公司
湖北,源两优9590,源95S×R090,籼型两系杂交稻,武汉武大天源生物科技股份有限公司,鄂审稻20220046,鄂审稻,20220046,源95S,武汉武大天源生物科技股份有限公司
广东,粤野银占,野籼占8号×粤新银占2号,籼型常规稻,广东省农业科学院水稻研究所,粤审稻20230030,粤审稻,20230030,野籼占8号,广东省农业科学院水稻研究所
湖北,忠605S,全1S×新华S,籼型不育系,湖北荃银高科种业有限公司,鄂审稻2019045,鄂审稻,2019045,全1S,湖北荃银高科种业有限公司
湖北,早丰优华占,早丰A×华占,籼型三系杂交稻,中国水稻研究所等,鄂审稻2018036,鄂审稻,2018036,早丰A,中国水稻研究所
湖南,深优9559,深95A×R5359,籼型三系杂交稻,湖南袁氏种业高科技有限公司等,湘审稻2015031,湘审稻,2015031,深95A,湖南袁氏种业高科技有限公司
广东,南新银占,南桂新占×黄银占,籼型常规稻,广东省农业科学院水稻研究所,粤审稻20230029,粤审稻,20230029,南桂新占,广东省农业科学院水稻研究所
河南,冈优177,冈46A×成恢177,籼型三系杂交稻,四川省农科院作物研究所等,豫审稻2007008,豫审稻,2007008,冈46A,四川省农科院作物研究所
河南,双辐优718,双辐A×辐恢718,籼型三系杂交稻,四川达丰种业科技有限责任公司等,豫审稻2007007,豫审稻,2007007,双辐A,四川达丰种业科技有限责任公司
湖北,鄂冈早1号,二九矮7号×朝阳早18,籼型常规稻,湖北省黄冈市农科所,鄂审稻002-1990,鄂审稻,002-1990,二九矮7号,湖北省黄冈市农科所
湖北,全丰优2155,全丰A×明恢2155,籼型三系杂交稻,福建省三明市农业科学研究所,鄂审稻2012006,鄂审稻,2012006,全丰A,福建省三明市农业科学研究所
湖北,隆两优618,隆科638S×R618,籼型两系杂交稻,袁隆平农业高科技股份有限公司,鄂审稻2016009,鄂审稻,2016009,隆科638S,袁隆平农业高科技股份有限公司
湖北,EK8S,C815S/////佳丰68S////密阳46/IR661/...,籼型不育系,湖北省农业科学院粮食作物研究所,鄂审稻20230060,鄂审稻,20230060,C815S/////佳丰68S////密阳46/IR661/...,湖北省农业科学院粮食作物研究所
湖北,源稻19,天源280×天源217,粳型常规稻,吉林省天源种子研究所等,鄂审稻20210088,鄂审稻,20210088,天源280,吉林省天源种子研究所
湖北,宜香优1577,宜香1A×宜恢1577,籼型三系杂交稻,宜宾市农业科学院,鄂审稻2004008,鄂审稻,2004008,宜香1A,宜宾市农业科学院
湖北,广两优1133,广占63S×R1133,籼型两系杂交稻,湖南金健种业科技有限公司,鄂审稻2017011,鄂审稻,2017011,广占63S,湖南金健种业科技有限公司
湖北,博优湛19,博A×湛19,籼型三系杂交稻,广东省湛江市杂优种子联合公司,鄂审稻001-1998,鄂审稻,001-1998,博A,广东省湛江市杂优种子联合公司
湖北,广8优19,广8A×香恢19,籼型三系杂交稻,湖北中香农业科技股份有限公司等,鄂审稻20210087,鄂审稻,20210087,广8A,湖北中香农业科技股份有限公司
广东,三红占,双红占1号×粤红宝,籼型常规稻,广东省农业科学院水稻研究所,粤审稻20210010,粤审稻,20210010,双红占1号,广东省农业科学院水稻研究所
湖北,绵2优838,绵2A×辐恢838,籼型三系杂交稻,四川省绵阳市农业科学研究所,鄂审稻013-2002,鄂审稻,013-2002,绵2A,四川省绵阳市农业科学研究所
广东,丽两优香油占,丽香S×万香油占,籼型两系杂交稻,清远市农业科技推广服务中心等,粤审稻20220117,粤审稻,20220117,丽香S,清远市农业科技推广服务中心
广东,金恒优金丝苗,金恒A×金丝苗,籼型三系杂交稻,广东粤良种业有限公司,粤审稻20220019,粤审稻,20220019,金恒A,广东粤良种业有限公司
湖北,华两优2885,华1228S×香5,籼型两系杂交稻,海南广陵高科实业有限公司等,鄂审稻20210020,鄂审稻,20210020,华1228S,海南广陵高科实业有限公司
湖北,雨两优71,雨03S×鄂恢71,籼型两系杂交稻,中垦锦绣华农武汉科技有限公司等,鄂审稻20220045,鄂审稻,20220045,雨03S,中垦锦绣华农武汉科技有限公司
湖北,鄂早8号,22×32,籼型常规稻,湖北省农业科学院粮食作物研究所,鄂审稻001-1990,鄂审稻,001-1990,22,湖北省农业科学院粮食作物研究所
湖北,泰优2806,泰丰A×R2806,籼型三系杂交稻,湖北省农业科学院粮食作物研究所等,鄂审稻2018035,鄂审稻,2018035,泰丰A,湖北省农业科学院粮食作物研究所
湖北,宜香优8624,宜香1A×恩恢8624,籼型三系杂交稻,恩施土家族苗族自治州农业科学院等,鄂审稻20230024,鄂审稻,20230024,宜香1A,恩施土家族苗族自治州农业科学院
湖北,凯两优985,凯68S×ZR985,籼型两系杂交稻,湖北华泓种业科技有限公司,鄂审稻20241009,鄂审稻,20241009,凯68S,湖北华泓种业科技有限公司
河南,裕丰8号,Ⅱ-32A×裕恢130,籼型三系杂交稻,眉山市裕丰种业有限责任公司,豫审稻2007006,豫审稻,2007006,Ⅱ-32A,眉山市裕丰种业有限责任公司
河南,Ⅱ优1511,Ⅱ-32A×信恢1511,籼型三系杂交稻,信阳市农业科学研究所,豫审稻2007005,豫审稻,2007005,Ⅱ-32A,信阳市农业科学研究所
广东,金香优6号,金香A×中种恢6号,籼型三系杂交稻,中种华南(广州)种业有限公司,粤审稻20220033,粤审稻,20220033,金香A,中种华南(广州)种业有限公司
湖北,贡两优禾丝苗,贡887S×禾广丝苗,籼型两系杂交稻,武汉科珈种业科技有限公司等,鄂审稻20230001,鄂审稻,20230001,贡887S,武汉科珈种业科技有限公司
湖北,恩1S,Y58S×R325,籼型不育系,恩施土家族苗族自治州农业科学院,鄂审稻2019044,鄂审稻,2019044,Y58S,恩施土家族苗族自治州农业科学院
广东,莹两优红3,广莹S×广红3号,籼型两系杂交稻,广东省农业科学院水稻研究所,粤审稻20210009,粤审稻,20210009,广莹S,广东省农业科学院水稻研究所
湖北,雨两优471,雨03S×R471,籼型两系杂交稻,湖南金健种业科技有限公司等,鄂审稻2017010,鄂审稻,2017010,雨03S,湖南金健种业科技有限公司
广东,贡糯1号,新黄占/粤金银占×航香糯,籼型常规稻,广东省农业科学院水稻研究所,粤审稻20220018,粤审稻,20220018,新黄占/粤金银占,广东省农业科学院水稻研究所
湖北,玉晶臻丝,青占/合丰占×玉香油占,籼型常规稻,湖北惠民农业科技有限公司等,鄂审稻20210039,鄂审稻,20210039,青占/合丰占,湖北惠民农业科技有限公司
湖北,盛泰优018,盛泰A×R018,籼型三系杂交稻,湖南洞庭高科种业股份有限公司等,鄂审稻2019043,鄂审稻,2019043,盛泰A,湖南洞庭高科种业股份有限公司
湖北,长农优231,长农2A×长恢31,籼型三系杂交稻,长江大学等,鄂审稻2019042,鄂审稻,2019042,长农2A,长江大学
湖北,中百优65,中100A×R65,籼型三系杂交稻,湖北中种武陵种业有限公司等,鄂审稻2019041,鄂审稻,2019041,中100A,湖北中种武陵种业有限公司
湖北,福两优161,福兴16S×福恢161,籼型两系杂交稻,荆州市福隆兴种业有限公司等,鄂审稻20220044,鄂审稻,20220044,福兴16S,荆州市福隆兴种业有限公司
湖北,糯两优561,糯56S×香糯1号,籼型两系杂交稻,湖北中香农业科技股份有限公司等,鄂审稻2016008,鄂审稻,2016008,糯56S,湖北中香农业科技股份有限公司
广东,广美软占,广软占×粤禾丝苗/美香占2 号,籼型常规稻,广东省农业科学院水稻研究所,粤审稻20230028,粤审稻,20230028,广软占,广东省农业科学院水稻研究所
湖北,内10优702,内香10A×福恢702,籼型三系杂交稻,福建省农业科学院水稻研究所等,鄂审稻2019040,鄂审稻,2019040,内香10A,福建省农业科学院水稻研究所
湖北,深两优595,深08S×R595,籼型两系杂交稻,湖北省种子集团有限公司等,鄂审稻20210019,鄂审稻,20210019,深08S,湖北省种子集团有限公司
湖北,Ⅱ优718,Ⅱ-32A×辐恢718,籼型三系杂交稻,四川省原子核应用技术研究所等,鄂审稻012-2002,鄂审稻,012-2002,Ⅱ-32A,四川省原子核应用技术研究所
湖北,华两优丝苗,华1228S×鄂丰丝苗,籼型两系杂交稻,湖北华泓种业科技有限公司等,鄂审稻20241008,鄂审稻,20241008,华1228S,湖北华泓种业科技有限公司
湖北,珞九丝苗,五山丝苗×五山丝苗////五山丝苗///五山丝苗//五山丝苗...,籼型常规稻,湖北省种子集团有限公司等,鄂审稻20226003,鄂审稻,20226003,五山丝苗,湖北省种子集团有限公司
湖北,骏优172,骏1A×R0172,籼型三系杂交稻,湖北惠民农业科技有限公司,鄂审稻2012005,鄂审稻,2012005,骏1A,湖北惠民农业科技有限公司
河南,牟香粳1号,新香糯1号×息县香粳33,粳型常规稻,河南省中牟县农业科技研究中心,豫审稻2007004,豫审稻,2007004,新香糯1号,河南省中牟县农业科技研究中心
湖北,勇两优全赢占,勇658S×全赢占,籼型两系杂交稻,湖北荃银高科种业有限公司,鄂审稻20200054,鄂审稻,20200054,勇658S,湖北荃银高科种业有限公司
广东,五禾丝苗2号,粤禾丝苗×五山丝苗,籼型常规稻,广州市农业科学研究院,粤审稻20210008,粤审稻,20210008,粤禾丝苗,广州市农业科学研究院
湖北,玺优651,玺A×GR651,籼型三系杂交稻,黄冈市农业科学院等,鄂审稻20230059,鄂审稻,20230059,玺A,黄冈市农业科学院
湖北,华盛优粤禾丝苗,华盛A×粤禾丝苗,籼型三系杂交稻,湖北京沃种业科技有限公司等,鄂审稻20210086,鄂审稻,20210086,华盛A,湖北京沃种业科技有限公司
湖北,金优725,金23A×绵恢725,籼型三系杂交稻,绵阳市农业科学研究所,鄂审稻011-2002,鄂审稻,011-2002,金23A,绵阳市农业科学研究所
湖北,两优273,YW-2S×173,籼型两系杂交稻,华中师范大学,鄂审稻010-2002,鄂审稻,010-2002,YW-2S,华中师范大学
广东,粤珍丝苗,黄广油占×粤美占,籼型常规稻,广东省农业科学院水稻研究所,粤审稻20210007,粤审稻,20210007,黄广油占,广东省农业科学院水稻研究所
湖北,福两优138,福兴16S×福恢138,籼型两系杂交稻,武汉弘耕种业有限公司等,鄂审稻20220043,鄂审稻,20220043,福兴16S,武汉弘耕种业有限公司
湖北,鄂晚7号,鄂晚3号×台南5号,粳型常规稻,湖北省农业科学院,鄂审稻002-1989,鄂审稻,002-1989,鄂晚3号,湖北省农业科学院
湖北,荆楚优867,荆楚818A×R67,籼型三系杂交稻,湖北荆楚种业科技有限公司等,鄂审稻2018034,鄂审稻,2018034,荆楚818A,湖北荆楚种业科技有限公司
湖北,泓两优7954,泓92S×R7954,籼型两系杂交稻,袁隆平农业高科技股份有限公司等,鄂审稻20230023,鄂审稻,20230023,泓92S,袁隆平农业高科技股份有限公司
河南,新丰2号,豫粳6号×新丰9402,粳型常规稻,河南丰源种子有限公司,豫审稻2007003,豫审稻,2007003,豫粳6号,河南丰源种子有限公司
广东,耕耘禾占,满香B×粤航新占,籼型常规稻,广东现代种业发展有限公司,粤审稻20220116,粤审稻,20220116,满香B,广东现代种业发展有限公司
广东,粤禾优3628,粤禾A×广恢3628,籼型三系杂交稻,广东华茂高科种业有限公司等,粤审稻20220032,粤审稻,20220032,粤禾A,广东华茂高科种业有限公司
广东,合红占,黄广华占2号×合美占///Rathu Heenati/合美占...,籼型常规稻,广东省农业科学院水稻研究所,粤审稻20220017,粤审稻,20220017,黄广华占2号,广东省农业科学院水稻研究所
湖北,鄂荆糯6号,桂朝2号,籼型常规稻,湖北省荆州地区农业科学研究所,鄂审稻001-1989,鄂审稻,001-1989,桂朝2号,湖北省荆州地区农业科学研究所
广东,中映优银粘,中映A×米岗银粘,籼型三系杂交稻,广东现代种业发展有限公司等,粤审稻20220031,粤审稻,20220031,中映A,广东现代种业发展有限公司
湖北,协优527,协青早A×蜀恢527,籼型三系杂交稻,四川农业大学水稻研究所,鄂审稻2004007,鄂审稻,2004007,协青早A,四川农业大学水稻研究所
湖北,勇两优586,勇658S×BPR286,籼型两系杂交稻,湖北荃银高科种业有限公司,鄂审稻20200053,鄂审稻,20200053,勇658S,湖北荃银高科种业有限公司
湖北,徽两优1868,徽18S×R068,籼型两系杂交稻,武汉惠华三农种业有限公司,鄂审稻20220042,鄂审稻,20220042,徽18S,武汉惠华三农种业有限公司
湖北,大冶早糯,文胜1号,籼型常规稻,湖北省大治县农牧局,鄂审稻005-1987,鄂审稻,005-1987,文胜1号,湖北省大治县农牧局
湖北,黄糯1号,黄华占,籼型常规稻,湖北省种子集团有限公司,鄂审稻20226002,鄂审稻,20226002,黄华占,湖北省种子集团有限公司
湖北,红莲优6号,粤泰A×93-11,籼型三系杂交稻,武汉大学,鄂审稻009-2002,鄂审稻,009-2002,粤泰A,武汉大学
湖北,晶两优1177,晶4155S×R1177,籼型两系杂交稻,四川隆平高科种业有限公司,鄂审稻2017009,鄂审稻,2017009,晶4155S,四川隆平高科种业有限公司
湖北,5-59,桂朝2号×湘矮早9号,籼型常规稻,湖北省恩施自治州红庙农科所,鄂审稻004-1987,鄂审稻,004-1987,桂朝2号,湖北省恩施自治州红庙农科所
湖北,Y两优976,Y58S×望恢976,籼型两系杂交稻,武汉市文鼎农业生物技术有限公司等,鄂审稻2016007,鄂审稻,2016007,Y58S,武汉市文鼎农业生物技术有限公司
湖北,惠丰丝苗,合美占×粤晶丝苗,籼型常规稻,湖北惠民农业科技有限公司,鄂审稻20210038,鄂审稻,20210038,合美占,湖北惠民农业科技有限公司
广东,又美优珍香,又美A×珍香,籼型三系杂交稻,广东粤良种业有限公司,粤审稻20220115,粤审稻,20220115,又美A,广东粤良种业有限公司
湖北,华盛优21丝苗,华盛A×21丝苗,籼型三系杂交稻,湖北华占种业科技有限公司等,鄂审稻20210085,鄂审稻,20210085,华盛A,湖北华占种业科技有限公司
湖北,两优932,W9593S×胜优2号,籼型两系杂交稻,湖北省农业科学院作物育种栽培研究所,鄂审稻008-2002,鄂审稻,008-2002,W9593S,湖北省农业科学院作物育种栽培研究所
湖北,汇两优687,Y16S×R87,籼型两系杂交稻,湖北汇楚智生物科技有限公司等,鄂审稻20241007,鄂审稻,20241007,Y16S,湖北汇楚智生物科技有限公司
湖北,凯68S,广占63S×C815S,籼型不育系,湖北华泓种业科技有限公司等,鄂审稻20200089,鄂审稻,20200089,广占63S,湖北华泓种业科技有限公司
广东,粤品优珍香,粤品A×珍香,籼型三系杂交稻,广东粤良种业有限公司,粤审稻20220114,粤审稻,20220114,粤品A,广东粤良种业有限公司
湖北,E两优476,E农1S×R476,籼型两系杂交稻,湖北省农业科学院粮食作物研究所等,鄂审稻2016006,鄂审稻,2016006,E农1S,湖北省农业科学院粮食作物研究所
河南,9001,桂朝84×IR24,籼型常规稻,信阳市农业科学研究所,豫籼3号,豫审稻,3,桂朝84,信阳市农业科学研究所
广东,南广占3号,黄广油占/粤丰新占×南桂占,籼型常规稻,广东省农业科学院水稻研究所,粤审稻20210006,粤审稻,20210006,黄广油占/粤丰新占,广东省农业科学院水稻研究所
广东,金华占2号,粤金银占×R华占,籼型常规稻,广州市农业科学研究院,粤审稻20230027,粤审稻,20230027,粤金银占,广州市农业科学研究院
湖北,汕优63,珍汕97A×明恢63,籼型三系杂交稻,三明市农业科学研究所,鄂审稻003-1987,鄂审稻,003-1987,珍汕97A,三明市农业科学研究所
湖北,E两优15,E农1S×R15,籼型两系杂交稻,湖北惠民农业科技有限公司等,鄂审稻20200052,鄂审稻,20200052,E农1S,湖北惠民农业科技有限公司
广东,泰丰优1136,泰丰A×R1136,籼型三系杂交稻,广东华农大种业有限公司等,粤审稻20220113,粤审稻,20220113,泰丰A,广东华农大种业有限公司
广东,野香优明月丝苗,野香A×R明月丝苗,籼型三系杂交稻,广西绿海种业有限公司,粤审稻20220112,粤审稻,20220112,野香A,广西绿海种业有限公司
广东,粤糯2号,粤糯1号×航香糯,籼型常规稻,广东省农业科学院水稻研究所,粤审稻20220016,粤审稻,20220016,粤糯1号,广东省农业科学院水稻研究所
湖北,华光丝苗,黄华占×黄华占/LG1,籼型常规稻,湖北省种子集团有限公司等,鄂审稻20226001,鄂审稻,20226001,黄华占,湖北省种子集团有限公司
湖北,春江03粳,秀水11×T82-25,粳型常规稻,中国水稻研究所,鄂审稻002-1997,鄂审稻,002-1997,秀水11,中国水稻研究所
湖北,梦两优534,梦S×R534,籼型两系杂交稻,湖南隆平种业有限公司等,鄂审稻2017008,鄂审稻,2017008,梦S,湖南隆平种业有限公司
湖北,琴两优998,琴04S×R998,籼型两系杂交稻,湖北大学,鄂审稻20220041,鄂审稻,20220041,琴04S,湖北大学
湖北,广泰优19,广泰A×金丰19,籼型三系杂交稻,中国种子集团有限公司生命科学技术中心等,鄂审稻20210084,鄂审稻,20210084,广泰A,中国种子集团有限公司生命科学技术中心
湖北,鄂中4号,胜泰1号,籼型常规稻,湖北省农业科学院作物育种栽培研究所等,鄂审稻007-2002,鄂审稻,007-2002,胜泰1号,湖北省农业科学院作物育种栽培研究所
湖北,D优3232,D297A×R3232,籼型三系杂交稻,重庆三峡农业科学研究所等,鄂审稻2004006,鄂审稻,2004006,D297A,重庆三峡农业科学研究所
湖北,两优289,1892S×R289,籼型两系杂交稻,湖北谷神科技有限责任公司,鄂审稻2012004,鄂审稻,2012004,1892S,湖北谷神科技有限责任公司
湖北,恩两优66,恩1S×恩恢66,籼型两系杂交稻,恩施土家族苗族自治州农业科学院,鄂审稻2019039,鄂审稻,2019039,恩1S,恩施土家族苗族自治州农业科学院
湖北,郢216S,广占63S×全1S,籼型不育系,湖北荃银高科种业有限公司,鄂审稻20200088,鄂审稻,20200088,广占63S,湖北荃银高科种业有限公司
湖北,南红3号,广红2号×粤禾丝苗,籼型常规稻,广东省农业科学院水稻研究所,鄂审稻20230022,鄂审稻,20230022,广红2号,广东省农业科学院水稻研究所
广东,莹两优821,莹S×GR821,籼型两系杂交稻,广东省农业科学院水稻研究所,粤审稻20220030,粤审稻,20220030,莹S,广东省农业科学院水稻研究所
广东,华航85号,华航38号×粤农丝苗/华航 35 号,籼型常规稻,国家植物航天育种工程技术研究中心（华南农业大学）,粤审稻20230026,粤审稻,20230026,华航38号,国家植物航天育种工程技术研究中心（华南农业大学）
湖北,皖稻87,广占63S×93-11,籼型两系杂交稻,合肥丰乐种业股份有限公司,鄂审稻2004005,鄂审稻,2004005,广占63S,合肥丰乐种业股份有限公司
湖北,金优402,金23A×R402,籼型三系杂交稻,湖南省安江农业学校等,鄂审稻006-2002,鄂审稻,006-2002,金23A,湖南省安江农业学校
湖北,冈特A,金23A×冈特B,籼型不育系,黄冈市农业科学院等,鄂审稻20220082,鄂审稻,20220082,金23A,黄冈市农业科学院
湖北,协青早A,矮败/竹军//协珍1号×协青早B,籼型不育系,广德县农业科学研究所,鄂审稻001-1997,鄂审稻,001-1997,矮败/竹军//协珍1号,广德县农业科学研究所
河南,豫粳5号,台中引×郑粳12,粳型常规稻,河南省农业科学院等,豫粳5号,豫审稻,5,台中引,河南省农业科学院
广东,华航69号,华航31号/黄莉占×华航丝苗/七佛占,籼型常规稻,国家植物航天育种工程技术研究中心（华南农业大学）,粤审稻20210005,粤审稻,20210005,华航31号/黄莉占,国家植物航天育种工程技术研究中心（华南农业大学）
湖北,襄两优310,襄3S×R10,籼型两系杂交稻,襄阳市农业科学院等,鄂审稻20241006,鄂审稻,20241006,襄3S,襄阳市农业科学院
湖北,广两优272,广占63-4S×R7272,籼型两系杂交稻,湖北省农业科学院粮食作物研究所,鄂审稻2012003,鄂审稻,2012003,广占63-4S,湖北省农业科学院粮食作物研究所
河南,阳光香稻,圣稻301/白糯香×透明香,粳型常规稻,漯河市阳光种业有限公司,豫审稻2007002,豫审稻,2007002,圣稻301/白糯香,漯河市阳光种业有限公司
湖北,华墨香3号,华墨香5号×扬稻6号,籼型常规稻,华中农业大学等,鄂审稻20230058,鄂审稻,20230058,华墨香5号,华中农业大学
湖北,E927A,荃9311A×E927B,籼型不育系,湖北省农业科学院粮食作物研究所等,鄂审稻20220081,鄂审稻,20220081,荃9311A,湖北省农业科学院粮食作物研究所
湖北,隆两优1146,隆科638S×华恢1146,籼型两系杂交稻,袁隆平农业高科技股份有限公司等,鄂审稻2017007,鄂审稻,2017007,隆科638S,袁隆平农业高科技股份有限公司
广东,新黄油占,丰秀占/新华占//齐华占×新黄占,籼型常规稻,广东省农业科学院水稻研究所,粤审稻20210004,粤审稻,20210004,丰秀占/新华占//齐华占,广东省农业科学院水稻研究所
湖北,华两优601,华99S×Y2601,籼型两系杂交稻,湖北高农科技有限公司等,鄂审稻20210018,鄂审稻,20210018,华99S,湖北高农科技有限公司
湖北,华珍371,五山丝苗4×HB13001-14-5,籼型常规稻,华中农业大学,鄂审稻20210037,鄂审稻,20210037,五山丝苗4,华中农业大学
湖北,威优64,威20A×测64-7,籼型三系杂交稻,湖南省安江农业学校等,鄂审稻002-1987,鄂审稻,002-1987,威20A,湖南省安江农业学校
广东,台两优粤福占,台S×粤福占,籼型两系杂交稻,广东省农业科学院水稻研究所等,粤审稻20220029,粤审稻,20220029,台S,广东省农业科学院水稻研究所
湖北,红香优68,红香2A×香恢68,籼型三系杂交稻,湖北中香米业有限责任公司等,鄂审稻2012002,鄂审稻,2012002,红香2A,湖北中香米业有限责任公司
湖北,金优152,金23A×冈恢152,籼型三系杂交稻,黄冈市农业科学研究所,鄂审稻005-2002,鄂审稻,005-2002,金23A,黄冈市农业科学研究所
湖北,E两优575,E农1S×R575,籼型两系杂交稻,湖北荃银高科种业有限公司等,鄂审稻20200051,鄂审稻,20200051,E农1S,湖北荃银高科种业有限公司
湖北,19香,固广占×象牙香占,籼型常规稻,广东省农业科学院水稻研究所,鄂审稻20230021,鄂审稻,20230021,固广占,广东省农业科学院水稻研究所
湖北,田佳优1321,田佳A×R1321,籼型三系杂交稻,武汉佳禾生物科技有限责任公司等,鄂审稻2018033,鄂审稻,2018033,田佳A,武汉佳禾生物科技有限责任公司
广东,纳优51,纳A×R51,籼型三系杂交稻,广东华农大种业有限公司,粤审稻20220111,粤审稻,20220111,纳A,广东华农大种业有限公司
湖北,楚两优737,楚18S×R737,籼型两系杂交稻,湖北楚创生物育种研究院等,鄂审稻20220040,鄂审稻,20220040,楚18S,湖北楚创生物育种研究院
湖北,伍331S,全1S,籼型不育系,湖北荃银高科种业有限公司,鄂审稻20200087,鄂审稻,20200087,全1S,湖北荃银高科种业有限公司
湖北,黄两优913,黄香占S×GR913,籼型两系杂交稻,黄冈市农业科学院等,鄂审稻20210017,鄂审稻,20210017,黄香占S,黄冈市农业科学院
湖北,Ⅱ优87,Ⅱ-32A×R87,籼型三系杂交稻,湖北荆楚种业股份有限公司,鄂审稻2004004,鄂审稻,2004004,Ⅱ-32A,湖北荆楚种业股份有限公司
广东,南桂新占,南桂占/新黄占×南晶占,籼型常规稻,广东省农业科学院水稻研究所,粤审稻20220015,粤审稻,20220015,南桂占/新黄占,广东省农业科学院水稻研究所
河南,古青糯,古154×青二矮,籼型常规稻,信阳市农业科学研究所,豫糯1号,豫审稻,1,古154,信阳市农业科学研究所
广东,禾籼占9号,粤禾丝苗×丰籼占,籼型常规稻,广州市农业科学研究院,粤审稻20230025,粤审稻,20230025,粤禾丝苗,广州市农业科学研究院
广东,黄广粤占,粤莉占×黄广华占1号,籼型常规稻,广东省农业科学院水稻研究所,粤审稻20210003,粤审稻,20210003,粤莉占,广东省农业科学院水稻研究所
湖北,利丰占,粳籼89×湘晚籼9号,籼型常规稻,湖北利众种业科技有限公司,鄂审稻20210036,鄂审稻,20210036,粳籼89,湖北利众种业科技有限公司
湖北,229A,巨风A×229B,籼型不育系,湖北省农业科学院粮食作物研究所,鄂审稻20220080,鄂审稻,20220080,巨风A,湖北省农业科学院粮食作物研究所
湖北,川种优639,川种3A×R639,籼型三系杂交稻,湖北中种武陵种业有限公司等,鄂审稻2019038,鄂审稻,2019038,川种3A,湖北中种武陵种业有限公司
湖北,全两优鄂丰丝苗,全1S×鄂丰丝苗,籼型两系杂交稻,湖北荃银高科种业有限公司,鄂审稻20200050,鄂审稻,20200050,全1S,湖北荃银高科种业有限公司
湖北,玖两优黄莉占,33S×黄莉占,籼型两系杂交稻,湖南隆平种业有限公司等,鄂审稻2018032,鄂审稻,2018032,33S,湖南隆平种业有限公司
湖北,福稻299,五山油占×黄广占,籼型常规稻,武汉隆福康农业发展有限公司,鄂审稻20210035,鄂审稻,20210035,五山油占,武汉隆福康农业发展有限公司
广东,银恒优金桂丝苗,银恒A×金桂丝苗,三系杂交稻,广东粤良种业有限公司,粤审稻20220028,粤审稻,20220028,银恒A,广东粤良种业有限公司
湖北,粤禾丝苗,粤农丝苗×粤银丝苗,籼型常规稻,广东省农业科学院水稻研究所,鄂审稻2019037,鄂审稻,2019037,粤农丝苗,广东省农业科学院水稻研究所
湖北,鄂籼杂2号,珍汕97A×002-54,籼型三系杂交稻,湖北省荆州市种子总公司,鄂审稻002-1996,鄂审稻,002-1996,珍汕97A,湖北省荆州市种子总公司
湖北,金优1176,金23A×R1176,籼型三系杂交稻,湖北省咸宁市农业科学研究所,鄂审稻004-2002,鄂审稻,004-2002,金23A,湖北省咸宁市农业科学研究所
广东,奇新丝苗,粤奇丝苗/茉莉丝苗×新山软占/矮秀占,籼型常规稻,佛山市农业科学研究所,粤审稻20220014,粤审稻,20220014,粤奇丝苗/茉莉丝苗,佛山市农业科学研究所
湖北,桃优77,桃农1A×R77,籼型三系杂交稻,中垦锦绣华农武汉科技有限公司等,鄂审稻20210083,鄂审稻,20210083,桃农1A,中垦锦绣华农武汉科技有限公司
广东,博Ⅱ优5522,博ⅡA×粤良恢5522,籼型三系杂交稻,广东粤良种业有限公司,粤审稻20200087,粤审稻,20200087,博ⅡA,广东粤良种业有限公司
湖北,襄两优386,襄3S×R386,籼型两系杂交稻,襄阳市农业科学院等,鄂审稻20210016,鄂审稻,20210016,襄3S,襄阳市农业科学院
湖北,襄中稻3号,粤晶丝苗2号×粤农丝苗,籼型常规稻,襄阳市农业科学院等,鄂审稻20230020,鄂审稻,20230020,粤晶丝苗2号,襄阳市农业科学院
湖北,华两优1834,华5818S×华3234,籼型两系杂交稻,华中农业大学,鄂审稻20241005,鄂审稻,20241005,华5818S,华中农业大学
湖北,创两优068,创5S×R068,籼型两系杂交稻,湖北康农种业股份有限公司等,鄂审稻20200049,鄂审稻,20200049,创5S,湖北康农种业股份有限公司
河南,新稻18号,盐粳334-6×津星1号/豫粳6号,粳型常规稻,新乡市农业科学院,豫审稻2007001,豫审稻,2007001,盐粳334-6,新乡市农业科学院
湖北,中嘉早17,中选181×嘉育253,籼型常规稻,中国水稻研究所等,鄂审稻2012001,鄂审稻,2012001,中选181,中国水稻研究所
广东,南新油占2号,黄广油占×广超丝苗/南油占,籼型常规稻,广东省农业科学院水稻研究所,粤审稻20210002,粤审稻,20210002,黄广油占,广东省农业科学院水稻研究所
湖北,华矮837,GE456/矮南早1号×GE456/广陆矮4号,籼型常规稻,华中农业大学,鄂审稻001-1987,鄂审稻,001-1987,GE456/矮南早1号,华中农业大学
湖北,嘉育164,嘉育948/Z94-207×嘉兴13,籼型常规稻,浙江省嘉兴市农业科学研究院,鄂审稻003-2002,鄂审稻,003-2002,嘉育948/Z94-207,浙江省嘉兴市农业科学研究院
广东,耕香优银粘,耕香A×R恒恢米岗银粘,籼型三系杂交稻,湖南大地种业有限责任公司等,粤审稻20220027,粤审稻,20220027,耕香A,湖南大地种业有限责任公司
广东,�N香两优春香,�N香S×春香丝苗,籼型两系杂交稻,广东省农业科学院水稻研究所,粤审稻20230024,粤审稻,20230024,�N香S,广东省农业科学院水稻研究所
湖北,鄂籼杂1号,珍汕97A×092-8-8,籼型三系杂交稻,湖北省荆州市种子总公司,鄂审稻001-1996,鄂审稻,001-1996,珍汕97A,湖北省荆州市种子总公司
湖北,华珍166,华珍921×华珍371,籼型常规稻,华中农业大学,鄂审稻20230019,鄂审稻,20230019,华珍921,华中农业大学
湖北,香粳11A,武运粳7号A×香粳11B,粳型不育系,湖北中香农业科技股份有限公司等,鄂审稻20220079,鄂审稻,20220079,武运粳7号A,湖北中香农业科技股份有限公司
湖北,玖两优259,33S×ZR259,籼型两系杂交稻,北京金色农华种业科技股份有限公司等,鄂审稻2018031,鄂审稻,2018031,33S,北京金色农华种业科技股份有限公司
广东,航93两优2018,航93S×航恢2018,籼型两系杂交稻,国家植物航天育种工程技术研究中心（华南农业大学）,粤审稻20220110,粤审稻,20220110,航93S,国家植物航天育种工程技术研究中心（华南农业大学）
湖北,襄粳275,武运粳27号×华粳295,粳型常规稻,宜城润禾现代农业有限公司等,鄂审稻20220039,鄂审稻,20220039,武运粳27号,宜城润禾现代农业有限公司
湖北,H优399,H8A×瑞恢399,籼型三系杂交稻,四川科瑞种业有限公司,鄂审稻2018030,鄂审稻,2018030,H8A,四川科瑞种业有限公司
湖北,恩两优636,恩1S×恩恢636,籼型两系杂交稻,恩施土家族苗族自治州农业科学院,鄂审稻2018029,鄂审稻,2018029,恩1S,恩施土家族苗族自治州农业科学院
湖北,勇658S,全1S3×广占63S3/华占,籼型不育系,湖北荃银高科种业有限公司,鄂审稻20200086,鄂审稻,20200086,全1S3,湖北荃银高科种业有限公司
湖北,福稻99,丰富占1号×茉莉丝苗,籼型常规稻,武汉隆福康农业发展有限公司等,鄂审稻2019036,鄂审稻,2019036,丰富占1号,武汉隆福康农业发展有限公司
广东,耕香优晶晶,耕香A×米岗香丝苗(R),籼型三系杂交稻,广东现代种业发展有限公司等,粤审稻20230023,粤审稻,20230023,耕香A,广东现代种业发展有限公司
湖北,马协A,马尾粘A×协青早选,籼型不育系,武汉大学生命科学学院,鄂审稻007-1995,鄂审稻,007-1995,马尾粘A,武汉大学生命科学学院
湖北,嘉育202,嘉育948/Z94-207×YD951,籼型常规稻,浙江省嘉兴市农业科学研究院,鄂审稻002-2002,鄂审稻,002-2002,嘉育948/Z94-207,浙江省嘉兴市农业科学研究院
湖北,E两优603,E农6S×R1303,籼型两系杂交稻,湖北省农业科学院粮食作物研究所等,鄂审稻20230057,鄂审稻,20230057,E农6S,湖北省农业科学院粮食作物研究所
河南,丰优29,中9A×丰恢929,籼型三系杂交稻,合肥丰乐种业股份有限公司,豫审稻2006007,豫审稻,2006007,中9A,合肥丰乐种业股份有限公司
湖北,汕优8号,珍汕97A×IR28,籼型三系杂交稻,湖南省郴州地区农科所,鄂审稻003-1986,鄂审稻,003-1986,珍汕97A,湖南省郴州地区农科所
广东,勤两优华宝,勤77S×华宝,籼型两系杂交稻,湖南亚华种业科学研究院等,粤审稻20220026,粤审稻,20220026,勤77S,湖南亚华种业科学研究院
湖北,宜优29,宜陵1A×N29,籼型三系杂交稻,宜昌市农业科学研究所,鄂审稻2004003,鄂审稻,2004003,宜陵1A,宜昌市农业科学研究所
湖北,华两优2171,华6421S×华珍371,籼型两系杂交稻,华中农业大学,鄂审稻20210082,鄂审稻,20210082,华6421S,华中农业大学
广东,七华占2号,七粳占×华中占2号,籼型常规稻,广州市农业科学研究院等,粤审稻20210001,粤审稻,20210001,七粳占,广州市农业科学研究院
广东,万胜优6号,万胜A×恢6号,籼型三系杂交稻,广东天弘种业有限公司,粤审稻20170074,粤审稻,20170074,万胜A,广东天弘种业有限公司
广东,荃优2388,荃9311A×广恢2388,籼型三系杂交稻,广东省农业科学院水稻研究所等,粤审稻20200086,粤审稻,20200086,荃9311A,广东省农业科学院水稻研究所
湖北,晶两优1212,晶4155S×R1212,籼型两系杂交稻,袁隆平农业高科技股份有限公司等,鄂审稻2018028,鄂审稻,2018028,晶4155S,袁隆平农业高科技股份有限公司
湖北,汉两优178,汉武2S×R178,籼型两系杂交稻,湖北省种子集团有限公司,鄂审稻20230018,鄂审稻,20230018,汉武2S,湖北省种子集团有限公司
广东,银恒优金丝苗,银恒A×金丝苗,籼型三系杂交稻,广东粤良种业有限公司等,粤审稻20220109,粤审稻,20220109,银恒A,广东粤良种业有限公司
河南,天优8号,天丰A×广恢8号,籼型三系杂交稻,广东省金稻种业有限公司,豫审稻2006006,豫审稻,2006006,天丰A,广东省金稻种业有限公司
湖北,荆粳209,1428×武运1152,粳型常规稻,荆州农业科学院等,鄂审稻20220038,鄂审稻,20220038,1428,荆州农业科学院
广东,金香优301,金香A×中种恢301,籼型三系杂交稻,肇庆学院等,粤审稻20220025,粤审稻,20220025,金香A,肇庆学院
湖北,华两优2882,华1228S×华8213,籼型两系杂交稻,武汉弘耕种业有限公司等,鄂审稻20200048,鄂审稻,20200048,华1228S,武汉弘耕种业有限公司
广东,南两优918,南11S×R918,籼型两系杂交稻,广东省农业科学院水稻研究所,粤审稻20210062,粤审稻,20210062,南11S,广东省农业科学院水稻研究所
广东,南惠1号,南晶占×黄广华占,籼型常规稻,广东省农业科学院水稻研究所,粤审稻20220013,粤审稻,20220013,南晶占,广东省农业科学院水稻研究所
湖北,扬稻2号,BG90-2,籼型常规稻,江苏里下河地区农业科学研究所,鄂审稻002-1986,鄂审稻,002-1986,BG90-2,江苏里下河地区农业科学研究所
广东,万金优278,万金A×H恢278,籼型三系杂交稻,阳江市农业和林业科学研究所等,粤审稻20170073,粤审稻,20170073,万金A,阳江市农业和林业科学研究所
广东,贵优新占,贵A×双华新占,籼型三系杂交稻,广东省农业科学院水稻研究所等,粤审稻20230022,粤审稻,20230022,贵A,广东省农业科学院水稻研究所
湖北,安优粤农丝苗,安丰A×粤农丝苗,籼型三系杂交稻,北京金色农华种业科技股份有限公司,鄂审稻20210034,鄂审稻,20210034,安丰A,北京金色农华种业科技股份有限公司
湖北,茶香A,鄂粳A×茶香B,籼型不育系,湖北省农业科学院粮食作物研究所等,鄂审稻20220078,鄂审稻,20220078,鄂粳A,湖北省农业科学院粮食作物研究所
湖北,E两优2071,E农2S×鄂恢71,籼型两系杂交稻,湖北省农业科学院粮食作物研究所,鄂审稻20210015,鄂审稻,20210015,E农2S,湖北省农业科学院粮食作物研究所
湖北,箴两优鄂莹丝苗,箴9311S×鄂莹丝苗,籼型两系杂交稻,湖北荃银高科种业有限公司,鄂审稻20241004,鄂审稻,20241004,箴9311S,湖北荃银高科种业有限公司
湖北,华粳杂1号,7001S×R1514,粳型两系杂交稻,华中农业大学,鄂审稻006-1995,鄂审稻,006-1995,7001S,华中农业大学
湖北,鄂晚17A,武运粳7号A×鄂晚17,粳型不育系,湖北省农业技术推广总站等,鄂审稻2011014,鄂审稻,2011014,武运粳7号A,湖北省农业技术推广总站
湖北,宜香优66,宜香1A×恩恢66,籼型三系杂交稻,泽隆农资连锁（恩施）有限公司等,鄂审稻2018027,鄂审稻,2018027,宜香1A,泽隆农资连锁（恩施）有限公司
湖北,华早糯1003,浙733×绍95-51,籼型常规稻,华中农业大学,鄂审稻2004002,鄂审稻,2004002,浙733,华中农业大学
广东,青香优美占,青香A×金美占,籼型三系杂交稻,广东鲜美种苗股份有限公司,粤审稻20220108,粤审稻,20220108,青香A,广东鲜美种苗股份有限公司
广东,隆两优305,隆科638S×广恢305,籼型两系杂交稻,广东省农业科学院水稻研究所,粤审稻20210061,粤审稻,20210061,隆科638S,广东省农业科学院水稻研究所
湖北,鄂早16,泸红早1号×常菲B,籼型常规稻,湖北省荆州市种子总公司,鄂审稻001-2002,鄂审稻,001-2002,泸红早1号,湖北省荆州市种子总公司
湖北,佳晚粳75,甬优4949,粳型常规稻,武汉佳禾生物科技有限责任公司,鄂审稻20220037,鄂审稻,20220037,甬优4949,武汉佳禾生物科技有限责任公司
湖北,E两优16,EK1S×嘉禾6号,籼型两系杂交稻,湖北汇楚智生物科技有限公司等,鄂审稻20210081,鄂审稻,20210081,EK1S,湖北汇楚智生物科技有限公司
广东,耕香优新丝苗,耕香A×恒恢新丝苗,籼型三系杂交稻,广东现代种业发展有限公司,粤审稻20220024,粤审稻,20220024,耕香A,广东现代种业发展有限公司
河南,倍香3号,泸香91A×川种恢R202,籼型三系杂交稻,四川省农业科学院水稻高粱研究所等,豫审稻2006005,豫审稻,2006005,泸香91A,四川省农业科学院水稻高粱研究所
湖北,鄂早7号,22×32,籼型常规稻,湖北省农业科学院粮食作物研究所,鄂审稻001-1986,鄂审稻,001-1986,22,湖北省农业科学院粮食作物研究所
广东,N两优345,N111S×望恢345,籼型两系杂交稻,湖南希望种业科技股份有限公司等,粤审稻20206004,粤审稻,20206004,N111S,湖南希望种业科技股份有限公司
湖北,淳丰优1028,淳丰A×R1028,籼型三系杂交稻,湖北鄂科华泰种业股份有限公司等,鄂审稻20200047,鄂审稻,20200047,淳丰A,湖北鄂科华泰种业股份有限公司
湖北,华两优2871,华1228S×华珍371,籼型两系杂交稻,华中农业大学,鄂审稻20230056,鄂审稻,20230056,华1228S,华中农业大学
湖北,铁S,隆科638S×1892S,籼型不育系,荆州市龙马种业有限公司,鄂审稻20220077,鄂审稻,20220077,隆科638S,荆州市龙马种业有限公司
湖北,华1037S,C815S×C815S///C815S//C815S/VE6...,籼型不育系,华中农业大学,鄂审稻20200085,鄂审稻,20200085,C815S,华中农业大学
湖北,创两优348,创5S×R348,籼型两系杂交稻,湖北鄂科华泰种业股份有限公司,鄂审稻20210014,鄂审稻,20210014,创5S,湖北鄂科华泰种业股份有限公司
广东,望两优851,望S×望恢851,籼型两系杂交稻,湖南希望种业科技股份有限公司,粤审稻20206003,粤审稻,20206003,望S,湖南希望种业科技股份有限公司
湖北,鄂粳杂1号,N5088S×R187,粳型两系杂交稻,湖北省农业科学院作物育种栽培研究所,鄂审稻005-1995,鄂审稻,005-1995,N5088S,湖北省农业科学院作物育种栽培研究所
广东,玄两优623,玄S×GR623,籼型两系杂交稻,广东省农业科学院水稻研究所,粤审稻20200017,粤审稻,20200017,玄S,广东省农业科学院水稻研究所
广东,隆晶优1378,隆晶4302A×航恢1378,籼型三系杂交稻,国家植物航天育种工程技术研究中心（华南农业大 学）,粤审稻20230021,粤审稻,20230021,隆晶4302A,国家植物航天育种工程技术研究中心（华南农业大 学）
湖北,悦两优5688,华悦468S×R5688,籼型两系杂交稻,袁隆平农业高科技股份有限公司等,鄂审稻20210033,鄂审稻,20210033,华悦468S,袁隆平农业高科技股份有限公司
湖北,鄂中6号,鄂中5号×中国香稻,籼型常规稻,湖北省农业科学院粮食作物研究所等,鄂审稻20200046,鄂审稻,20200046,鄂中5号,湖北省农业科学院粮食作物研究所
湖北,绵7优66,绵7A×恩恢66,籼型三系杂交稻,恩施土家族苗族自治州农业科学院,鄂审稻2018026,鄂审稻,2018026,绵7A,恩施土家族苗族自治州农业科学院
广东,Y两优1378,Y58S×航恢1378,籼型两系杂交稻,华南农业大学国家植物航天育种工程技术研究中心,粤审稻20200085,粤审稻,20200085,Y58S,华南农业大学国家植物航天育种工程技术研究中心
广东,野香优莉丝,野香A×R莉丝,籼型三系杂交稻,广西绿海种业有限公司,粤审稻20210060,粤审稻,20210060,野香A,广西绿海种业有限公司
湖北,汉两优851,汉武2S×R251,籼型两系杂交稻,湖北省种子集团有限公司,鄂审稻20230017,鄂审稻,20230017,汉武2S,湖北省种子集团有限公司
湖北,长农粳2号,长农粳1号/VE6219//长农粳1号×长农粳1号,粳型常规稻,长江大学等,鄂审稻20220036,鄂审稻,20220036,长农粳1号/VE6219//长农粳1号,长江大学
广东,旌优2877,旌香1A×中种恢2877,籼型三系杂交稻,中国种子集团有限公司三亚分公司等,粤审稻20170072,粤审稻,20170072,旌香1A,中国种子集团有限公司三亚分公司
湖北,华两优103,华M102S×T1007,籼型两系杂交稻,华中农业大学,鄂审稻2004001,鄂审稻,2004001,华M102S,华中农业大学
广东,裕优丝占,裕A×金丝占,籼型三系杂交稻,广东鲜美种苗股份有限公司,粤审稻20220023,粤审稻,20220023,裕A,广东鲜美种苗股份有限公司
广东,青香优黄占,青香A×金黄占,籼型三系杂交稻,广东鲜美种苗股份有限公司,粤审稻20220107,粤审稻,20220107,青香A,广东鲜美种苗股份有限公司
湖北,华两优2113,华6421S×华珍313,籼型两系杂交稻,武汉弘耕种业有限公司等,鄂审稻20230055,鄂审稻,20230055,华6421S,武汉弘耕种业有限公司
广东,珍晶占7号,丰珍丝苗×粤晶丝苗2号,籼型常规稻,广州市农业科学研究院等,粤审稻20220012,粤审稻,20220012,丰珍丝苗,广州市农业科学研究院
广东,B两优131,B621S×R131,籼型两系杂交稻,湖南希望种业科技股份有限公司,粤审稻20206002,粤审稻,20206002,B621S,湖南希望种业科技股份有限公司
湖北,鄂早6号,22×27,籼型常规稻,湖北省农业科学院粮食作物研究所,鄂审稻001-1985,鄂审稻,001-1985,22,湖北省农业科学院粮食作物研究所
广东,南红6号,粤禾丝苗×广红2号//粤禾丝苗,籼型常规稻,广东省农业科学院水稻研究所等,粤审稻20200016,粤审稻,20200016,粤禾丝苗,广东省农业科学院水稻研究所
河南,华胜2号,H992A×华恢1018,籼型三系杂交稻,四川华胜种子有限公司,豫审稻2006004,豫审稻,2006004,H992A,四川华胜种子有限公司
广东,Y两优133,Y58S×R133,籼型两系杂交稻,广州乾农农业科技发展有限公司等,粤审稻20170071,粤审稻,20170071,Y58S,广州乾农农业科技发展有限公司
湖北,春9两优华占,春199S×华占,籼型两系杂交稻,中国农业科学院作物科学研究所等,鄂审稻20210032,鄂审稻,20210032,春199S,中国农业科学院作物科学研究所
湖北,华1006S,C815S×C815S///C815S//C815S/HBQ...,籼型不育系,华中农业大学,鄂审稻20200084,鄂审稻,20200084,C815S,华中农业大学
湖北,景华丝苗,黄华占,籼型常规稻,湖北华之夏种子有限责任公司,鄂审稻20200045,鄂审稻,20200045,黄华占,湖北华之夏种子有限责任公司
湖北,银两优荆香丝苗,银58S×荆香丝苗,籼型两系杂交稻,湖北荃银高科种业有限公司,鄂审稻20230016,鄂审稻,20230016,银58S,湖北荃银高科种业有限公司
湖北,湘晚籼9号,圭巴×湘早籼5号,籼型常规稻,湖南省岳阳市农业科学研究所等,鄂审稻017-2001,鄂审稻,017-2001,圭巴,湖南省岳阳市农业科学研究所
广东,台两优451,台S×粤恢451,籼型两系杂交稻,广东省农业科学院水稻研究所等,粤审稻20210059,粤审稻,20210059,台S,广东省农业科学院水稻研究所
河南,原稻1号,鲁香粳1号×新稻68-11,粳型常规稻,原阳县农业科学研究所等,豫审稻2006003,豫审稻,2006003,鲁香粳1号,原阳县农业科学研究所
湖北,润稻19,黄华占×泰优V2,籼型常规稻,宜城市润禾农作物科研所,鄂审稻20230054,鄂审稻,20230054,黄华占,宜城市润禾农作物科研所
湖北,福香9号,华润2号×华润2号//华润2号/鄂恢71,籼型常规稻,武汉隆福康农业发展有限公司等,鄂审稻20230053,鄂审稻,20230053,华润2号,武汉隆福康农业发展有限公司
湖北,金隆优19香,金隆A×19香,籼型三系杂交稻,湖北华丰瑞农业科技有限公司等,鄂审稻20230052,鄂审稻,20230052,金隆A,湖北华丰瑞农业科技有限公司
湖北,香两优6218,香62S×香恢18,籼型两系杂交稻,湖北中香农业科技股份有限公司等,鄂审稻20210013,鄂审稻,20210013,香62S,湖北中香农业科技股份有限公司
湖北,E两优28,EK2S×福稻88,籼型两系杂交稻,湖北省农业科学院粮食作物研究所等,鄂审稻20210080,鄂审稻,20210080,EK2S,湖北省农业科学院粮食作物研究所
湖北,广两优96,广占63-4S×R96,籼型两系杂交稻,北京金色农华种业科技有限公司,鄂审稻2010007,鄂审稻,2010007,广占63-4S,北京金色农华种业科技有限公司
湖北,金泰优683,金泰A×福恢683,籼型三系杂交稻,福建农林大学作物科学学院等,鄂审稻2018025,鄂审稻,2018025,金泰A,福建农林大学作物科学学院
广东,臻两优钰占,隆臻36S×钰占,籼型两系杂交稻,袁隆平农业高科技股份有限公司等,粤审稻20230020,粤审稻,20230020,隆臻36S,袁隆平农业高科技股份有限公司
广东,B两优851,B621S×望恢851,籼型两系杂交稻,湖南希望种业科技股份有限公司,粤审稻20206001,粤审稻,20206001,B621S,湖南希望种业科技股份有限公司
湖北,鄂糯7号,R82033-41×BG90-2突变体,籼型常规稻,湖北省荆州市农业科学研究所,鄂审稻004-1995,鄂审稻,004-1995,R82033-41,湖北省荆州市农业科学研究所
湖北,襄1S,Y58S×Z5,籼型不育系,襄阳市农业科学院,鄂审稻20200083,鄂审稻,20200083,Y58S,襄阳市农业科学院
广东,青香优083,青香A×G083,籼型三系杂交稻,广东鲜美种苗股份有限公司,粤审稻20220106,粤审稻,20220106,青香A,广东鲜美种苗股份有限公司
广东,C两优557,C815S×R1557,籼型两系杂交稻,湖南杂交水稻研究中心,粤审稻20220022,粤审稻,20220022,C815S,湖南杂交水稻研究中心
湖北,宜陵1A,常菲22A×宜陵1B,籼型不育系,宜昌市农业科学研究所,鄂审稻014-2003,鄂审稻,014-2003,常菲22A,宜昌市农业科学研究所
广东,沃两优粤银软占,沃S×粤银软占,籼型两系杂交稻,广东省农业科学院水稻研究所等,粤审稻20230019,粤审稻,20230019,沃S,广东省农业科学院水稻研究所
湖北,华两优2822,华1228S×HR22,籼型两系杂交稻,华中农业大学,鄂审稻20210031,鄂审稻,20210031,华1228S,华中农业大学
湖北,誉两优6217,华誉568S×华恢6217,籼型两系杂交稻,湖北惠民农业科技有限公司等,鄂审稻20230051,鄂审稻,20230051,华誉568S,湖北惠民农业科技有限公司
广东,双红占1号,软红米×广红2号,籼型常规稻,广东省农业科学院水稻研究所,粤审稻20200015,粤审稻,20200015,软红米,广东省农业科学院水稻研究所
广东,纳优6388,纳A×R6388,籼型三系杂交稻,广东华农大种业有限公司,粤审稻20210058,粤审稻,20210058,纳A,广东华农大种业有限公司
湖北,魅051S,HD9802S/鄂早15×扬两优6号,籼型不育系,湖北华之夏种子有限责任公司,鄂审稻20200082,鄂审稻,20200082,HD9802S/鄂早15,湖北华之夏种子有限责任公司
广东,特优3628,龙特浦A×广恢3628,籼型三系杂交稻,广东华茂高科种业有限公司等,粤审稻20230018,粤审稻,20230018,龙特浦A,广东华茂高科种业有限公司
湖北,6两优9366,6311S×9366,籼型两系杂交稻,南京神州种业有限公司,鄂审稻2010006,鄂审稻,2010006,6311S,南京神州种业有限公司
湖北,E两优19,EK2S×R19,籼型两系杂交稻,湖北省农业科学院粮食作物研究所等,鄂审稻20230050,鄂审稻,20230050,EK2S,湖北省农业科学院粮食作物研究所
广东,永丰优玉丝苗,永丰A×玉丝苗,籼型三系杂交稻,广东粤良种业有限公司,粤审稻20200092,粤审稻,20200092,永丰A,广东粤良种业有限公司
广东,粤禾优226,粤禾A×广恢226,籼型三系杂交稻,广东华茂高科种业有限公司,粤审稻20210057,粤审稻,20210057,粤禾A,广东华茂高科种业有限公司
广东,青香优132,青香A×JY132,籼型三系杂交稻,广东鲜美种苗股份有限公司,粤审稻20220105,粤审稻,20220105,青香A,广东鲜美种苗股份有限公司
湖北,汉粳631,秀水13×武育粳33,粳型常规稻,武汉市农业科学院等,鄂审稻20220035,鄂审稻,20220035,秀水13,武汉市农业科学院
广东,黄广粳占,黄广华占1号×七粳占,籼型常规稻,广东省农业科学院水稻研究所,粤审稻20220011,粤审稻,20220011,黄广华占1号,广东省农业科学院水稻研究所
湖北,银58S,株1S×全1S,籼型不育系,湖北荃银高科种业有限公司,鄂审稻20200081,鄂审稻,20200081,株1S,湖北荃银高科种业有限公司
广东,中银优金丝苗,中银A×金丝苗,籼型三系杂交稻,广东粤良种业有限公司,粤审稻20220021,粤审稻,20220021,中银A,广东粤良种业有限公司
湖北,E两优36,EK3S×R76,籼型两系杂交稻,湖北省农业科学院粮食作物研究所等,鄂审稻20210030,鄂审稻,20210030,EK3S,湖北省农业科学院粮食作物研究所
湖北,甬优4918,甬粳49A×F9018,粳型三系杂交稻,宁波种业股份有限公司,鄂审稻20210029,鄂审稻,20210029,甬粳49A,宁波种业股份有限公司
湖北,两优1318,Bph68S×R5818,籼型两系杂交稻,武汉大学,鄂审稻2016005,鄂审稻,2016005,Bph68S,武汉大学
湖北,鄂中3号,密阳49×桂朝2号,籼型常规稻,湖北省宜昌市农业科学研究所,鄂审稻003-1995,鄂审稻,003-1995,密阳49,湖北省宜昌市农业科学研究所
广东,弘优2903,弘A×弘恢2903,籼型三系杂交稻,中国科学院华南植物园等,粤审稻20230017,粤审稻,20230017,弘A,中国科学院华南植物园
湖北,花香两优6号,花香1S×鄂中6号,籼型两系杂交稻,湖北省农业科学院粮食作物研究所等,鄂审稻20230049,鄂审稻,20230049,花香1S,湖北省农业科学院粮食作物研究所
湖北,两优234,Bph68s×R610234,籼型两系杂交稻,武汉大学生命科学学院,鄂审稻2010005,鄂审稻,2010005,Bph68s,武汉大学生命科学学院
湖北,武香A,武金2A×武香B,籼型不育系,武汉大学,鄂审稻013-2003,鄂审稻,013-2003,武金2A,武汉大学
湖北,鄂晚13,鄂宜105/89-16×75-1,粳型常规稻,湖北省宜昌市农科所,鄂审稻012-2003,鄂审稻,012-2003,鄂宜105/89-16,湖北省宜昌市农科所
湖北,鄂晚12,8802×筑紫晴,粳型常规稻,湖北省黄冈市农科所,鄂审稻011-2003,鄂审稻,011-2003,8802,湖北省黄冈市农科所
湖北,琴04S,1892S×HD9802S/连粳恢3号,籼型不育系,湖北大学,鄂审稻20220076,鄂审稻,20220076,1892S,湖北大学
湖北,宝农12,82-2/秀水06×紫金糯,粳型常规稻,上海市宝山区农业良种繁育场,鄂审稻016-2001,鄂审稻,016-2001,82-2/秀水06,上海市宝山区农业良种繁育场
广东,深两优晶占,深08S×玉晶软占,籼型两系杂交稻,湖南杂交水稻研究中心等,粤审稻20170070,粤审稻,20170070,深08S,湖南杂交水稻研究中心
湖北,虾稻1号,黄华占×黄华占//R769/GD-7,籼型常规稻,湖北省农业科学院粮食作物研究所等,鄂审稻20200044,鄂审稻,20200044,黄华占,湖北省农业科学院粮食作物研究所
湖北,申稻8号,IRA109/秀水134×秀水134,粳型常规稻,上海天谷生物科技股份有限公司,鄂审稻20200043,鄂审稻,20200043,IRA109/秀水134,上海天谷生物科技股份有限公司
湖北,广两优9号,广占63-4S×R958,籼型两系杂交稻,湖北华占种业科技有限公司,鄂审稻2016004,鄂审稻,2016004,广占63-4S,湖北华占种业科技有限公司
湖北,节优804,沪旱5A×GR804,籼型三系杂交稻,黄冈市农业科学院等,鄂审稻20200080,鄂审稻,20200080,沪旱5A,黄冈市农业科学院
湖北,甬优6760,甬粳67A×F6860,籼粳交三系杂交稻,宁波市种子有限公司,鄂审稻2018024,鄂审稻,2018024,甬粳67A,宁波市种子有限公司
湖北,鄂优华占,鄂丰249A×华占,籼型三系杂交稻,湖北省种子集团有限公司,鄂审稻2018023,鄂审稻,2018023,鄂丰249A,湖北省种子集团有限公司
湖北,两优888,EK8S×福稻88,籼型两系杂交稻,湖北省农业科学院粮食作物研究所等,鄂审稻20230048,鄂审稻,20230048,EK8S,湖北省农业科学院粮食作物研究所
广东,野源占2号,增镇7号野生稻/三源921//三源921×341/广银占,籼型常规稻,佛山市农业科学研究所,粤审稻20220010,粤审稻,20220010,增镇7号野生稻/三源921//三源921,佛山市农业科学研究所
广东,广红6号,广红3号×固广油占,籼型常规稻,广东省农业科学院水稻研究所,粤审稻20200014,粤审稻,20200014,广红3号,广东省农业科学院水稻研究所
湖北,鄂早11号,P88×IR1,籼型常规稻,黄冈市农业科学研究所,鄂审稻002-1995,鄂审稻,002-1995,P88,黄冈市农业科学研究所
湖北,龙王糯81,应糯1号,籼型常规稻,应城市农业农村局等,鄂审稻20230015,鄂审稻,20230015,应糯1号,应城市农业农村局
广东,闽糯6优6号,闽农糯6A×嘉糯恢6号,籼型三系杂交稻,福建农林大学农学院,粤审稻20200091,粤审稻,20200091,闽农糯6A,福建农林大学农学院
广东,耕香优200,耕香A×恒恢200,籼型三系杂交稻,广东恒昊农业有限公司等,粤审稻20230016,粤审稻,20230016,耕香A,广东恒昊农业有限公司
湖北,荣优华占,荣丰A×华占,籼型三系杂交稻,广东省农业科学院水稻研究所等,鄂审稻2018022,鄂审稻,2018022,荣丰A,广东省农业科学院水稻研究所
湖北,荃优727,荃9311A×成恢727,籼型三系杂交稻,安徽荃银高科种业股份有限公司等,鄂审稻2018021,鄂审稻,2018021,荃9311A,安徽荃银高科种业股份有限公司
湖北,荆占1号,黄华占/鄂中5号×黄华占,籼型常规稻,湖北荆楚种业科技有限公司等,鄂审稻2018020,鄂审稻,2018020,黄华占/鄂中5号,湖北荆楚种业科技有限公司
湖北,鄂丰丝苗,鄂早18/合丰占×合丰占,籼型常规稻,武汉亘谷源生态农业科技有限公司等,鄂审稻2018019,鄂审稻,2018019,鄂早18/合丰占,武汉亘谷源生态农业科技有限公司
湖北,福稻88,黄华占×广丰香8号,籼型常规稻,武汉隆福康农业发展有限公司,鄂审稻2018018,鄂审稻,2018018,黄华占,武汉隆福康农业发展有限公司
湖北,E两优23,EK2S×R603,籼型两系杂交稻,湖北省农业科学院粮食作物研究所等,鄂审稻20210012,鄂审稻,20210012,EK2S,湖北省农业科学院粮食作物研究所
湖北,琴02S,HD9802S×HD9802S/固优12,籼型不育系,湖北大学,鄂审稻20220075,鄂审稻,20220075,HD9802S,湖北大学
湖北,华稻21,州156×华矮837,籼型常规稻,华中农业大学,鄂审稻001-1995,鄂审稻,001-1995,州156,华中农业大学
广东,胜优19香,胜A×19香,籼型三系杂交稻,广东鲜美种苗股份有限公司等,粤审稻20220104,粤审稻,20220104,胜A,广东鲜美种苗股份有限公司
河南,方欣1号,郑粳81754×豫粳4号,粳型常规稻,河南农业大学农学院,豫审稻2006002,豫审稻,2006002,郑粳81754,河南农业大学农学院
广东,启源优492,启源A×弘恢492,籼型三系杂交稻,广东海洋大学等,粤审稻20220020,粤审稻,20220020,启源A,广东海洋大学
湖北,绿银占,黄银占×丰粤占,籼型常规稻,深圳隆平金谷种业有限公司,鄂审稻2018017,鄂审稻,2018017,黄银占,深圳隆平金谷种业有限公司
湖北,香粳优1582,香粳11A×香恢582,粳型三系杂交稻,湖北中香农业科技股份有限公司等,鄂审稻20220034,鄂审稻,20220034,香粳11A,湖北中香农业科技股份有限公司
湖北,隆稻3号,特青2号×特籼占25,籼型常规稻,武汉弘耕种业有限公司等,鄂审稻20200079,鄂审稻,20200079,特青2号,武汉弘耕种业有限公司
广东,本两优2156,本S×内香恢2156,籼型两系杂交稻,广东省农业科学院水稻研究所等,粤审稻20200090,粤审稻,20200090,本S,广东省农业科学院水稻研究所
广东,兴两优3088,兴农S×弘恢3088,籼型两系杂交稻,广东海洋大学农学院等,粤审稻20200084,粤审稻,20200084,兴农S,广东海洋大学农学院
湖北,协优96,协青早A×R96,籼型三系杂交稻,湖北省大冶市农科所等,鄂审稻010-2003,鄂审稻,010-2003,协青早A,湖北省大冶市农科所
湖北,黄科占8号,鄂中5号/佳辐占/黄华占/湘晚籼17×GD-1,籼型常规稻,黄冈市农业科学院等,鄂审稻20210079,鄂审稻,20210079,鄂中5号/佳辐占/黄华占/湘晚籼17,黄冈市农业科学院
湖北,楚18S,培矮64S×D1142S,籼型不育系,湖北楚创高科农业有限公司,鄂审稻20220074,鄂审稻,20220074,培矮64S,湖北楚创高科农业有限公司
湖北,旱优79,沪旱7A×R31109,籼粳交三系杂交稻,湖北省农业科学院粮食作物研究所,鄂审稻20210028,鄂审稻,20210028,沪旱7A,湖北省农业科学院粮食作物研究所
广东,白粤丝苗,白香占×粤禾丝苗,籼型常规稻,广东省农业科学院植物保护研究所,粤审稻20220009,粤审稻,20220009,白香占,广东省农业科学院植物保护研究所
广东,青香优合莉油占,青香A×合莉油占,籼型三系杂交稻,广东省良种引进服务公司等,粤审稻20220103,粤审稻,20220103,青香A,广东省良种引进服务公司
湖北,汉粳2号,IRAT109×R47-2X,籼型常规稻,武汉市农业科学院等,鄂审稻20200042,鄂审稻,20200042,IRAT109,武汉市农业科学院
广东,金龙优820,金龙A×中种恢820,籼型三系杂交稻,肇庆学院等,粤审稻20170069,粤审稻,20170069,金龙A,肇庆学院
湖北,广两优476,广占63-4S×R476,籼型两系杂交稻,湖北省农业科学院粮食作物研究所,鄂审稻2010004,鄂审稻,2010004,广占63-4S,湖北省农业科学院粮食作物研究所
湖北,鄂糯8号,春江03粳,粳型常规稻,孝感市农业科学研究所等,鄂审稻015-2001,鄂审稻,015-2001,春江03粳,孝感市农业科学研究所
广东,粤创优珍丝苗,粤创A×珍丝苗,籼型三系杂交稻,广东粤良种业有限公司,粤审稻20210056,粤审稻,20210056,粤创A,广东粤良种业有限公司
广东,红两优6号,118S×旺红6号,籼型两系杂交稻,福建旺穗种业有限公司等,粤审稻20200013,粤审稻,20200013,118S,福建旺穗种业有限公司
广东,宇两优121,宇340S×GR121,籼型两系杂交稻,湖南隆平种业有限公司,粤审稻20200089,粤审稻,20200089,宇340S,湖南隆平种业有限公司
湖北,箴9311S,全1S×荃9311B,籼型不育系,湖北荃银高科种业有限公司,鄂审稻20220073,鄂审稻,20220073,全1S,湖北荃银高科种业有限公司
湖北,华两优2809,华1228S×R409,籼型两系杂交稻,孝感市农业科学院等,鄂审稻20210011,鄂审稻,20210011,华1228S,孝感市农业科学院
湖北,益9优443,益9A×GR443,籼型三系杂交稻,黄冈市农业科学院等,鄂审稻20220033,鄂审稻,20220033,益9A,黄冈市农业科学院
湖北,马协63,马协A×明恢63,籼型三系杂交稻,武汉大学,鄂审稻002-1994,鄂审稻,002-1994,马协A,武汉大学
河南,郑稻18号,郑稻2号×郑稻5号,粳型常规稻,河南省农业科学院粮食作物研究所,豫审稻2006001,豫审稻,2006001,郑稻2号,河南省农业科学院粮食作物研究所
湖北,荃优6号,荃9311A×RC6,籼型三系杂交稻,中国农业科学院作物科学研究所等,鄂审稻2018016,鄂审稻,2018016,荃9311A,中国农业科学院作物科学研究所
湖北,华糯32,珍糯/地谷//珍糯×珍糯/地谷//珍糯///华占,籼型常规稻,不详,鄂审稻20230014,鄂审稻,20230014,珍糯/地谷//珍糯,不详
广东,金隆优083,金隆A×G083,籼型三系杂交稻,广东鲜美种苗股份有限公司,粤审稻20230015,粤审稻,20230015,金隆A,广东鲜美种苗股份有限公司
湖北,鄂晚11号,丙91-17,粳型常规稻,湖北省孝感市孝南区农业局等,鄂审稻014-2001,鄂审稻,014-2001,丙91-17,湖北省孝感市孝南区农业局
湖北,禾盛两优25,HD9802S×R25,籼型两系杂交稻,湖北大学生命科学学院,鄂审稻2007002,鄂审稻,2007002,HD9802S,湖北大学生命科学学院
广东,南秀美占,南秀软占×丰美占/黄广华占,籼型常规稻,广东省农业科学院水稻研究所,粤审稻20220008,粤审稻,20220008,南秀软占,广东省农业科学院水稻研究所
湖北,宜优207,宜陵1A×R207,籼型三系杂交稻,湖北省宜昌市农科所,鄂审稻009-2003,鄂审稻,009-2003,宜陵1A,湖北省宜昌市农科所
湖北,长粳优582,长粳1A×香恢582,籼型三系杂交稻,湖北中香农业科技股份有限公司等,鄂审稻20200041,鄂审稻,20200041,长粳1A,湖北中香农业科技股份有限公司
湖北,巨风A,宜陵1A×巨风B,籼型不育系,宜昌市农业科学研究所,鄂审稻2008012,鄂审稻,2008012,宜陵1A,宜昌市农业科学研究所
广东,深两优1978,深08S×航恢1978,籼型两系杂交稻,国家植物航天育种工程技术研究中心（华南农业大学）等,粤审稻20200083,粤审稻,20200083,深08S,国家植物航天育种工程技术研究中心（华南农业大学）
湖北,绣占9号,桂丰6号×黄华占,籼型常规稻,中垦锦绣华农武汉科技有限公司等,鄂审稻20200078,鄂审稻,20200078,桂丰6号,中垦锦绣华农武汉科技有限公司
湖北,华香优228,华浙2A×中恢2284,籼型三系杂交稻,中垦锦绣华农武汉科技有限公司等,鄂审稻20210078,鄂审稻,20210078,华浙2A,中垦锦绣华农武汉科技有限公司
广东,福香优6503,福香A×R6503,籼型三系杂交稻,广东华农大种业有限公司,粤审稻20220102,粤审稻,20220102,福香A,广东华农大种业有限公司
湖北,孝早糯08,嘉早303/早糯198×华早糯1003,籼型常规稻,孝感市农业科学研究所等,鄂审稻2010003,鄂审稻,2010003,嘉早303/早糯198,孝感市农业科学研究所
湖北,荃优1175,荃9311A×R1675,籼型三系杂交稻,湖北省种子集团有限公司等,鄂审稻20210027,鄂审稻,20210027,荃9311A,湖北省种子集团有限公司
广东,Y两优3089,Y58S×弘恢3089,籼型两系杂交稻,广东天弘种业有限公司等,粤审稻20170068,粤审稻,20170068,Y58S,广东天弘种业有限公司
湖北,忠两优荃晶丝苗,忠605S×荃晶丝苗,籼型两系杂交稻,湖北大楚农业科技有限公司等,鄂审稻20210010,鄂审稻,20210010,忠605S,湖北大楚农业科技有限公司
湖北,晚粳505,春江糯×9505,粳型常规稻,湖北省农业技术推广总站等,鄂审稻2008011,鄂审稻,2008011,春江糯,湖北省农业技术推广总站
湖北,楚68S,武香S×佳丰68S,籼型不育系,武汉楚禾汇生物科技有限公司,鄂审稻20220072,鄂审稻,20220072,武香S,武汉楚禾汇生物科技有限公司
湖北,鄂早10号,Suweon 287×浙辐802,籼型常规稻,湖北省农业科学院粮食作物研究所,鄂审稻001-1994,鄂审稻,001-1994,Suweon 287,湖北省农业科学院粮食作物研究所
广东,粤福占,粤禾丝苗×黄广莉占,籼型常规稻,广东省农业科学院水稻研究所,粤审稻20200012,粤审稻,20200012,粤禾丝苗,广东省农业科学院水稻研究所
湖北,益9优447,益9A×GR447,籼型三系杂交稻,湖北农益生物科技有限公司等,鄂审稻20200040,鄂审稻,20200040,益9A,湖北农益生物科技有限公司
湖北,鄂晚10号,五山香占,籼型常规稻,湖北省黄梅县农业局等,鄂审稻013-2001,鄂审稻,013-2001,五山香占,湖北省黄梅县农业局
河南,B优827,803A×蜀恢527,籼型三系杂交稻,西南科技大学水稻研究所等,豫审稻2005006,豫审稻,2005006,803A,西南科技大学水稻研究所
广东,和两优1086,和620S×泰恢1086,籼型两系杂交稻,四川泰隆汇智生物科技有限公司,粤审稻20220101,粤审稻,20220101,和620S,四川泰隆汇智生物科技有限公司
湖北,红糯优3号,红糯1A×香糯3号,籼型三系杂交稻,湖北中香农业科技股份有限公司,鄂审稻20230013,鄂审稻,20230013,红糯1A,湖北中香农业科技股份有限公司
湖北,华两优929,华99S×R9029,籼型两系杂交稻,湖北华之夏种子有限责任公司,鄂审稻2016003,鄂审稻,2016003,华99S,湖北华之夏种子有限责任公司
湖北,荆香优72,荆香A×R72,籼型三系杂交稻,湖北荆楚种业科技有限公司等,鄂审稻20210077,鄂审稻,20210077,荆香A,湖北荆楚种业科技有限公司
湖北,宜优99,宜陵1A×桂99,籼型三系杂交稻,湖北省宜昌市农科所,鄂审稻008-2003,鄂审稻,008-2003,宜陵1A,湖北省宜昌市农科所
广东,银香优玉占,银香A×粤恢玉占,籼型三系杂交稻,广东省农业科学院植物保护研究所,粤审稻20230014,粤审稻,20230014,银香A,广东省农业科学院植物保护研究所
广东,五乡优1002,五乡A×广恢1002,籼型三系杂交稻,广东华茂高科种业有限公司等,粤审稻20220100,粤审稻,20220100,五乡A,广东华茂高科种业有限公司
广东,粤禾优1055,粤禾A×广恢1055,籼型三系杂交稻,广东省农业科学院水稻研究所,粤审稻20230013,粤审稻,20230013,粤禾A,广东省农业科学院水稻研究所
广东,南广丝苗,南晶占×黄广油占/茉莉丝苗,籼型常规稻,广东省农业科学院水稻研究所,粤审稻20200011,粤审稻,20200011,南晶占,广东省农业科学院水稻研究所
湖北,荆糯8号,鄂糯7号×特糯2072,籼型常规稻,武汉科珈种业科技有限公司等,鄂审稻20200077,鄂审稻,20200077,鄂糯7号,武汉科珈种业科技有限公司
湖北,华两优2824,华1228S×R1724,籼型两系杂交稻,荆州农业科学院等,鄂审稻20210009,鄂审稻,20210009,华1228S,荆州农业科学院
湖北,伍两优郢香丝苗,伍331S×郢香丝苗,籼型两系杂交稻,湖北荃银高科种业有限公司,鄂审稻20220032,鄂审稻,20220032,伍331S,湖北荃银高科种业有限公司
广东,天弘优福农占,天弘A×福农占,籼型三系杂交稻,广东天弘种业有限公司,粤审稻20210055,粤审稻,20210055,天弘A,广东天弘种业有限公司
湖北,中9优547,中9A×R547,籼型三系杂交稻,黄冈市农业科学院,鄂审稻2010002,鄂审稻,2010002,中9A,黄冈市农业科学院
广东,金隆优132,金隆A×JY132,籼型三系杂交稻,广东鲜美种苗股份有限公司,粤审稻20200082,粤审稻,20200082,金隆A,广东鲜美种苗股份有限公司
湖北,鄂晚9号,香血糯×84-125,粳型常规稻,武汉市东西湖农业科学研究所等,鄂审稻012-2001,鄂审稻,012-2001,香血糯,武汉市东西湖农业科学研究所
湖北,荃优259,荃9311A×ZR259,籼型三系杂交稻,北京金色农华种业科技股份有限公司等,鄂审稻2018015,鄂审稻,2018015,荃9311A,北京金色农华种业科技股份有限公司
河南,冈优336,冈46A×95-336,籼型三系杂交稻,眉山农校等,豫审稻2005005,豫审稻,2005005,冈46A,眉山农校
广东,广泰优6355,广泰A×广恢6355,籼型三系杂交稻,广东省金稻种业有限公司等,粤审稻20220099,粤审稻,20220099,广泰A,广东省金稻种业有限公司
湖北,荃优368,荃9311A×R368,籼型三系杂交稻,湖北省种子集团有限公司等,鄂审稻20210026,鄂审稻,20210026,荃9311A,湖北省种子集团有限公司
湖北,中9优1254,中9A×R1254,籼型三系杂交稻,德农正成种业有限公司长沙德农正成水稻研究所,鄂审稻2008010,鄂审稻,2008010,中9A,德农正成种业有限公司长沙德农正成水稻研究所
湖北,两优42,HD9802S×R42,籼型两系杂交稻,湖北大学生命科学学院等,鄂审稻2007001,鄂审稻,2007001,HD9802S,湖北大学生命科学学院
湖北,鄂晚8号,7763-2/6107×鄂宜105,粳型常规稻,湖北省农业科学院,鄂审稻002-1993,鄂审稻,002-1993,7763-2/6107,湖北省农业科学院
广东,丰粤占,丰丝占×粤农占,籼型常规稻,广东省农业科学院水稻研究所,粤审稻2008002,粤审稻,2008002,丰丝占,广东省农业科学院水稻研究所
广东,双黄秀占,黄广油占×黄软秀占,籼型常规稻,广东省农业科学院水稻研究所,粤审稻20200010,粤审稻,20200010,黄广油占,广东省农业科学院水稻研究所
湖北,宜香优220,宜香1A×恩恢220,籼型三系杂交稻,恩施土家族苗族自治州农业科学院等,鄂审稻20220031,鄂审稻,20220031,宜香1A,恩施土家族苗族自治州农业科学院
湖北,两优鄂丰丝苗,银312S×鄂丰丝苗,籼型两系杂交稻,湖北荃银高科种业有限公司等,鄂审稻20210076,鄂审稻,20210076,银312S,湖北荃银高科种业有限公司
广东,黄广泰占,黄广华占1号×新黄占/粤金银占,籼型常规稻,广东省农业科学院水稻研究所,粤审稻20220007,粤审稻,20220007,黄广华占1号,广东省农业科学院水稻研究所
湖北,鄂早9号,678-1×2241,籼型常规稻,湖北省农业科学院粮食作物研究所,鄂审稻001-1993,鄂审稻,001-1993,678-1,湖北省农业科学院粮食作物研究所
广东,航5优1978,航5A×航恢1978	,籼型三系杂交稻,国家植物航天育种工程技术研究中心（华南农业大学）,粤审稻20200088,粤审稻,20200088,航5A,国家植物航天育种工程技术研究中心（华南农业大学）
广东,青香优086,青香A×G086,籼型三系杂交稻,广东鲜美种苗股份有限公司等,粤审稻20210054,粤审稻,20210054,青香A,广东鲜美种苗股份有限公司
湖北,鄂莹丝苗,YR0822×鄂丰丝苗,籼型常规稻,湖北荃银高科种业有限公司,鄂审稻20200076,鄂审稻,20200076,YR0822,湖北荃银高科种业有限公司
湖北,深两优3117,深08S×R3117,籼型两系杂交稻,湖南隆平种业有限公司,鄂审稻2016002,鄂审稻,2016002,深08S,湖南隆平种业有限公司
湖北,两优9168,HD9802S×R168,籼型两系杂交稻,湖北荆楚种业股份有限公司,鄂审稻2010001,鄂审稻,2010001,HD9802S,湖北荆楚种业股份有限公司
湖北,华634S,丰39S×华1201S,籼型不育系,华中农业大学,鄂审稻20220071,鄂审稻,20220071,丰39S,华中农业大学
湖北,华粳杂2号,N5088S×41678,粳型两系杂交稻,华中农业大学,鄂审稻011-2001,鄂审稻,011-2001,N5088S,华中农业大学
湖北,Ⅱ优132,Ⅱ-32A×恩恢132,籼型三系杂交稻,恩施土家族苗族自治州农业科学院,鄂审稻2006019,鄂审稻,2006019,Ⅱ-32A,恩施土家族苗族自治州农业科学院
广东,黄莉占,茉莉丝苗×黄华占,籼型常规稻,广东省农业科学院水稻研究所,粤审稻2008001,粤审稻,2008001,茉莉丝苗,广东省农业科学院水稻研究所
湖北,宜香优646,宜香1A×恩恢646,籼型三系杂交稻,恩施土家族苗族自治州农业科学院等,鄂审稻20220030,鄂审稻,20220030,宜香1A,恩施土家族苗族自治州农业科学院
湖北,E农3S,N5088S/鄂晚14S×J798,籼粳交不育系,湖北省农业科学院粮食作物研究所等,鄂审稻20220070,鄂审稻,20220070,N5088S/鄂晚14S,湖北省农业科学院粮食作物研究所
广东,协禾优1002,协禾A×广恢1002,籼型三系杂交稻,广东华茂高科种业有限公司等,粤审稻20220098,粤审稻,20220098,协禾A,广东华茂高科种业有限公司
湖北,恩两优454,恩1S×恩恢454,籼型两系杂交稻,恩施土家族苗族自治州农业科学院,鄂审稻20210008,鄂审稻,20210008,恩1S,恩施土家族苗族自治州农业科学院
广东,源美丝苗,黄广油占×美香占,籼型常规稻,广东省农业科学院水稻研究所,粤审稻20200009,粤审稻,20200009,黄广油占,广东省农业科学院水稻研究所
广东,胜优美占,胜A×金美占,籼型三系杂交稻,广东鲜美种苗股份有限公司,粤审稻20170067,粤审稻,20170067,胜A,广东鲜美种苗股份有限公司
湖北,岳优26,岳4A×咸恢26,籼型三系杂交稻,湖北省咸宁市农科所,鄂审稻007-2003,鄂审稻,007-2003,岳4A,湖北省咸宁市农科所
河南,Ⅱ优550,Ⅱ-32A×信恢550,籼型三系杂交稻,信阳市农业科学研究所,豫审稻2005004,豫审稻,2005004,Ⅱ-32A,信阳市农业科学研究所
广东,广源占151号,广源占15号,籼型常规稻,广州市农业科学研究院等,粤审稻20220006,粤审稻,20220006,广源占15号,广州市农业科学研究院
湖北,天丰优134,天丰A×冈恢134,籼型三系杂交稻,黄冈市农业科学院,鄂审稻2008009,鄂审稻,2008009,天丰A,黄冈市农业科学院
湖北,玺优447,玺A×GR447,籼型三系杂交稻,黄冈市农业科学院等,鄂审稻20200039,鄂审稻,20200039,玺A,黄冈市农业科学院
湖北,中9优恩62,中9A×恩恢62,籼型三系杂交稻,恩施土家族苗族自治州农业科学院,鄂审稻2009021,鄂审稻,2009021,中9A,恩施土家族苗族自治州农业科学院
湖北,华两优6516,华1165S×惠恢R116,籼型两系杂交稻,武汉惠华三农种业有限公司,鄂审稻20210075,鄂审稻,20210075,华1165S,武汉惠华三农种业有限公司
湖北,华两优2872,华1228S×惠恢R72,籼型两系杂交稻,武汉惠华三农种业有限公司,鄂审稻20210074,鄂审稻,20210074,华1228S,武汉惠华三农种业有限公司
湖北,鄂早19,97-27×鄂早17,籼型常规稻,孝感市农业科学院,鄂审稻2016001,鄂审稻,2016001,97-27,孝感市农业科学院
广东,香禾优1002,香禾A×广恢1002,籼型三系杂交稻,广东省农业科学院水稻研究所,粤审稻20220097,粤审稻,20220097,香禾A,广东省农业科学院水稻研究所
广东,新山软占,新软占×佛山油占,籼型常规稻,佛山市农业科学研究所,粤审稻2006073,粤审稻,2006073,新软占,佛山市农业科学研究所
湖北,宜香优542,宜香1A×恩恢542,籼型三系杂交稻,恩施土家族苗族自治州农业科学院等,鄂审稻20220029,鄂审稻,20220029,宜香1A,恩施土家族苗族自治州农业科学院
湖北,汕优7023,珍汕97A×7023,籼型三系杂交稻,湖北省京山县种子公司,鄂审稻002-1992,鄂审稻,002-1992,珍汕97A,湖北省京山县种子公司
广东,中丝优738,中丝A×恒恢738,籼型三系杂交稻,广东省农业科学院农业生物基因研究中心等,粤审稻20230012,粤审稻,20230012,中丝A,广东省农业科学院农业生物基因研究中心
广东,天丰优3550,天丰A×广恢3550,籼型三系杂交稻,广东省农业科学院水稻研究所,粤审稻2006040,粤审稻,2006040,天丰A,广东省农业科学院水稻研究所
湖北,荃优0861,荃9311A×R0861,籼型三系杂交稻,江西先农种业有限公司等,鄂审稻2018014,鄂审稻,2018014,荃9311A,江西先农种业有限公司
广东,沃两优粤禾丝苗,沃S×粤禾丝苗,籼型两系杂交稻,广东省农业科学院水稻研究所等,粤审稻20200081,粤审稻,20200081,沃S,广东省农业科学院水稻研究所
湖北,武香880,武香A×880,籼型三系杂交稻,武汉大学等,鄂审稻006-2003,鄂审稻,006-2003,武香A,武汉大学
湖北,创两优612,创5S×华恢612,籼型两系杂交稻,武汉亘谷源生态农业科技有限公司等,鄂审稻20210007,鄂审稻,20210007,创5S,武汉亘谷源生态农业科技有限公司
广东,丰中占,中二软占×丰华占,籼型常规稻,广东省农业科学院水稻研究所,粤审稻2006072,粤审稻,2006072,中二软占,广东省农业科学院水稻研究所
湖北,两优1193,1103S×810093,籼型两系杂交稻,武汉大学,鄂审稻005-2003,鄂审稻,005-2003,1103S,武汉大学
广东,丛两优6100,丛119S×R6100,籼型两系杂交稻,广东华农大种业有限公司,粤审稻20210053,粤审稻,20210053,丛119S,广东华农大种业有限公司
广东,莉农占,广晶莉占×华航36,籼型常规稻,广东省农业科学院水稻研究所,粤审稻20220005,粤审稻,20220005,广晶莉占,广东省农业科学院水稻研究所
广东,新泰丝苗,新源占×粤泰丝苗,籼型常规稻,佛山市农业科学研究所,粤审稻20200008,粤审稻,20200008,新源占,佛山市农业科学研究所
广东,野香优9号,野香A×R9,籼型三系杂交稻,广西绿海种业有限公司,粤审稻20170066,粤审稻,20170066,野香A,广西绿海种业有限公司
湖北,郢丰丝苗,黄华占×鄂丰丝苗,籼型常规稻,湖北荃银高科种业有限公司,鄂审稻20200075,鄂审稻,20200075,黄华占,湖北荃银高科种业有限公司
湖北,广两优1369,广占63-4S×恩恢1369,籼型两系杂交稻,恩施土家族苗族自治州农业科学院,鄂审稻20220028,鄂审稻,20220028,广占63-4S,恩施土家族苗族自治州农业科学院
广东,荃优合莉油占,荃9311A×合莉油占,籼型三系杂交稻,广东省良种引进服务公司等,粤审稻20190033,粤审稻,20190033,荃9311A,广东省良种引进服务公司
湖北,全优77,全丰A×明恢77,籼型三系杂交稻,福建省农业科学院稻麦研究所,鄂审稻2006018,鄂审稻,2006018,全丰A,福建省农业科学院稻麦研究所
湖北,金优12,金23A×冈恢12,籼型三系杂交稻,黄冈市农业科学研究所,鄂审稻010-2001,鄂审稻,010-2001,金23A,黄冈市农业科学研究所
河南,中优293,中9A×YR293,籼型三系杂交稻,安徽荃银禾丰种业有限公司,豫审稻2005003,豫审稻,2005003,中9A,安徽荃银禾丰种业有限公司
湖北,天两优616,天源6S×R016,籼型两系杂交稻,武汉武大天源生物科技股份有限公司,鄂审稻2008008,鄂审稻,2008008,天源6S,武汉武大天源生物科技股份有限公司
湖北,2413S,GD-7S×Bph68S,籼型不育系,武汉衍升农业科技有限公司,鄂审稻20220069,鄂审稻,20220069,GD-7S,武汉衍升农业科技有限公司
广东,荃优466,荃9311A×广恢466,籼型三系杂交稻,广东省农业科学院水稻研究所等,粤审稻20170065,粤审稻,20170065,荃9311A,广东省农业科学院水稻研究所
湖北,Ⅱ优264,Ⅱ-32A×恩恢264,籼型三系杂交稻,恩施土家族苗族自治州农业科学院,鄂审稻2006017,鄂审稻,2006017,Ⅱ-32A,恩施土家族苗族自治州农业科学院
广东,合莉早占,广晶早占×合莉丝苗,籼型常规稻,广东省农业科学院水稻研究所,粤审稻20220004,粤审稻,20220004,广晶早占,广东省农业科学院水稻研究所
广东,广胜软占,胜优2号/奇妙香×银花占2号,籼型常规稻,广东省农业科学院水稻研究所,粤审稻2006071,粤审稻,2006071,胜优2号/奇妙香,广东省农业科学院水稻研究所
广东,粤籼占8号,粤禾丝苗×丰籼占,籼型常规稻,广州市农业科学研究院等,粤审稻20200007,粤审稻,20200007,粤禾丝苗,广州市农业科学研究院
湖北,红糯优36,红糯1A×R4136,籼型三系杂交稻,孝感市农业科学院等,鄂审稻2018013,鄂审稻,2018013,红糯1A,孝感市农业科学院
湖北,旱优8200,沪旱7A×旱恢8200,籼型三系杂交稻,中垦锦绣华农武汉科技有限公司等,鄂审稻20210073,鄂审稻,20210073,沪旱7A,中垦锦绣华农武汉科技有限公司
广东,仁优9号,宽仁A×R9374,籼型三系杂交稻,广东鹏穗和种业科技有限公司等,粤审稻20230011,粤审稻,20230011,宽仁A,广东鹏穗和种业科技有限公司
湖北,恩2A,华37A×恩2B,籼型不育系,恩施土家族苗族自治州农业科学院,鄂审稻2015024,鄂审稻,2015024,华37A,恩施土家族苗族自治州农业科学院
广东,泰优98,泰丰A×淦恢398,籼型三系杂交稻,江西现代种业股份有限公司,粤审稻20220096,粤审稻,20220096,泰丰A,江西现代种业股份有限公司
湖北,中86-44,浙辐802/广陆矮4号×HA79317-7,籼型常规稻,中国水稻研究所,鄂审稻001-1992,鄂审稻,001-1992,浙辐802/广陆矮4号,中国水稻研究所
湖北,全优128,全丰A×R0128,籼型三系杂交稻,湖北枣丰种业有限公司等,鄂审稻2009020,鄂审稻,2009020,全丰A,湖北枣丰种业有限公司
湖北,荆楚优8671,荆楚818A×R0671,籼型三系杂交稻,湖北荆楚种业科技有限公司等,鄂审稻20200038,鄂审稻,20200038,荆楚818A,湖北荆楚种业科技有限公司
湖北,天两优688,天安S×H688,籼型两系杂交稻,武汉市文鼎农业生物技术有限公司等,鄂审稻20210006,鄂审稻,20210006,天安S,武汉市文鼎农业生物技术有限公司
广东,深优9725,深97A×绵恢725,籼型三系杂交稻,国家杂交水稻工程技术研究中心清华深圳龙岗研究所,粤审稻2009014,粤审稻,2009014,深97A,国家杂交水稻工程技术研究中心清华深圳龙岗研究所
湖北,泰优628,泰丰A×R1628,籼型三系杂交稻,长江大学等,鄂审稻20200037,鄂审稻,20200037,泰丰A,长江大学
广东,粤泰油占,粤油丝苗×粤丰占/GD9501//粤泰丝苗///粤华丝苗,籼型常规稻,广东省农业科学院水稻研究所,粤审稻20170004,粤审稻,20170004,粤油丝苗,广东省农业科学院水稻研究所
湖北,红香优丝苗,红香2A×中香丝苗,籼型三系杂交稻,湖北中香农业科技股份有限公司,鄂审稻20200074,鄂审稻,20200074,红香2A,湖北中香农业科技股份有限公司
广东,天优806,天丰A×广恢806,籼型三系杂交稻,广东省农业科学院水稻研究所,粤审稻2006039,粤审稻,2006039,天丰A,广东省农业科学院水稻研究所
湖北,华两优341,华634S×丰香恢1号,籼型两系杂交稻,华中农业大学,鄂审稻20220068,鄂审稻,20220068,华634S,华中农业大学
广东,津黄占1号,津引10号×黄合占,籼型常规稻,广州市农业科学研究院等,粤审稻20200006,粤审稻,20200006,津引10号,广州市农业科学研究院
广东,粤禾优1002,粤禾A×广恢1002,籼型三系杂交稻,广东华茂高科种业有限公司等,粤审稻20190032,粤审稻,20190032,粤禾A,广东华茂高科种业有限公司
广东,黄粤莉占,粤禾丝苗/黄莉占×粤禾丝苗/美香占,籼型常规稻,广东省农业科学院水稻研究所,粤审稻20220003,粤审稻,20220003,粤禾丝苗/黄莉占,广东省农业科学院水稻研究所
湖北,扬辐糯4号,IR1529-68-3-2,籼型常规稻,江苏里下河地区农业科学研究所,鄂审稻009-2001,鄂审稻,009-2001,IR1529-68-3-2,江苏里下河地区农业科学研究所
湖北,鄂糯19A,武运粳7号A×鄂糯19B,粳型不育系,湖北中香农业科技股份有限公司等,鄂审稻2015023,鄂审稻,2015023,武运粳7号A,湖北中香农业科技股份有限公司
湖北,苯两优639,苯63S×赛恢9号,籼型两系杂交稻,湖北长江屯玉种业有限公司,鄂审稻2008007,鄂审稻,2008007,苯63S,湖北长江屯玉种业有限公司
广东,广8优798,广8A×R798,籼型三系杂交稻,广东省农业科学院水稻研究所,粤审稻20170064,粤审稻,20170064,广8A,广东省农业科学院水稻研究所
湖北,旺两优900,W115S×R900,籼型两系杂交稻,湖南袁创超级稻技术有限公司,鄂审稻2018012,鄂审稻,2018012,W115S,湖南袁创超级稻技术有限公司
湖北,谷优964,谷丰A×福恢964,籼型三系杂交稻,福建省农业科学院水稻研究所,鄂审稻2009019,鄂审稻,2009019,谷丰A,福建省农业科学院水稻研究所
广东,禾银丝苗,黄广占×粤金银占,籼型常规稻,广东省农业科学院水稻研究所,粤审稻20200005,粤审稻,20200005,黄广占,广东省农业科学院水稻研究所
广东,三红占2号,双红占1号×粤红宝,籼型常规稻,广东省农业科学院水稻研究所,粤审稻20230010,粤审稻,20230010,双红占1号,广东省农业科学院水稻研究所
广东,泰优792,泰丰A×广恢792,籼型三系杂交稻,广东省农业科学院水稻研究所等,粤审稻20220095,粤审稻,20220095,泰丰A,广东省农业科学院水稻研究所
广东,广晶丝苗,大丰541×粤泰早占,籼型常规稻,广东省农业科学院水稻研究所,粤审稻20200004,粤审稻,20200004,大丰541,广东省农业科学院水稻研究所
广东,广晶莉占,黄广莉占×固广占,籼型常规稻,广东省农业科学院水稻研究所,粤审稻20200003,粤审稻,20200003,黄广莉占,广东省农业科学院水稻研究所
湖北,叁两优2000,03S×隆恢2000,籼型两系杂交稻,湖南民生种业科技有限公司等,鄂审稻2018011,鄂审稻,2018011,03S,湖南民生种业科技有限公司
湖北,全优99,全丰A×R99,籼型三系杂交稻,泽隆农资连锁（恩施）有限公司等,鄂审稻2009018,鄂审稻,2009018,全丰A,泽隆农资连锁（恩施）有限公司
广东,清红优3号,清红A×R3133,籼型三系杂交稻,广东华农大种业有限公司,粤审稻20210052,粤审稻,20210052,清红A,广东华农大种业有限公司
广东,丰秀占,丰丝占×矮秀占,籼型常规稻,广东省农业科学院水稻研究所,粤审稻2006070,粤审稻,2006070,丰丝占,广东省农业科学院水稻研究所
广东,中恒优珍丝苗,中恒A×珍丝苗,籼型三系杂交稻,广东粤良种业有限公司,粤审稻20200080,粤审稻,20200080,中恒A,广东粤良种业有限公司
湖北,E两优88,E农3S×福稻88,籼型两系杂交稻,湖北省农业科学院粮食作物研究所等,鄂审稻20220067,鄂审稻,20220067,E农3S,湖北省农业科学院粮食作物研究所
广东,合莉油占,玉香油占/合丝占×黄莉占,籼型常规稻,广东省农业科学院水稻研究所,粤审稻20170003,粤审稻,20170003,玉香油占/合丝占,广东省农业科学院水稻研究所
湖北,谷优92,谷丰A×兴恢92,籼型三系杂交稻,福建兴禾种业科技有限公司等,鄂审稻2009017,鄂审稻,2009017,谷丰A,福建兴禾种业科技有限公司
广东,深优9798,深97A×R5398,籼型三系杂交稻,国家杂交水稻工程技术研究中心清华深圳龙岗研究所,粤审稻2009013,粤审稻,2009013,深97A,国家杂交水稻工程技术研究中心清华深圳龙岗研究所
湖北,伍两优鄂莹丝苗,伍331S×鄂莹丝苗,籼型两系杂交稻,湖北荃银高科种业有限公司,鄂审稻20200036,鄂审稻,20200036,伍331S,湖北荃银高科种业有限公司
湖北,广湘两优718,广湘24S×R718,籼型两系杂交稻,湖北农华农业科技有限公司等,鄂审稻20210005,鄂审稻,20210005,广湘24S,湖北农华农业科技有限公司
广东,恒丰优金丝苗,恒丰A×金丝苗,籼型三系杂交稻,广东粤良种业有限公司,粤审稻20200079,粤审稻,20200079,恒丰A,广东粤良种业有限公司
广东,广泰优736,广泰A×广恢736,籼型三系杂交稻,广东省农业科学院水稻研究所等,粤审稻20190031,粤审稻,20190031,广泰A,广东省农业科学院水稻研究所
广东,华美优708,华美A×R708,籼型三系杂交稻,广东华农大种业有限公司,粤审稻20190030,粤审稻,20190030,华美A,广东华农大种业有限公司
湖北,鄂香优418,鄂香4A×R18,籼型三系杂交稻,湖北荃银高科种业有限公司等,鄂审稻20200073,鄂审稻,20200073,鄂香4A,湖北荃银高科种业有限公司
广东,万金优133,万金A×HR133,籼型三系杂交稻,广东海洋大学农业生物技术研究所等,粤审稻2006038,粤审稻,2006038,万金A,广东海洋大学农业生物技术研究所
湖北,荆占2号,黄华占×鄂中5号,籼型常规稻,湖北荆楚种业科技有限公司等,鄂审稻20210072,鄂审稻,20210072,黄华占,湖北荆楚种业科技有限公司
广东,深两优9815,深08S×R9815,籼型两系杂交稻,湖南杂交水稻研究中心,粤审稻20220089,粤审稻,20220089,深08S,湖南杂交水稻研究中心
广东,粤珠占,粤禾丝苗×新1511,籼型常规稻,广东省农业科学院水稻研究所等,粤审稻20220002,粤审稻,20220002,粤禾丝苗,广东省农业科学院水稻研究所
广东,众香10号,广丰香8号×南秀软占,籼型常规稻,广州市农业科学研究院,粤审稻20230069,粤审稻,20230069,广丰香8号,广州市农业科学研究院
广东,培杂35,培矮64S×特华占35选,籼型两系杂交稻,华南农业大学农学院,粤审稻2006037,粤审稻,2006037,培矮64S,华南农业大学农学院
广东,顺两优6100,顺农16S×R6100,籼型两系杂交稻,广东华农大种业有限公司,粤审稻20190029,粤审稻,20190029,顺农16S,广东华农大种业有限公司
湖北,A4A,金23A×A4B,籼型不育系,黄冈市农业科学院,鄂审稻2009016,鄂审稻,2009016,金23A,黄冈市农业科学院
湖北,华103S,安农S-1×92153,籼型不育系,华中农业大学,鄂审稻2006016,鄂审稻,2006016,安农S-1,华中农业大学
湖北,C两优513,C815S×R513,籼型两系杂交稻,湖南农业大学,鄂审稻2008006,鄂审稻,2008006,C815S,湖南农业大学
广东,裕优031,裕A×金恢031,籼型三系杂交稻,梅州市华丰种业有限公司,粤审稻20170063,粤审稻,20170063,裕A,梅州市华丰种业有限公司
广东,黄广绿占,黄广丝苗×五广占,籼型常规稻,广东省农业科学院水稻研究所,粤审稻20220001,粤审稻,20220001,黄广丝苗,广东省农业科学院水稻研究所
广东,天优363,天丰A×恢R363,籼型三系杂交稻,连山壮族瑶族自治县农业科学研究所等,粤审稻2009012,粤审稻,2009012,天丰A,连山壮族瑶族自治县农业科学研究所
广东,凤新丝苗,凤枣丝苗×凤香丝苗,籼型常规稻,东莞市中堂凤冲水稻科研站,粤审稻20170002,粤审稻,20170002,凤枣丝苗,东莞市中堂凤冲水稻科研站
湖北,瑜晶优50,瑜晶A×朗恢50,籼型三系杂交稻,湖南中朗种业有限公司,鄂审稻20200035,鄂审稻,20200035,瑜晶A,湖南中朗种业有限公司
湖北,德优8258,德香074A×泸恢8258,籼型三系杂交稻,四川省农业科学院水稻高粱研究所,鄂审稻2008005,鄂审稻,2008005,德香074A,四川省农业科学院水稻高粱研究所
广东,金象优福晶丝苗,金象A×福晶丝苗,籼型三系杂交稻,广东现代种业发展有限公司,粤审稻20230068,粤审稻,20230068,金象A,广东现代种业发展有限公司
广东,众香5号,广丰香8号×金科占选,籼型常规稻,广州市农业科学研究院,粤审稻20230067,粤审稻,20230067,广丰香8号,广州市农业科学研究院
广东,庆优荔晶丝苗,庆A×荔晶丝苗,籼型三系杂交稻,广东现代种业发展有限公司,粤审稻20230066,粤审稻,20230066,庆A,广东现代种业发展有限公司
广东,吉穗优102,吉穗A×粤良恢102,籼型三系杂交稻,广东粤良种业有限公司等,粤审稻20230065,粤审稻,20230065,吉穗A,广东粤良种业有限公司
广东,粤美优219,粤美A×R219,籼型三系杂交稻,广东粤良种业有限公司等,粤审稻20230064,粤审稻,20230064,粤美A,广东粤良种业有限公司
广东,源苗占,源丰占×新丝苗,籼型常规稻,佛山市农业科学研究所,粤审稻20230009,粤审稻,20230009,源丰占,佛山市农业科学研究所
广东,矮籼占,粤野占21×源籼占,籼型常规稻,广东省佛山市农业科学研究所,粤审稻2006036,粤审稻,2006036,粤野占21,广东省佛山市农业科学研究所
湖北,晶两优1252,晶4155S×华恢1252,籼型两系杂交稻,袁隆平农业高科技股份有限公司等,鄂审稻20200034,鄂审稻,20200034,晶4155S,袁隆平农业高科技股份有限公司
湖北,E两优32,E农6S×GER32,籼型两系杂交稻,黄冈市农业科学院等,鄂审稻20210004,鄂审稻,20210004,E农6S,黄冈市农业科学院
广东,奇两优华占,075S×华占,籼型两系杂交稻,湖北省种子集团有限公司等,粤审稻20200078,粤审稻,20200078,075S,湖北省种子集团有限公司
广东,广泰优772,广泰A×广恢772,籼型三系杂交稻,广东省农业科学院水稻研究所等,粤审稻20220094,粤审稻,20220094,广泰A,广东省农业科学院水稻研究所
湖北,鄂粳糯437,鄂糯8号×94114,粳型常规稻,湖北省农业科学院粮食作物研究所,鄂审稻2009015,鄂审稻,2009015,鄂糯8号,湖北省农业科学院粮食作物研究所
湖北,谷神占,黄华占,籼型常规稻,湖北谷神科技有限责任公司,鄂审稻20200033,鄂审稻,20200033,黄华占,湖北谷神科技有限责任公司
湖北,隆华丝苗,黄华占×新山软占,籼型常规稻,湖北隆华种业有限公司,鄂审稻20200032,鄂审稻,20200032,黄华占,湖北隆华种业有限公司
广东,粤泰丝苗,丰丝占×齐粒丝苗,籼型常规稻,广东省农业科学院水稻研究所,粤审稻2006069,粤审稻,2006069,丰丝占,广东省农业科学院水稻研究所
广东,南红8号,南红1号×新1324,籼型常规稻,广东省农业科学院水稻研究所,粤审稻20210051,粤审稻,20210051,南红1号,广东省农业科学院水稻研究所
广东,广源优玉占,广源A×粤恢玉占,籼型三系杂交稻,广东省农业科学院植物保护研究所,粤审稻20210078,粤审稻,20210078,广源A,广东省农业科学院植物保护研究所
广东,胜优黄占,胜A×金黄占,籼型三系杂交稻,广东鲜美种苗股份有限公司,粤审稻20170062,粤审稻,20170062,胜A,广东鲜美种苗股份有限公司
广东,聚两优53,RGD_7S×汕恢53,籼型两系杂交稻,汕头市农业科学研究所等,粤审稻20220088,粤审稻,20220088,RGD_7S,汕头市农业科学研究所
湖北,巨风2A,宜陵1A×巨风2B,籼型不育系,宜昌市农业科学研究院,鄂审稻2015022,鄂审稻,2015022,宜陵1A,宜昌市农业科学研究院
广东,内香优3号,内香3A×内恢99-14,籼型三系杂交稻,内江杂交水稻科技开发中心,粤审稻2006035,粤审稻,2006035,内香3A,内江杂交水稻科技开发中心
广东,粤南丝苗,粤禾丝苗×南丰占,籼型常规稻,广东省农业科学院水稻研究所,粤审稻20200002,粤审稻,20200002,粤禾丝苗,广东省农业科学院水稻研究所
湖北,苯88S,广占63S×8077S/2018S,籼型不育系,湖北长江屯玉种业有限公司,鄂审稻2006015,鄂审稻,2006015,广占63S,湖北长江屯玉种业有限公司
湖北,珞红3A,粤泰A×珞红3B,籼型不育系,武汉大学生命科学学院,鄂审稻2006014,鄂审稻,2006014,粤泰A,武汉大学生命科学学院
广东,特优816,龙特甫A×FR816,籼型三系杂交稻,广东田联种业有限公司,粤审稻2009011,粤审稻,2009011,龙特甫A,广东田联种业有限公司
湖北,中3优810,中3A×中恢810,籼型三系杂交稻,中国水稻研究所等,鄂审稻2009014,鄂审稻,2009014,中3A,中国水稻研究所
广东,恒香优香丝苗,恒香A×米岗香丝苗,籼型三系杂交稻,广东现代种业发展有限公司等,粤审稻20230063,粤审稻,20230063,恒香A,广东现代种业发展有限公司
湖北,华两优2816,华1228S×惠恢116,籼型两系杂交稻,武汉惠华三农种业有限公司,鄂审稻20220066,鄂审稻,20220066,华1228S,武汉惠华三农种业有限公司
广东,华航82号,华航丝苗/华航39号×华航油占/香银针,籼型常规稻,国家植物航天育种工程技术研究中心（华南农业大学）,粤审稻20230008,粤审稻,20230008,华航丝苗/华航39号,国家植物航天育种工程技术研究中心（华南农业大学）
广东,香龙优625,香龙A×中种恢625,籼型三系杂交稻,中国种子集团有限公司等,粤审稻20200077,粤审稻,20200077,香龙A,中国种子集团有限公司
广东,广矮占,粤抗1123×华粳籼1号/矮秀占,籼型常规稻,广东省农业科学院水稻研究所,粤审稻20200001,粤审稻,20200001,粤抗1123,广东省农业科学院水稻研究所
广东,原香优金丝苗,原香39A×金丝苗,籼型三系杂交稻,广西壮邦种业有限公司等,粤审稻20230062,粤审稻,20230062,原香39A,广西壮邦种业有限公司
广东,华优336,Y华农A×华恢336,籼型三系杂交稻,华南农业大学农学院,粤审稻2009010,粤审稻,2009010,Y华农A,华南农业大学农学院
广东,新粤华占,新粤占×新黄占/丰粤华占,籼型常规稻,广东省农业科学院水稻研究所,粤审稻20230007,粤审稻,20230007,新粤占,广东省农业科学院水稻研究所
湖北,荆楚D8A,D297A×荆楚D8B,籼型不育系,湖北荆楚种业股份有限公司,鄂审稻2006013,鄂审稻,2006013,D297A,湖北荆楚种业股份有限公司
广东,华优238,Y华农A×R238,籼型三系杂交稻,广东省肇庆市农业科学研究所等,粤审稻2006034,粤审稻,2006034,Y华农A,广东省肇庆市农业科学研究所
湖北,珈早620,浙辐218×早籼788,籼型常规稻,武汉国英种业有限责任公司,鄂审稻20210003,鄂审稻,20210003,浙辐218,武汉国英种业有限责任公司
广东,油占1号,粤综占×油粒占,籼型常规稻,佛山市农业科学研究所,粤审稻20210050,粤审稻,20210050,粤综占,佛山市农业科学研究所
湖北,A优338,A4A×R338,籼型三系杂交稻,黄冈市农业科学院,鄂审稻2009013,鄂审稻,2009013,A4A,黄冈市农业科学院
广东,金龙优6号,金龙A×中种恢6号,籼型三系杂交稻,中种华南(广州)种业有限公司,粤审稻20210077,粤审稻,20210077,金龙A,中种华南(广州)种业有限公司
广东,银恒优219,银恒A×R219,籼型三系杂交稻,广东粤良种业有限公司等,粤审稻20230061,粤审稻,20230061,银恒A,广东粤良种业有限公司
广东,峰软优久香占,峰软A×久香占,籼型三系杂交稻,广东天弘种业有限公司,粤审稻20230060,粤审稻,20230060,峰软A,广东天弘种业有限公司
广东,金科丝苗2号,美油占×黄广占,籼型常规稻,深圳市金谷美香实业有限公司,粤审稻20220087,粤审稻,20220087,美油占,深圳市金谷美香实业有限公司
广东,华优638,Y华农A×R638,籼型三系杂交稻,广东农作物杂种优势开发利用中心等,粤审稻2006033,粤审稻,2006033,Y华农A,广东农作物杂种优势开发利用中心
广东,恒泰优579,恒泰A×恒恢579,籼型三系杂交稻,广东现代种业发展有限公司,粤审稻20210076,粤审稻,20210076,恒泰A,广东现代种业发展有限公司
广东,新泰优1002,新泰A×广恢1002,籼型三系杂交稻,广东省金稻种业有限公司,粤审稻20210075,粤审稻,20210075,新泰A,广东省金稻种业有限公司
广东,凤枣丝苗2号,凤香丝苗×紫红稻,籼型常规稻,东莞市中堂凤冲水稻科研站,粤审稻20190086,粤审稻,20190086,凤香丝苗,东莞市中堂凤冲水稻科研站
广东,农两优62,农1S×茂恢62,籼型两系杂交稻,广东华茂高科种业有限公司,粤审稻2009009,粤审稻,2009009,农1S,广东华茂高科种业有限公司
广东,粤两优26,GD-5S×茂恢26,籼型两系杂交稻,广东华茂高科种业有限公司等,粤审稻2009008,粤审稻,2009008,GD-5S,广东华茂高科种业有限公司
湖北,臻丰优1615,臻丰A×R1615,籼型三系杂交稻,湖北惠民农业科技有限公司等,鄂审稻20220065,鄂审稻,20220065,臻丰A,湖北惠民农业科技有限公司
广东,创两优茉莉占,创5S×茉莉占,籼型两系杂交稻,湖南农大金农种业有限公司等,粤审稻20200076,粤审稻,20200076,创5S,湖南农大金农种业有限公司
广东,美两优软丝香,美香S×软丝香,籼型两系杂交稻,广东华农大种业有限公司等,粤审稻20230059,粤审稻,20230059,美香S,广东华农大种业有限公司
湖北,崇优华占,崇农A×华占,籼型三系杂交稻,武汉惠华三农种业有限公司等,鄂审稻20200072,鄂审稻,20200072,崇农A,武汉惠华三农种业有限公司
湖北,鄂晚17,春江03粳×9505,粳型常规稻,湖北省农业技术推广总站等,鄂审稻2006012,鄂审稻,2006012,春江03粳,湖北省农业技术推广总站
湖北,泰优鄂香丝苗,泰丰A×鄂香丝苗,籼型三系杂交稻,湖北荃银高科种业有限公司等,鄂审稻20210071,鄂审稻,20210071,泰丰A,湖北荃银高科种业有限公司
湖北,泓两优5848,泓92S×R5848,籼型两系杂交稻,湖北惠民农业科技有限公司等,鄂审稻20220064,鄂审稻,20220064,泓92S,湖北惠民农业科技有限公司
广东,禅山占,五山丝苗×小粒香,籼型常规稻,佛山市农业科学研究所,粤审稻20170001,粤审稻,20170001,五山丝苗,佛山市农业科学研究所
广东,特优161,龙特甫A×茂恢161,籼型三系杂交稻,广东华茂高科种业有限公司,粤审稻2009007,粤审稻,2009007,龙特甫A,广东华茂高科种业有限公司
湖北,两优036,03S×安选6号,籼型两系杂交稻,安微荃银农业高科技研究所,鄂审稻2008004,鄂审稻,2008004,03S,安微荃银农业高科技研究所
广东,籼莉占2号,丰莉丝苗×五山丝苗,籼型常规稻,佛山市农业科学研究所,粤审稻20210049,粤审稻,20210049,丰莉丝苗,佛山市农业科学研究所
广东,弘优3089,弘A×弘恢3089,籼型三系杂交稻,广东天弘种业有限公司,粤审稻20170061,粤审稻,20170061,弘A,广东天弘种业有限公司
广东,广8优104,广8A×客恢104,籼型三系杂交稻,梅州市农林科学院等,粤审稻20230058,粤审稻,20230058,广8A,梅州市农林科学院
广东,五丰优189,五丰A×金恢189,籼型三系杂交稻,广东省金稻种业有限公司,粤审稻2009006,粤审稻,2009006,五丰A,广东省金稻种业有限公司
广东,香龙优820,香龙A×中种恢820,籼型三系杂交稻,中国种子集团有限公司,粤审稻20210074,粤审稻,20210074,香龙A,中国种子集团有限公司
广东,广帝优1512,广帝A×HR1512,籼型三系杂交稻,广东省农业科学院水稻研究所等,粤审稻20230057,粤审稻,20230057,广帝A,广东省农业科学院水稻研究所
广东,泰优荔乡丝苗,泰丰A×荔乡丝苗,籼型三系杂交稻,广东省农业科学院水稻研究所等,粤审稻20230056,粤审稻,20230056,泰丰A,广东省农业科学院水稻研究所
广东,广惠丝苗,粤禾丝苗/新黄占×粤新银占,籼型常规稻,广东省农业科学院农业生物基因研究中心等,粤审稻20230006,粤审稻,20230006,粤禾丝苗/新黄占,广东省农业科学院农业生物基因研究中心
广东,协禾优1521,协禾A×广恢1521,籼型三系杂交稻,广东省农业科学院水稻研究所等,粤审稻20220093,粤审稻,20220093,协禾A,广东省农业科学院水稻研究所
广东,深两优326,深08S×R326,籼型两系杂交稻,湖南杂交水稻研究中心,粤审稻20220086,粤审稻,20220086,深08S,湖南杂交水稻研究中心
湖北,敦优972,敦957A×R72,籼型三系杂交稻,湖北荆楚种业科技有限公司,鄂审稻20200031,鄂审稻,20200031,敦957A,湖北荆楚种业科技有限公司
广东,禾莉丝苗6号,粤禾丝苗×粤莉占,籼型常规稻,广州市农业科学研究院,粤审稻20230005,粤审稻,20230005,粤禾丝苗,广州市农业科学研究院
广东,圳优21,圳A×R21,籼型三系杂交稻,广东兆华种业有限公司,粤审稻2016061,粤审稻,2016061,圳A,广东兆华种业有限公司
湖北,荣优698,荣丰A×R698,籼型三系杂交稻,江西农业大学农学院等,鄂审稻2009012,鄂审稻,2009012,荣丰A,江西农业大学农学院
广东,粤芽丝苗,Y39/美丝占//广新占×粤禾丝苗,籼型常规稻,广东省农业科学院水稻研究所,粤审稻20210048,粤审稻,20210048,Y39/美丝占//广新占,广东省农业科学院水稻研究所
广东,五优珍丝苗,五丰A×珍丝苗,籼型三系杂交稻,广东粤良种业有限公司,粤审稻20170060,粤审稻,20170060,五丰A,广东粤良种业有限公司
湖北,华两优2847,华1228S×R47,籼型两系杂交稻,武汉惠华三农种业有限公司,鄂审稻20200071,鄂审稻,20200071,华1228S,武汉惠华三农种业有限公司
湖北,荆楚优5572,荆楚814A×R1572,籼型三系杂交稻,湖北荆楚种业科技有限公司等,鄂审稻20210002,鄂审稻,20210002,荆楚814A,湖北荆楚种业科技有限公司
湖北,旱优73,沪旱7A×旱恢3号,籼型三系杂交稻,上海市农业生物基因中心等,鄂审稻20210001,鄂审稻,20210001,沪旱7A,上海市农业生物基因中心
广东,龙优766,龙A×泰766,籼型三系杂交稻,广东源泰农业科技有限公司,粤审稻2016060,粤审稻,2016060,龙A,广东源泰农业科技有限公司
广东,南珍占,五山丝苗/丰粤占×双珍丝苗,籼型常规稻,广东省农业科学院水稻研究所,粤审稻20210047,粤审稻,20210047,五山丝苗/丰粤占,广东省农业科学院水稻研究所
广东,香秀占,19香×象牙香占/五山秀占,籼型常规稻,广东省农业科学院水稻研究所,粤审稻20210073,粤审稻,20210073,19香,广东省农业科学院水稻研究所
广东,青香优丝苗,青香A×金青占,籼型三系杂交稻,袁氏种业高科技有限公司,粤审稻20210072,粤审稻,20210072,青香A,袁氏种业高科技有限公司
广东,增科新选丝苗1号,巴太香占,籼型常规稻,广州市增城区农业科学研究所,粤审稻20210071,粤审稻,20210071,巴太香占,广州市增城区农业科学研究所
湖北,金优1130,金23A×R1130,籼型三系杂交稻,湖北省种子集团公司,鄂审稻2006011,鄂审稻,2006011,金23A,湖北省种子集团公司
广东,南Ⅲ优698,南ⅢA×R698,籼型三系杂交稻,广东省农业科学院水稻研究所,粤审稻20230055,粤审稻,20230055,南ⅢA,广东省农业科学院水稻研究所
广东,泰优粤禾丝苗,泰丰A×粤禾丝苗,籼型三系杂交稻,广东省金稻种业有限公司等,粤审稻20190028,粤审稻,20190028,泰丰A,广东省金稻种业有限公司
湖北,恒丰优金丝占,恒丰A×金丝占,籼型三系杂交稻,重庆大爱种业有限公司,鄂审稻20200030,鄂审稻,20200030,恒丰A,重庆大爱种业有限公司
广东,吉丰优866,吉丰A×广恢866,籼型三系杂交稻,广东华茂高科种业有限公司等,粤审稻20230054,粤审稻,20230054,吉丰A,广东华茂高科种业有限公司
广东,金红丝苗,金航丝苗/华航油占×红荔丝苗/华航丝苗,籼型常规稻,华南农业大学国家植物航天育种工程技术研究中心,粤审稻20190085,粤审稻,20190085,金航丝苗/华航油占,华南农业大学国家植物航天育种工程技术研究中心
广东,深两优红3,深08S×广红3号,籼型两系杂交稻,广东省农业科学院水稻研究所,粤审稻20190084,粤审稻,20190084,深08S,广东省农业科学院水稻研究所
湖北,荆两优10号,荆楚118S×R10,籼型两系杂交稻,湖北荆楚种业股份有限公司,鄂审稻2008003,鄂审稻,2008003,荆楚118S,湖北荆楚种业股份有限公司
广东,粤禾优736,粤禾A×广恢736	,籼型三系杂交稻,广东华茂高科种业有限公司等,粤审稻20200075,粤审稻,20200075,粤禾A,广东华茂高科种业有限公司
广东,泰优2020,泰丰A×广恢2020,籼型三系杂交稻,广东省农业科学院水稻研究所,粤审稻20230053,粤审稻,20230053,泰丰A,广东省农业科学院水稻研究所
广东,和两优红宝,和620S×银红宝,籼型两系杂交稻,广东省农业科学院水稻研究所等,粤审稻20190083,粤审稻,20190083,和620S,广东省农业科学院水稻研究所
广东,华航67号,华航油占/粤油丝苗×丰莉丝苗/航香48号,籼型常规稻,国家植物航天育种工程技术研究中心（华南农业大学）,粤审稻20210070,粤审稻,20210070,华航油占/粤油丝苗,国家植物航天育种工程技术研究中心（华南农业大学）
广东,优优316,优ⅠA×汕恢316,籼型三系杂交稻,广东省汕头市农业科学研究所,粤审稻2006032,粤审稻,2006032,优ⅠA,广东省汕头市农业科学研究所
广东,五优油占,五丰A×黄广油占,籼型三系杂交稻,广东省农业科学院水稻研究所,粤审稻20170059,粤审稻,20170059,五丰A,广东省农业科学院水稻研究所
湖北,巨风优72,巨风A×宜恢72,籼型三系杂交稻,宜昌市农业科学研究所,鄂审稻2008002,鄂审稻,2008002,巨风A,宜昌市农业科学研究所
广东,白粳油占,粤恢9822×黄粳占,籼型常规稻,广东省农业科学院植物保护研究所,粤审稻20210069,粤审稻,20210069,粤恢9822,广东省农业科学院植物保护研究所
广东,五优466,五丰A×广恢466,籼型三系杂交稻,广东省农业科学院水稻研究所,粤审稻20170058,粤审稻,20170058,五丰A,广东省农业科学院水稻研究所
广东,广禾丝苗1号,黄广油占×粤禾丝苗,籼型常规稻,广州市农业科学研究院等,粤审稻20230004,粤审稻,20230004,黄广油占,广州市农业科学研究院
广东,香禾优583,香禾A×广恢583,籼型三系杂交稻,广东华茂高科种业有限公司等,粤审稻20230052,粤审稻,20230052,香禾A,广东华茂高科种业有限公司
广东,裕优黄占,裕A×金黄占,籼型三系杂交稻,广东鲜美种苗股份有限公司,粤审稻20170057,粤审稻,20170057,裕A,广东鲜美种苗股份有限公司
广东,天丰优316,天丰A×汕恢316,籼型三系杂交稻,汕头市农业科学研究所等,粤审稻2006031,粤审稻,2006031,天丰A,汕头市农业科学研究所
广东,华航72号,华航丝苗/黄广油占×华航38号,籼型常规稻,国家植物航天育种工程技术研究中心（华南农业大学）,粤审稻20210046,粤审稻,20210046,华航丝苗/黄广油占,国家植物航天育种工程技术研究中心（华南农业大学）
广东,和两优红3,和620S×广红3号,籼型两系杂交稻,广东省农业科学院水稻研究所,粤审稻20190082,粤审稻,20190082,和620S,广东省农业科学院水稻研究所
湖北,W两优3418,W9834S×鄂早18,籼型两系杂交稻,湖北省农业科学院粮食作物研究所,鄂审稻2008001,鄂审稻,2008001,W9834S,湖北省农业科学院粮食作物研究所
湖北,润香玉,鄂中5号×玉针香,籼型常规稻,湖北省农业科学院粮食作物研究所等,鄂审稻20220063,鄂审稻,20220063,鄂中5号,湖北省农业科学院粮食作物研究所
广东,香禾优226,香禾A×广恢226,籼型三系杂交稻,广东省农业科学院水稻研究所,粤审稻20230051,粤审稻,20230051,香禾A,广东省农业科学院水稻研究所
广东,南两优6号,南11S×扬稻6号,籼型两系杂交稻,广东省农业科学院水稻研究所,粤审稻20210068,粤审稻,20210068,南11S,广东省农业科学院水稻研究所
广东,吉丰优5522,吉丰A×粤良恢5522,籼型三系杂交稻,广东粤良种业有限公司等,粤审稻20210067,粤审稻,20210067,吉丰A,广东粤良种业有限公司
广东,金科1号,K17A×广超4号,籼型三系杂交稻,广东省农业科学院水稻研究所,粤审稻2006068,粤审稻,2006068,K17A,广东省农业科学院水稻研究所
广东,聚两优746,GD-7S×W746,籼型两系杂交稻,广东省农业科学院水稻研究所,粤审稻2009005,粤审稻,2009005,GD-7S,广东省农业科学院水稻研究所
湖北,全1S,广占63-4S×苯88S,籼型不育系,荆州市忠诚种业有限公司等,鄂审稻2015021,鄂审稻,2015021,广占63-4S,荆州市忠诚种业有限公司
广东,粤晶占2号,粤禾丝苗×黄广晶占,籼型常规稻,广东省农业科学院水稻研究所,粤审稻20230003,粤审稻,20230003,粤禾丝苗,广东省农业科学院水稻研究所
广东,广晶龙占,广晶农占×粤禾丝苗,籼型常规稻,广东省农业科学院水稻研究所,粤审稻20230002,粤审稻,20230002,广晶农占,广东省农业科学院水稻研究所
湖北,魅两优601,魅051S×YZ601,籼型两系杂交稻,湖北华之夏种子有限责任公司等,鄂审稻20200070,鄂审稻,20200070,魅051S,湖北华之夏种子有限责任公司
广东,巴禾丝苗,粤禾丝苗×巴太香占,籼型常规稻,广州市农业科学研究院,粤审稻20210045,粤审稻,20210045,粤禾丝苗,广州市农业科学研究院
湖北,圳优6377,圳A×R6377,籼型三系杂交稻,湖北省种子集团有限公司等,鄂审稻20206003,鄂审稻,20206003,圳A,湖北省种子集团有限公司
广东,晶两优3888,晶4155S×华恢3888,籼型两系杂交稻,湖南亚华种业科学研究院,粤审稻20210066,粤审稻,20210066,晶4155S,湖南亚华种业科学研究院
广东,五优84,五丰A×C84,籼型三系杂交稻,中国水稻研究所等,粤审稻2014032,粤审稻,2014032,五丰A,中国水稻研究所
广东,广8优305,广8A×广恢305,籼型三系杂交稻,广西兆和种业有限公司等,粤审稻20200074,粤审稻,20200074,广8A,广西兆和种业有限公司
湖北,润珠丝苗,五山丝苗/华占×华占,籼型常规稻,湖北中香农业科技股份有限公司,鄂审稻20210070,鄂审稻,20210070,五山丝苗/华占,湖北中香农业科技股份有限公司
广东,南红5号,粤红宝×茉莉丝苗,籼型常规稻,广东省农业科学院水稻研究所,粤审稻20190081,粤审稻,20190081,粤红宝,广东省农业科学院水稻研究所
广东,野优5522,野香A×粤良恢5522,籼型三系杂交稻,广东粤良种业有限公司等,粤审稻20190027,粤审稻,20190027,野香A,广东粤良种业有限公司
广东,黄丰广占,广软占×黄丰占,籼型常规稻,广东省农业科学院水稻研究所,粤审稻20230001,粤审稻,20230001,广软占,广东省农业科学院水稻研究所
广东,顺两优民占,顺农16S×民占,籼型两系杂交稻,广东华农大种业有限公司,粤审稻2016059,粤审稻,2016059,顺农16S,广东华农大种业有限公司
湖北,晚籼98,D0424S×明恢63,籼型常规稻,湖北省农业科学院粮食作物研究所等,鄂审稻2009011,鄂审稻,2009011,D0424S,湖北省农业科学院粮食作物研究所
湖北,荃优071,荃9311A×R071,籼型三系杂交稻,武汉惠华三农种业有限公司等,鄂审稻20200029,鄂审稻,20200029,荃9311A,武汉惠华三农种业有限公司
广东,桂晶油占,黄广莉占×桂晶丝苗,籼型常规稻,广东省农业科学院水稻研究所,粤审稻20200052,粤审稻,20200052,黄广莉占,广东省农业科学院水稻研究所
广东,广8优金占,广8A×金占,籼型三系杂交稻,广东省金稻种业有限公司等,粤审稻2014031,粤审稻,2014031,广8A,广东省金稻种业有限公司
广东,诚优5305,诚A×粤恢5305,籼型三系杂交稻,广东省金稻种业有限公司等,粤审稻20220092,粤审稻,20220092,诚A,广东省金稻种业有限公司
湖北,九优207,898A×先恢207,籼型三系杂交稻,湖南金健种业有限责任公司等,鄂审稻2006010,鄂审稻,2006010,898A,湖南金健种业有限责任公司
广东,粤晶丝苗2号,粤科占×五丰占/锦超丝苗,籼型常规稻,广东省农业科学院水稻研究所,粤审稻2006067,粤审稻,2006067,粤科占,广东省农业科学院水稻研究所
湖北,扬两优013,广占63S×R13,籼型两系杂交稻,江苏里下河地区农业科学研究所,鄂审稻2009010,鄂审稻,2009010,广占63S,江苏里下河地区农业科学研究所
广东,台农811,黄广油占×抗病粳籼占,籼型常规稻,台山市农业技术推广中心（台山市农业科学研究所）,粤审稻20210044,粤审稻,20210044,黄广油占,台山市农业技术推广中心（台山市农业科学研究所）
广东,安丰优3698,安丰A×广恢3698,籼型三系杂交稻,广东省农业科学院水稻研究所等,粤审稻2014030,粤审稻,2014030,安丰A,广东省农业科学院水稻研究所
广东,耕香优280,耕香A×恒恢280,籼型三系杂交稻,广东现代种业发展有限公司,粤审稻20220125,粤审稻,20220125,耕香A,广东现代种业发展有限公司
广东,和优1269,和丰A×R1269,籼型三系杂交稻,深圳兆农农业科技有限公司,粤审稻20190068,粤审稻,20190068,和丰A,深圳兆农农业科技有限公司
湖北,旺两优911,W115S×创恢911,籼型两系杂交稻,湖南袁创超级稻技术有限公司,鄂审稻20200028,鄂审稻,20200028,W115S,湖南袁创超级稻技术有限公司
湖北,谷优航1号,谷丰A×航1号,籼型三系杂交稻,福建省农业科学院水稻研究所,鄂审稻2007025,鄂审稻,2007025,谷丰A,福建省农业科学院水稻研究所
广东,龙丰优9802,龙丰A×粤恢9802,籼型三系杂交稻,广东粤良种业有限公司,粤审稻2016058,粤审稻,2016058,龙丰A,广东粤良种业有限公司
广东,裕优852,裕A×恒恢852,籼型三系杂交稻,广东恒昊农业有限公司,粤审稻20170056,粤审稻,20170056,裕A,广东恒昊农业有限公司
广东,粤莉占,粤银丝苗×丰秀占/黄莉占,籼型常规稻,广东省农业科学院水稻研究所,粤审稻2014029,粤审稻,2014029,粤银丝苗,广东省农业科学院水稻研究所
湖北,郢两优鄂丰丝苗,郢216S×鄂丰丝苗,籼型两系杂交稻,湖北荃银高科种业有限公司等,鄂审稻20200069,鄂审稻,20200069,郢216S,湖北荃银高科种业有限公司
广东,金隆优078,金隆A×G078,籼型三系杂交稻,广东鲜美种苗股份有限公司,粤审稻20220091,粤审稻,20220091,金隆A,广东鲜美种苗股份有限公司
广东,五丰优316,五丰A×汕恢316,籼型三系杂交稻,广东省汕头市农业科学研究所等,粤审稻2006030,粤审稻,2006030,五丰A,广东省汕头市农业科学研究所
广东,禅银丝苗,五山丝苗×早粳占,籼型常规稻,佛山市农业科学研究所,粤审稻20200051,粤审稻,20200051,五山丝苗,佛山市农业科学研究所
广东,青香优033,青香A×金香033,籼型三系杂交稻,广东鲜美种苗股份有限公司,粤审稻20200073,粤审稻,20200073,青香A,广东鲜美种苗股份有限公司
湖北,春两优华占,春6S×华占,籼型两系杂交稻,中国农业科学院作物科学研究所等,鄂审稻20200027,鄂审稻,20200027,春6S,中国农业科学院作物科学研究所
广东,广8优864,广8A×广恢864,籼型三系杂交稻,梅州市农林科学院,粤审稻20210065,粤审稻,20210065,广8A,梅州市农林科学院
广东,金龙优260,金龙A×中种恢260,籼型三系杂交稻,肇庆学院,粤审稻20210064,粤审稻,20210064,金龙A,肇庆学院
广东,野优珍丝苗,野香A×珍丝苗,籼型三系杂交稻,广东粤良种业有限公司,粤审稻20210063,粤审稻,20210063,野香A,广东粤良种业有限公司
广东,恒丰优158,恒丰A×广恢158,籼型三系杂交稻,广东粤良种业有限公司等,粤审稻20190026,粤审稻,20190026,恒丰A,广东粤良种业有限公司
广东,金隆优075,金隆A×G075,籼型三系杂交稻,广州市金粤生物科技有限公司,粤审稻20230050,粤审稻,20230050,金隆A,广州市金粤生物科技有限公司
湖北,两优303,鄂丰7S×R303,籼型两系杂交稻,湖北省种子集团有限公司,鄂审稻20206002,鄂审稻,20206002,鄂丰7S,湖北省种子集团有限公司
湖北,泰美占,华润2号×粤农丝苗,籼型常规稻,湖北鄂科华泰种业股份有限公司,鄂审稻20210069,鄂审稻,20210069,华润2号,湖北鄂科华泰种业股份有限公司
广东,五广丝苗,黄广丝苗×五山软占,籼型常规稻,广东省农业科学院水稻研究所,粤审稻20210043,粤审稻,20210043,黄广丝苗,广东省农业科学院水稻研究所
广东,华航玉占,华航油占//华航丝苗/黄软占×新丰占/玉香油占,籼型常规稻,国家植物航天育种工程技术研究中心（华南农业大学）,粤审稻20210042,粤审稻,20210042,华航油占//华航丝苗/黄软占,国家植物航天育种工程技术研究中心（华南农业大学）
广东,博Ⅱ优珍丝苗,博ⅡA×珍丝苗,籼型三系杂交稻,广东粤良种业有限公司,粤审稻20190025,粤审稻,20190025,博ⅡA,广东粤良种业有限公司
广东,合新丝苗,粤丰新占/合美占×粤禾丝苗,籼型常规稻,广东省农业科学院水稻研究所,粤审稻20200050,粤审稻,20200050,粤丰新占/合美占,广东省农业科学院水稻研究所
湖北,武育粳33号,武粳15/武运粳23号×南粳46,粳型常规稻,江苏（武进）水稻研究所等,鄂审稻2015020,鄂审稻,2015020,武粳15/武运粳23号,江苏（武进）水稻研究所
广东,金龙优2018,金龙A×中种恢2018,籼型三系杂交稻,中国种子集团有限公司三亚分公司等,粤审稻20190080,粤审稻,20190080,金龙A,中国种子集团有限公司三亚分公司
广东,天优3618,天丰A×广恢3618,籼型三系杂交稻,广东省农业科学院水稻研究所,粤审稻2009004,粤审稻,2009004,天丰A,广东省农业科学院水稻研究所
广东,济优6377,济A×R6377,籼型三系杂交稻,深圳市兆农农业科技有限公司等,粤审稻20190067,粤审稻,20190067,济A,深圳市兆农农业科技有限公司
广东,金航油占,金航丝苗×玉香油占,籼型常规稻,华南农业大学国家植物航天育种工程技术研究中心,粤审稻2014028,粤审稻,2014028,金航丝苗,华南农业大学国家植物航天育种工程技术研究中心
湖北,郢两优258,郢216S×R58,籼型两系杂交稻,湖北荃银高科种业有限公司,鄂审稻20200068,鄂审稻,20200068,郢216S,湖北荃银高科种业有限公司
广东,齐新占,美香占2号×粤新占2号,籼型常规稻,广东省农业科学院水稻研究所,粤审稻2006066,粤审稻,2006066,美香占2号,广东省农业科学院水稻研究所
广东,丰籼占,粤早占×丰粤占,籼型常规稻,佛山市农业科学研究所,粤审稻2014027,粤审稻,2014027,粤早占,佛山市农业科学研究所
广东,堆优6377,堆丰A×R6377,籼型三系杂交稻,深圳市兆农农业科技有限公司等,粤审稻20190066,粤审稻,20190066,堆丰A,深圳市兆农农业科技有限公司
广东,堆优1269,堆丰A×R1269,籼型三系杂交稻,深圳市兆农农业科技有限公司,粤审稻20190065,粤审稻,20190065,堆丰A,深圳市兆农农业科技有限公司
广东,美优9822,美A×粤恢9822,籼型三系杂交稻,广东省农业科学院植物保护研究所,粤审稻2016057,粤审稻,2016057,美A,广东省农业科学院植物保护研究所
广东,茂杂29,228S×茂恢29,籼型两系杂交稻,广东华茂高科种业有限公司,粤审稻2006065,粤审稻,2006065,228S,广东华茂高科种业有限公司
广东,黄软华占,黄软秀占×丰粤华占,籼型常规稻,广东省农业科学院水稻研究所,粤审稻20200049,粤审稻,20200049,黄软秀占,广东省农业科学院水稻研究所
广东,广泰优816,广泰A×广恢816,籼型三系杂交稻,广东省农业科学院水稻研究所,粤审稻20230049,粤审稻,20230049,广泰A,广东省农业科学院水稻研究所
广东,天优838,天丰A×辐恢838,籼型三系杂交稻,广东省农业科学院水稻研究所等,粤审稻2006064,粤审稻,2006064,天丰A,广东省农业科学院水稻研究所
湖北,长农粳1号,南粳46×武运粳23号/武香粳14号,粳型常规稻,长江大学等,鄂审稻2015019,鄂审稻,2015019,南粳46,长江大学
广东,粤禾丝苗,粤农丝苗×粤银丝苗,籼型常规稻,广东省农业科学院水稻研究所,粤审稻2014026,粤审稻,2014026,粤农丝苗,广东省农业科学院水稻研究所
广东,五山莉占,五山丝苗×黄莉占,籼型常规稻,广东省农业科学院水稻研究所,粤审稻2014025,粤审稻,2014025,五山丝苗,广东省农业科学院水稻研究所
广东,乐优190,乐5A×乐恢190,籼型三系杂交稻,创世纪种业有限公司等,粤审稻20220085,粤审稻,20220085,乐5A,创世纪种业有限公司
湖北,全优527,全丰A×蜀恢527,籼型三系杂交稻,福建省农业科学院水稻研究所等,鄂审稻2007024,鄂审稻,2007024,全丰A,福建省农业科学院水稻研究所
广东,红阳矮4号,红珍早1号/IR24×朝阳18号,籼型常规稻,华南农学院农学系,粤审稻1983002,粤审稻,1983002,红珍早1号/IR24,华南农学院农学系
广东,天优208,天丰A×广恢208,籼型三系杂交稻,广东省农业科学院水稻研究所,粤审稻2009003,粤审稻,2009003,天丰A,广东省农业科学院水稻研究所
广东,中昊优9822,MA17A×R9822,籼型三系杂交稻,广东恒昊农业有限公司,粤审稻20190064,粤审稻,20190064,MA17A,广东恒昊农业有限公司
广东,金龙优2877,金龙A×中种恢2877,籼型三系杂交稻,中国种子集团有限公司等,粤审稻20190079,粤审稻,20190079,金龙A,中国种子集团有限公司
湖北,D优781,D62A×蜀恢781,籼型三系杂交稻,四川农业大学水稻研究所,鄂审稻2009009,鄂审稻,2009009,D62A,四川农业大学水稻研究所
湖北,创两优303,创5S×R303,籼型两系杂交稻,湖北省种子集团有限公司等,鄂审稻20206001,鄂审稻,20206001,创5S,湖北省种子集团有限公司
湖北,益9A,巨风A×益9B,籼型不育系,黄冈市农业科学院等,鄂审稻20200096,鄂审稻,20200096,巨风A,黄冈市农业科学院
湖北,T优207,T98A×先恢207,籼型三系杂交稻,湖南杂交水稻研究中心,鄂审稻2006009,鄂审稻,2006009,T98A,湖南杂交水稻研究中心
广东,五粤占3号,五山丝苗×粤综占,籼型常规稻,广州市农业科学研究院等,粤审稻20170055,粤审稻,20170055,五山丝苗,广州市农业科学研究院
广东,博优691,博A×R691,籼型三系杂交稻,汕头市农业科学研究所,粤审稻2006029,粤审稻,2006029,博A,汕头市农业科学研究所
广东,裕优T95,裕A×恒恢T95,籼型三系杂交稻,广东现代金穗种业有限公司等,粤审稻20220084,粤审稻,20220084,裕A,广东现代金穗种业有限公司
广东,裕优033,裕A×金香033,籼型三系杂交稻,广东鲜美种苗股份有限公司,粤审稻20200072,粤审稻,20200072,裕A,广东鲜美种苗股份有限公司
湖北,美扬占,美香占2号/扬稻6号×美香占2号,籼型常规稻,武汉惠华三农种业有限公司,鄂审稻20210068,鄂审稻,20210068,美香占2号/扬稻6号,武汉惠华三农种业有限公司
广东,丰田优618,丰田1A×广恢618,籼型三系杂交稻,中国种子集团有限公司等,粤审稻2016056,粤审稻,2016056,丰田1A,中国种子集团有限公司
广东,恒丰优386,恒丰A×R386,籼型三系杂交稻,广东省粤良种业有限公司,粤审稻2013013,粤审稻,2013013,恒丰A,广东省粤良种业有限公司
广东,恒丰优215,恒丰A×R215,籼型三系杂交稻,湛江市广良种业有限公司,粤审稻2013012,粤审稻,2013012,恒丰A,湛江市广良种业有限公司
广东,深优9574,深95A×R5774,籼型三系杂交稻,清华大学深圳研究生院,粤审稻2013011,粤审稻,2013011,深95A,清华大学深圳研究生院
湖北,创两优412,创5S×R412,籼型两系杂交稻,湖北省种子集团有限公司等,鄂审稻20200026,鄂审稻,20200026,创5S,湖北省种子集团有限公司
湖北,Ⅱ优恩22,Ⅱ-32A×恩恢22,籼型三系杂交稻,恩施自治州农业科学院等,鄂审稻2007023,鄂审稻,2007023,Ⅱ-32A,恩施自治州农业科学院
广东,恒丰优222,恒丰A×粤良恢222,籼型三系杂交稻,广东粤良种业有限公司,粤审稻20190024,粤审稻,20190024,恒丰A,广东粤良种业有限公司
湖北,两优185,1892S×R85,籼型两系杂交稻,荆州市金龙发种业有限公司等,鄂审稻20200067,鄂审稻,20200067,1892S,荆州市金龙发种业有限公司
湖北,玺A,巨风A×玺B,籼型不育系,黄冈市农业科学院等,鄂审稻20200095,鄂审稻,20200095,巨风A,黄冈市农业科学院
广东,荣3优1002,荣3A×广恢1002,籼型三系杂交稻,中国种子集团有限公司等,粤审稻20190078,粤审稻,20190078,荣3A,中国种子集团有限公司
广东,中政华占699,粤中占×粤HP-1,籼型常规稻,广东中政农业有限公司邱伙利,粤审稻20230048,粤审稻,20230048,粤中占,广东中政农业有限公司邱伙利
广东,中发优9822,中发A×R9822,籼型三系杂交稻,广东现代种业发展有限公司等,粤审稻20220083,粤审稻,20220083,中发A,广东现代种业发展有限公司
广东,禾新占,黄软占/粤银丝苗×粤禾丝苗,籼型常规稻,广东省农业科学院水稻研究所,粤审稻20210041,粤审稻,20210041,黄软占/粤银丝苗,广东省农业科学院水稻研究所
广东,华优8305,Y华农A×华恢305,籼型三系杂交稻,华南农业大学农学院,粤审稻2006028,粤审稻,2006028,Y华农A,华南农业大学农学院
广东,天优528,天丰A×广恢528,籼型三系杂交稻,广东省农业科学院水稻研究所,粤审稻2009002,粤审稻,2009002,天丰A,广东省农业科学院水稻研究所
广东,丰田优116,丰田1A×R7116,籼型三系杂交稻,广东现代耕耘种业有限公司,粤审稻2016055,粤审稻,2016055,丰田1A,广东现代耕耘种业有限公司
广东,湛优226,湛A×HR226,籼型三系杂交稻,广东海洋大学农业生物技术研究所等,粤审稻2006027,粤审稻,2006027,湛A,广东海洋大学农业生物技术研究所
广东,天优4118,天丰A×广恢4118,籼型三系杂交稻,广东省金稻种业有限公司等,粤审稻2006063,粤审稻,2006063,天丰A,广东省金稻种业有限公司
湖北,华润挺占,R70124×华占,籼型常规稻,湖北农华农业科技有限公司等,鄂审稻20210067,鄂审稻,20210067,R70124,湖北农华农业科技有限公司
广东,特优3331,龙特甫A×粤良恢3331,籼型三系杂交稻,广东粤良种业有限公司,粤审稻20200048,粤审稻,20200048,龙特甫A,广东粤良种业有限公司
广东,恒丰优5511,恒丰A×粤良恢5511,籼型三系杂交稻,广东粤良种业有限公司,粤审稻20190023,粤审稻,20190023,恒丰A,广东粤良种业有限公司
广东,华航53号,华航油占×粤油丝苗,籼型常规稻,华南农业大学国家植物航天育种工程技术研究中心,粤审稻20170054,粤审稻,20170054,华航油占,华南农业大学国家植物航天育种工程技术研究中心
湖北,皖两优华占,皖2305S×华占,籼型两系杂交稻,湖北惠民农业科技有限公司等,鄂审稻20200066,鄂审稻,20200066,皖2305S,湖北惠民农业科技有限公司
湖北,谷优527,谷丰A×蜀恢527,籼型三系杂交稻,福建省农业科学院稻麦研究所,鄂审稻2007022,鄂审稻,2007022,谷丰A,福建省农业科学院稻麦研究所
广东,广九优098,广九A×G098,籼型三系杂交稻,广东省良种引进服务公司等,粤审稻20200047,粤审稻,20200047,广九A,广东省良种引进服务公司
广东,和两优332,和620S×R332,籼型两系杂交稻,清华大学深圳研究生院等,粤审稻2016054,粤审稻,2016054,和620S,清华大学深圳研究生院
广东,靓优香,新黄占/象牙香占×南桂占,籼型常规稻,广东粤良种业有限公司,粤审稻20220082,粤审稻,20220082,新黄占/象牙香占,广东粤良种业有限公司
广东,星优712,星A×R712,籼型三系杂交稻,广东源泰农业科技有限公司,粤审稻2013010,粤审稻,2013010,星A,广东源泰农业科技有限公司
湖北,仙两优757,仙沙7S×R57,籼型两系杂交稻,湖北联航农业科技有限公司等,鄂审稻20200025,鄂审稻,20200025,仙沙7S,湖北联航农业科技有限公司
广东,合莉美占,粤丰新占/合美占×合莉油占,籼型常规稻,广东省农业科学院水稻研究所,粤审稻20210040,粤审稻,20210040,粤丰新占/合美占,广东省农业科学院水稻研究所
湖北,崇农A,金23A×崇农B,籼型不育系,武汉惠华三农种业有限公司,鄂审稻20200094,鄂审稻,20200094,金23A,武汉惠华三农种业有限公司
湖北,Q优6号,Q2A×R1005,籼型三系杂交稻,重庆市种子公司,鄂审稻2006008,鄂审稻,2006008,Q2A,重庆市种子公司
广东,荆楚优8648,荆楚814A×中种恢8648,籼型三系杂交稻,中国种子集团公司,粤审稻2009001,粤审稻,2009001,荆楚814A,中国种子集团公司
广东,桂晶丝苗,粤晶丝苗2号×桂农占,籼型常规稻,广东省农业科学院水稻研究所,粤审稻2014024,粤审稻,2014024,粤晶丝苗2号,广东省农业科学院水稻研究所
湖北,N2优28,N2A×R99-28,籼型三系杂交稻,湖北荆楚种业股份有限公司,鄂审稻2006007,鄂审稻,2006007,N2A,湖北荆楚种业股份有限公司
湖北,Y两优555,Y58S×Q555,籼型两系杂交稻,长沙长龙生物科技有限公司,鄂审稻2009008,鄂审稻,2009008,Y58S,长沙长龙生物科技有限公司
广东,深两优121,深08S×5PB121,籼型两系杂交稻,中国农业科学院深圳农业基因组研究所等,粤审稻20190077,粤审稻,20190077,深08S,中国农业科学院深圳农业基因组研究所
湖北,金科1A,金23A×金科1B,籼型不育系,武汉金科生物技术有限公司,鄂审稻2007021,鄂审稻,2007021,金23A,武汉金科生物技术有限公司
广东,东红6号,粤红宝×新黄占,籼型常规稻,广东省农业科学院农业生物基因研究中心,粤审稻20230047,粤审稻,20230047,粤红宝,广东省农业科学院农业生物基因研究中心
广东,江航丝苗,华航35号,籼型常规稻,江门市农业科学研究所等,粤审稻20170053,粤审稻,20170053,华航35号,江门市农业科学研究所
湖北,华夏香丝,农香32×粤抗1122,籼型常规稻,湖北华之夏种子有限责任公司等,鄂审稻20210066,鄂审稻,20210066,农香32,湖北华之夏种子有限责任公司
湖北,苯两优9号,苯88S×赛恢9号,籼型两系杂交稻,湖北长江屯玉种业有限公司,鄂审稻2006006,鄂审稻,2006006,苯88S,湖北长江屯玉种业有限公司
湖北,长农2A,金23A×长农2B,籼型不育系,长江大学主要粮食作物产业化湖北省协同创新中心,鄂审稻20200093,鄂审稻,20200093,金23A,长江大学主要粮食作物产业化湖北省协同创新中心
广东,星优135,星A×泰135,籼型三系杂交稻,广东源泰农业科技有限公司,粤审稻20220090,粤审稻,20220090,星A,广东源泰农业科技有限公司
湖北,鄂粳403,武大99155×闵恢128/3402,粳型常规稻,湖北省农业科学院粮食作物研究所,鄂审稻2015018,鄂审稻,2015018,武大99155,湖北省农业科学院粮食作物研究所
广东,博Ⅱ优815,博ⅡA×R815,籼型三系杂交稻,广西博白县农业科学研究所,粤审稻2006026,粤审稻,2006026,博ⅡA,广西博白县农业科学研究所
广东,吉丰优512,吉丰A×W512,籼型三系杂交稻,广东省农业科学院水稻研究所等,粤审稻2013009,粤审稻,2013009,吉丰A,广东省农业科学院水稻研究所
广东,华航香银针,航香银针米×华航39号/黄广油占,籼型常规稻,国家植物航天育种工程技术研究中心（华南农业大学）,粤审稻20220081,粤审稻,20220081,航香银针米,国家植物航天育种工程技术研究中心（华南农业大学）
广东,旺两优959,W115S×创恢959,籼型两系杂交稻,湖南袁创超级稻技术有限公司,粤审稻20190022,粤审稻,20190022,W115S,湖南袁创超级稻技术有限公司
湖北,屯3A,Ⅱ-32A×8077S/Ⅱ-32B//Ⅱ-32B,籼型不育系,湖北长江屯玉种业有限公司,鄂审稻2007020,鄂审稻,2007020,Ⅱ-32A,湖北长江屯玉种业有限公司
广东,丰田优1179,丰田1A×航恢1179,籼型三系杂交稻,国家植物航天育种工程技术研究中心（华南农业大学）,粤审稻2016053,粤审稻,2016053,丰田1A,国家植物航天育种工程技术研究中心（华南农业大学）
广东,五丰优128,五丰A×广恢128,籼型三系杂交稻,广东省农业科学院水稻研究所等,粤审稻2006062,粤审稻,2006062,五丰A,广东省农业科学院水稻研究所
广东,粤桂占2号,粤禾丝苗×桂晶丝苗,籼型常规稻,广东省农业科学院水稻研究所,粤审稻20210039,粤审稻,20210039,粤禾丝苗,广东省农业科学院水稻研究所
广东,南晶香占,南晶占×象牙香占,籼型常规稻,广东省农业科学院水稻研究所等,粤审稻20200071,粤审稻,20200071,南晶占,广东省农业科学院水稻研究所
广东,禾粳占7号,粤禾丝苗×粳籼89,籼型常规稻,广州市农业科学研究院等,粤审稻20190021,粤审稻,20190021,粤禾丝苗,广州市农业科学研究院
湖北,珞优8号,珞红3A×R8108,籼型三系杂交稻,武汉大学,鄂审稻2006005,鄂审稻,2006005,珞红3A,武汉大学
广东,黄秀丝苗,丰莉丝苗×黄秀占,籼型常规稻,广东省农业科学院水稻研究所,粤审稻2014023,粤审稻,2014023,丰莉丝苗,广东省农业科学院水稻研究所
广东,深优9734,深97A×R2134,籼型三系杂交稻,国家杂交水稻工程技术研究中心清华深圳龙岗研究所,粤审稻2008058,粤审稻,2008058,深97A,国家杂交水稻工程技术研究中心清华深圳龙岗研究所
广东,丰田优553,丰田1A×桂恢553,籼型三系杂交稻,广西农业科学院水稻研究所,粤审稻2016052,粤审稻,2016052,丰田1A,广西农业科学院水稻研究所
广东,协禾优6355,协禾A×广恢6355,籼型三系杂交稻,广东省农业科学院水稻研究所,粤审稻20230046,粤审稻,20230046,协禾A,广东省农业科学院水稻研究所
广东,香禾优6355,香禾A×广恢6355,籼型三系杂交稻,广东省农业科学院水稻研究所等,粤审稻20230045,粤审稻,20230045,香禾A,广东省农业科学院水稻研究所
广东,培杂丰占,培矮64S×丰占,籼型两系杂交稻,广东粤良种业有限公司,粤审稻2006025,粤审稻,2006025,培矮64S,广东粤良种业有限公司
广东,中映优852,中映A×恒恢852,籼型三系杂交稻,广东现代耕耘种业有限公司,粤审稻20190063,粤审稻,20190063,中映A,广东现代耕耘种业有限公司
湖北,鄂糯优91,鄂糯19A×糯恢11,粳型三系杂交稻,湖北中香农业科技股份有限公司等,鄂审稻2015017,鄂审稻,2015017,鄂糯19A,湖北中香农业科技股份有限公司
广东,耕香优792,耕香A×恒恢792,籼型三系杂交稻,广东恒昊农业有限公司,粤审稻20200070,粤审稻,20200070,耕香A,广东恒昊农业有限公司
湖北,荆楚15A,珍汕97A×冈46B/地谷B,籼型不育系,湖北荆楚种业股份有限公司,鄂审稻2007019,鄂审稻,2007019,珍汕97A,湖北荆楚种业股份有限公司
广东,五丰优9802,五丰A×粤恢9802,籼型三系杂交稻,广东省农业科学院植物保护研究所等,粤审稻2013008,粤审稻,2013008,五丰A,广东省农业科学院植物保护研究所
广东,隆8优丝苗,隆8A×黄粤丝苗,籼型三系杂交稻,袁隆平农业高科技股份有限公司等,粤审稻20190076,粤审稻,20190076,隆8A,袁隆平农业高科技股份有限公司
广东,深两优828,深08S×R6228,籼型两系杂交稻,深圳市兆农农业科技有限公司,粤审稻2016051,粤审稻,2016051,深08S,深圳市兆农农业科技有限公司
广东,博优7160,博A×R7160,籼型三系杂交稻,肇庆市农业科学研究所等,粤审稻2008057,粤审稻,2008057,博A,肇庆市农业科学研究所
广东,博优6636,博A×中种恢6636,籼型三系杂交稻,三亚中种种业有限公司,粤审稻2008056,粤审稻,2008056,博A,三亚中种种业有限公司
湖北,培两优3076,培矮64S×R3076,籼型两系杂交稻,湖北省农业科学院粮食作物研究所,鄂审稻2006004,鄂审稻,2006004,培矮64S,湖北省农业科学院粮食作物研究所
广东,玉晶软占,玉晶占×黄莉占/粤广丝苗,籼型常规稻,广东省农业科学院水稻研究所,粤审稻2014022,粤审稻,2014022,玉晶占,广东省农业科学院水稻研究所
广东,中9优115,中9A×R115,籼型三系杂交稻,广东省农作物杂种优势开发利用中心等,粤审稻2008055,粤审稻,2008055,中9A,广东省农作物杂种优势开发利用中心
广东,华优16,Y华农A×R16,籼型三系杂交稻,广东省农作物杂种优势开发利用中心等,粤审稻2008054,粤审稻,2008054,Y华农A,广东省农作物杂种优势开发利用中心
广东,中9优601,中9A×R601,籼型三系杂交稻,海南神农大丰种业科技股份有限公司,粤审稻2008053,粤审稻,2008053,中9A,海南神农大丰种业科技股份有限公司
广东,广泰优611,广泰A×恢611,籼型三系杂交稻,广东天弘种业有限公司等,粤审稻20230044,粤审稻,20230044,广泰A,广东天弘种业有限公司
广东,宏优619,宏A×R619,籼型三系杂交稻,湛江神禾生物技术有限公司,粤审稻2008052,粤审稻,2008052,宏A,湛江神禾生物技术有限公司
广东,博优双青,博A×信恢双青,籼型三系杂交稻,信宜市农业科学研究所,粤审稻2008051,粤审稻,2008051,博A,信宜市农业科学研究所
广东,七黄占5号,七粳占×黄丝占,籼型常规稻,广州市农业科学研究院、广州乾农农业科技发展有限公司,粤审稻20210038,粤审稻,20210038,七粳占,广州市农业科学研究院、广州乾农农业科技发展有限公司
湖北,粤优9号,粤泰A×珞恢9号,籼型三系杂交稻,武汉大学生命科学学院,鄂审稻2006003,鄂审稻,2006003,粤泰A,武汉大学生命科学学院
广东,天优103,天丰A×金恢103,籼型三系杂交稻,广东省金稻种业有限公司,粤审稻2006061,粤审稻,2006061,天丰A,广东省金稻种业有限公司
广东,群优196,群A×泰196,籼型三系杂交稻,广东源泰农业科技有限公司,粤审稻20200046,粤审稻,20200046,群A,广东源泰农业科技有限公司
湖北,A优442,A4A×GR442,籼型三系杂交稻,黄冈市农业科学院,鄂审稻2015016,鄂审稻,2015016,A4A,黄冈市农业科学院
广东,金丝优晶占,金丝A×金晶占,籼型三系杂交稻,广东天之源农业科技有限公司,粤审稻20230043,粤审稻,20230043,金丝A,广东天之源农业科技有限公司
广东,华优651,Y华农A×R651,籼型三系杂交稻,广东农作物杂种优势开发利用中心等,粤审稻2006024,粤审稻,2006024,Y华农A,广东农作物杂种优势开发利用中心
广东,谷优1263,谷丰A×弘优1263,籼型三系杂交稻,广东天弘种业有限公司等,粤审稻2016050,粤审稻,2016050,谷丰A,广东天弘种业有限公司
广东,中映优161,中映A×恒恢161,籼型三系杂交稻,广东现代耕耘种业有限公司,粤审稻20190062,粤审稻,20190062,中映A,广东现代耕耘种业有限公司
广东,玖两优黄莉占,33S×黄莉占,籼型两系杂交稻,湖南隆平种业有限公司等,粤审稻20190075,粤审稻,20190075,33S,湖南隆平种业有限公司
广东,南13优698,南13A×R698,籼型三系杂交稻,广东省农业科学院水稻研究所,粤审稻20230042,粤审稻,20230042,南13A,广东省农业科学院水稻研究所
广东,协禾优1036,协禾A×广恢1036,籼型三系杂交稻,广东省农业科学院水稻研究所,粤审稻20230041,粤审稻,20230041,协禾A,广东省农业科学院水稻研究所
湖北,魅两优黄丝苗,魅051S×黄丝苗,籼型两系杂交稻,湖北华之夏种子有限责任公司,鄂审稻20200065,鄂审稻,20200065,魅051S,湖北华之夏种子有限责任公司
广东,双黄占,黄广软占×黄广华占1号,籼型常规稻,广东省农业科学院水稻研究所,粤审稻20210037,粤审稻,20210037,黄广软占,广东省农业科学院水稻研究所
广东,珍优9822,珍丰A×粤恢9822,籼型三系杂交稻,广州南国农业有限公司,粤审稻2015054,粤审稻,2015054,珍丰A,广州南国农业有限公司
广东,粤杂2004,GD-1S×MR2004,籼型两系杂交稻,广东华茂高科种业有限公司,粤审稻2004015,粤审稻,2004015,GD-1S,广东华茂高科种业有限公司
广东,银丰优华占,银丰A×华占,籼型三系杂交稻,广东粤良种业有限公司等,粤审稻2014021,粤审稻,2014021,银丰A,广东粤良种业有限公司
湖北,两优1528,15S×Q28,籼型两系杂交稻,湖北省农业科学院粮食作物研究所等,鄂审稻2009007,鄂审稻,2009007,15S,湖北省农业科学院粮食作物研究所
广东,培杂88,培矮64S×航恢88,籼型两系杂交稻,华南农业大学植物航天育种研究中心,粤审稻2006060,粤审稻,2006060,培矮64S,华南农业大学植物航天育种研究中心
湖北,郢香丝苗,YR0822×鄂丰丝苗/美香占2号,籼型常规稻,湖北荃银高科种业有限公司,鄂审稻20210065,鄂审稻,20210065,YR0822,湖北荃银高科种业有限公司
湖北,甬优8号,甬粳3号A×K6876,粳型三系杂交稻,宁波市农业科学研究院作物研究所等,鄂审稻2007018,鄂审稻,2007018,甬粳3号A,宁波市农业科学研究院作物研究所
广东,恒丰优3550,恒丰A×R3550,籼型三系杂交稻,湛江市农业科学研究院等,粤审稻2015053,粤审稻,2015053,恒丰A,湛江市农业科学研究院
广东,象竹香丝苗,竹稻7号×象牙香占,籼型常规稻,广东省农业科学院水稻研究所,粤审稻20210036,粤审稻,20210036,竹稻7号,广东省农业科学院水稻研究所
广东,荣优390,荣丰A×广恢390,籼型三系杂交稻,广东省农业科学院水稻研究所,粤审稻2008050,粤审稻,2008050,荣丰A,广东省农业科学院水稻研究所
广东,Y两优098,Y58S×G098,籼型两系杂交稻,广东天之源农业科技有限公司,粤审稻20190061,粤审稻,20190061,Y58S,广东天之源农业科技有限公司
广东,广泰优天弘丝苗,广泰A×天弘丝苗,籼型三系杂交稻,广东天弘种业有限公司等,粤审稻20190060,粤审稻,20190060,广泰A,广东天弘种业有限公司
广东,万金优366,万金A×恢366,籼型三系杂交稻,广东海洋大学农学院等,粤审稻2015052,粤审稻,2015052,万金A,广东海洋大学农学院
广东,金稻优618,金稻13A×广恢618,籼型三系杂交稻,广东省农业科学院水稻研究所等,粤审稻2015051,粤审稻,2015051,金稻13A,广东省农业科学院水稻研究所
广东,悦两优8549,华悦468S×华恢8549,籼型两系杂交稻,袁隆平农业高科技股份有限公司等,粤审稻20230040,粤审稻,20230040,华悦468S,袁隆平农业高科技股份有限公司
广东,华优665,Y华农A×R665,籼型三系杂交稻,广东农作物杂种优势开发利用中心等,粤审稻2006023,粤审稻,2006023,Y华农A,广东农作物杂种优势开发利用中心
湖北,C两优396,C815S×R396,籼型两系杂交稻,湖南农业大学水稻科学研究所,鄂审稻2009006,鄂审稻,2009006,C815S,湖南农业大学水稻科学研究所
广东,隆优丝苗,隆香634A×黄粤丝苗,籼型三系杂交稻,袁隆平农业高科技股份有限公司等,粤审稻20190074,粤审稻,20190074,隆香634A,袁隆平农业高科技股份有限公司
广东,二广香占3号,五广占×广丰香8号,籼型常规稻,广州市农业科学研究院等,粤审稻20200069,粤审稻,20200069,五广占,广州市农业科学研究院
广东,恒丰优油香,恒丰A×广恢油香,籼型三系杂交稻,中国农业科学院深圳农业基因组研究所等,粤审稻20210035,粤审稻,20210035,恒丰A,中国农业科学院深圳农业基因组研究所
广东,Ⅱ优916,Ⅱ-32A×R916,籼型三系杂交稻,海南神农大丰种业科技股份有限公司,粤审稻2015050,粤审稻,2015050,Ⅱ-32A,海南神农大丰种业科技股份有限公司
广东,深香优6615,深香A×R6615,籼型三系杂交稻,深圳市兆农农业科技有限公司,粤审稻20220080,粤审稻,20220080,深香A,深圳市兆农农业科技有限公司
广东,特优7116,龙特浦A×R7116,籼型三系杂交稻,紫金兆农两系杂交水稻研发中心,粤审稻2014020,粤审稻,2014020,龙特浦A,紫金兆农两系杂交水稻研发中心
广东,天优428,天丰A×广恢428,籼型三系杂交稻,广东省农业科学院水稻研究所,粤审稻2006022,粤审稻,2006022,天丰A,广东省农业科学院水稻研究所
湖北,广两优香66,广占63-4S×香恢66,籼型两系杂交稻,湖北省农业技术推广总站等,鄂审稻2009005,鄂审稻,2009005,广占63-4S,湖北省农业技术推广总站
广东,航1两优1378,航1S×航恢1378,籼型两系杂交稻,国家植物航天育种工程技术研究中心（华南农业大学）,粤审稻20230039,粤审稻,20230039,航1S,国家植物航天育种工程技术研究中心（华南农业大学）
湖北,荃晶丝苗,五山丝苗×鄂丰丝苗,籼型常规稻,湖北荃银高科种业有限公司,鄂审稻20210064,鄂审稻,20210064,五山丝苗,湖北荃银高科种业有限公司
广东,隆优1212,隆香634A×R1212,籼型三系杂交稻,袁隆平农业高科技股份有限公司等,粤审稻20190073,粤审稻,20190073,隆香634A,袁隆平农业高科技股份有限公司
广东,广泰优秋占,广泰A×秋占,籼型三系杂交稻,广东天弘种业有限公司等,粤审稻20190059,粤审稻,20190059,广泰A,广东天弘种业有限公司
湖北,黄华占,黄新占×丰华占,籼型常规稻,广东省农业科学院水稻研究所,鄂审稻2007017,鄂审稻,2007017,黄新占,广东省农业科学院水稻研究所
广东,天优382,天丰A×广恢382,籼型三系杂交稻,广东省农业科学院水稻研究所,粤审稻2008049,粤审稻,2008049,天丰A,广东省农业科学院水稻研究所
广东,中泰优玉占,中泰A×粤恢玉占,籼型三系杂交稻,广东省农业科学院植物保护研究所等,粤审稻20230038,粤审稻,20230038,中泰A,广东省农业科学院植物保护研究所
广东,金隆优018,金隆A×DDL-018,籼型三系杂交稻,广州市金粤生物科技有限公司,粤审稻20230037,粤审稻,20230037,金隆A,广州市金粤生物科技有限公司
广东,谷优460,谷丰A×弘恢460,籼型三系杂交稻,广东天弘种业有限公司等,粤审稻20190058,粤审稻,20190058,谷丰A,广东天弘种业有限公司
广东,兴两优3089,兴农S×弘恢3089,籼型两系杂交稻,广东天弘种业有限公司,粤审稻20190057,粤审稻,20190057,兴农S,广东天弘种业有限公司
广东,韵两优633,韵2013S×R633,籼型两系杂交稻,袁隆平农业高科技股份有限公司等,粤审稻20190072,粤审稻,20190072,韵2013S,袁隆平农业高科技股份有限公司
广东,昌盛优粤农丝苗,昌盛843A×粤农丝苗,籼型三系杂交稻,北京金色农华种业科技股份有限公司等,粤审稻20190071,粤审稻,20190071,昌盛843A,北京金色农华种业科技股份有限公司
广东,软华优金丝,G软华A×金丝占,籼型三系杂交稻,广东华农大种业有限公司等,粤审稻20200068,粤审稻,20200068,G软华A,广东华农大种业有限公司
广东,Y两优087,Y58S×R087,籼型两系杂交稻,南宁市沃德农作物研究所等,粤审稻2015049,粤审稻,2015049,Y58S,南宁市沃德农作物研究所
广东,增香优南香占,增香A×南香占,籼型三系杂交稻,广东华农大种业有限公司,粤审稻20220079,粤审稻,20220079,增香A,广东华农大种业有限公司
广东,天弘优1214,天弘A×恢1214,籼型三系杂交稻,广东海洋大学等,粤审稻20230036,粤审稻,20230036,天弘A,广东海洋大学
广东,Y两优7号,Y58S×R163,籼型两系杂交稻,湖南杂交水稻研究中心,粤审稻2014019,粤审稻,2014019,Y58S,湖南杂交水稻研究中心
湖北,泸香优8691,泸香618A×R3691,籼型三系杂交稻,湖北荆楚种业股份有限公司等,鄂审稻2015015,鄂审稻,2015015,泸香618A,湖北荆楚种业股份有限公司
广东,天优2168,天丰A×广恢2168,籼型三系杂交稻,广东省农业科学院水稻研究所,粤审稻2006021,粤审稻,2006021,天丰A,广东省农业科学院水稻研究所
广东,双桂1号,桂阳矮C17×桂朝2号,籼型常规稻,广东省农业科学院水稻研究所,粤审稻1983001,粤审稻,1983001,桂阳矮C17,广东省农业科学院水稻研究所
湖北,皖稻153,1892S×RH003,籼型两系杂交稻,安徽省农业科学院水稻研究所,鄂审稻2009004,鄂审稻,2009004,1892S,安徽省农业科学院水稻研究所
广东,五优308,五丰A×广恢308,籼型三系杂交稻,广东省农业科学院水稻研究所,粤审稻2006059,粤审稻,2006059,五丰A,广东省农业科学院水稻研究所
广东,和两优312,和620S×R5312,籼型两系杂交稻,广东兆华种业有限公司,粤审稻2015048,粤审稻,2015048,和620S,广东兆华种业有限公司
广东,永丰优8653,永丰A×R8653,籼型三系杂交稻,广东粤良种业有限公司,粤审稻2016049,粤审稻,2016049,永丰A,广东粤良种业有限公司
湖北,Ⅱ优1104,Ⅱ-32A×R1104,籼型三系杂交稻,定远双丰农业科学研究中心,鄂审稻2009003,鄂审稻,2009003,Ⅱ-32A,定远双丰农业科学研究中心
湖北,鄂香丝苗,鄂丰丝苗×美香占2号,籼型常规稻,湖北荃银高科种业有限公司,鄂审稻20210063,鄂审稻,20210063,鄂丰丝苗,湖北荃银高科种业有限公司
广东,玉两优红宝,玉S×银红宝,籼型两系杂交稻,广东省农业科学院水稻研究所等,粤审稻2014018,粤审稻,2014018,玉S,广东省农业科学院水稻研究所
广东,五丰优2168,五丰A×广恢2168,籼型三系杂交稻,广东省农业科学院水稻研究所等,粤审稻2008048,粤审稻,2008048,五丰A,广东省农业科学院水稻研究所
广东,博Ⅱ优青占,博ⅡA×金青占,籼型三系杂交稻,广东鲜美种苗股份有限公司,粤审稻20190056,粤审稻,20190056,博ⅡA,广东鲜美种苗股份有限公司
广东,深95优华占,深95A×华占,籼型三系杂交稻,江西先农种业有限公司等,粤审稻2014017,粤审稻,2014017,深95A,江西先农种业有限公司
广东,广10优2156,广10A×内香恢2156,籼型三系杂交稻,广东省农业科学院水稻研究所等,粤审稻20200067,粤审稻,20200067,广10A,广东省农业科学院水稻研究所
广东,恒丰优粤禾丝苗,恒丰A×粤禾丝苗,籼型三系杂交稻,清远市农业科技推广服务中心（清远市农业科学研究所）等,粤审稻20190070,粤审稻,20190070,恒丰A,清远市农业科技推广服务中心（清远市农业科学研究所）
广东,培杂163,培矮64S×粤恢163,籼型两系杂交稻,广东省农业科学院水稻研究所,粤审稻2006020,粤审稻,2006020,培矮64S,广东省农业科学院水稻研究所
湖北,清-1S,培矮64S/湘早籼1号×Y58S/H076,籼型不育系,湖北省种子集团有限公司等,鄂审稻20200092,鄂审稻,20200092,培矮64S/湘早籼1号,湖北省种子集团有限公司
广东,金香优360,金香A×R360,籼型三系杂交稻,中国种子集团有限公司等,粤审稻20230035,粤审稻,20230035,金香A,中国种子集团有限公司
湖北,武香988,武香A×珞988,籼型三系杂交稻,武汉大学生命科学学院,鄂审稻2007016,鄂审稻,2007016,武香A,武汉大学生命科学学院
广东,五优321,五丰A×广恢321,籼型三系杂交稻,广东省农业科学院水稻研究所等,粤审稻2013007,粤审稻,2013007,五丰A,广东省农业科学院水稻研究所
广东,耕香优荔丝苗,耕香A×恒恢荔香丝苗,籼型三系杂交稻,湖南大地种业有限责任公司等,粤审稻20210034,粤审稻,20210034,耕香A,湖南大地种业有限责任公司
湖北,中9优2040,中9A×富恢2040,籼型三系杂交稻,湖北富悦农业科学研究所,鄂审稻2009002,鄂审稻,2009002,中9A,湖北富悦农业科学研究所
广东,米岗油占,五山丝苗×常恢117/汕恢316,籼型常规稻,广东现代种业发展有限公司,粤审稻20190020,粤审稻,20190020,五山丝苗,广东现代种业发展有限公司
湖北,D优33,荆楚D8A×R9-33,籼型三系杂交稻,湖北荆楚种业股份有限公司,鄂审稻2006002,鄂审稻,2006002,荆楚D8A,湖北荆楚种业股份有限公司
湖北,银两优822,银58S×YR0822,籼型两系杂交稻,湖北荃银高科种业有限公司等,鄂审稻20200064,鄂审稻,20200064,银58S,湖北荃银高科种业有限公司
广东,江农香占1号,金农丝苗×粤晶丝苗2号//万香油占,籼型常规稻,江门市农业科学研究所,粤审稻20220078,粤审稻,20220078,金农丝苗,江门市农业科学研究所
湖北,川谷优8784,川谷A×R8784,籼型三系杂交稻,四川省绿丹种业有限责任公司,鄂审稻2015014,鄂审稻,2015014,川谷A,四川省绿丹种业有限责任公司
广东,中映优166,中映A×R166,籼型三系杂交稻,广东现代种业发展有限公司等,粤审稻20200045,粤审稻,20200045,中映A,广东现代种业发展有限公司
广东,天优196,天丰A×金恢196,籼型三系杂交稻,广东省金稻种业有限公司,粤审稻2008047,粤审稻,2008047,天丰A,广东省金稻种业有限公司
广东,莉香占,19香×合莉油占/粤农丝苗,籼型常规稻,广东省农业科学院水稻研究所等,粤审稻20200066,粤审稻,20200066,19香,广东省农业科学院水稻研究所
湖北,荃优鄂晶丝苗,荃9311A×鄂晶丝苗,籼型三系杂交稻,湖北荃银高科种业有限公司等,鄂审稻20200063,鄂审稻,20200063,荃9311A,湖北荃银高科种业有限公司
广东,中研优519,中1A×泰519,籼型三系杂交稻,广东源泰农业科技有限公司等,粤审稻2014016,粤审稻,2014016,中1A,广东源泰农业科技有限公司
广东,19香,固广占×象牙香占,籼型常规稻,广东省农业科学院水稻研究所,粤审稻20200065,粤审稻,20200065,固广占,广东省农业科学院水稻研究所
广东,天优308,天丰A×广恢308,籼型三系杂交稻,广东省农业科学院水稻研究所,粤审稻2006019,粤审稻,2006019,天丰A,广东省农业科学院水稻研究所
广东,Y两优1号,Y58S×93-11,籼型两系杂交稻,湖南杂交水稻研究中心,粤审稻2015047,粤审稻,2015047,Y58S,湖南杂交水稻研究中心
湖北,魅两优美香新占,魅051S×美香新占,籼型两系杂交稻,湖北华之夏种子有限责任公司等,鄂审稻20200024,鄂审稻,20200024,魅051S,湖北华之夏种子有限责任公司
湖北,G98S,培矮64S×D1142S,籼型不育系,湖北楚创高科农业有限公司,鄂审稻20200091,鄂审稻,20200091,培矮64S,湖北楚创高科农业有限公司
广东,台香812,粤香占×象牙香占改良,籼型常规稻,台山市农业技术推广中心（台山市农业科学研究所）,粤审稻20210033,粤审稻,20210033,粤香占,台山市农业技术推广中心（台山市农业科学研究所）
湖北,恩2优636,恩2A×恩恢636,籼型三系杂交稻,恩施土家族苗族自治州农业科学院,鄂审稻2015013,鄂审稻,2015013,恩2A,恩施土家族苗族自治州农业科学院
湖北,甬优4949,甬粳49A×F9249,籼粳交三系杂交稻,宁波市种子有限公司等,鄂审稻2015012,鄂审稻,2015012,甬粳49A,宁波市种子有限公司
广东,长优736,长泰A×广恢736,籼型三系杂交稻,广东省金稻种业有限公司等,粤审稻2016048,粤审稻,2016048,长泰A,广东省金稻种业有限公司
广东,匠心香丝苗,华占×象牙香占,籼型常规稻,华南农业大学,粤审稻20220077,粤审稻,20220077,华占,华南农业大学
湖北,陆两优211,陆18s×华211,籼型两系杂交稻,湖南亚华种业科学研究院,鄂审稻2009001,鄂审稻,2009001,陆18s,湖南亚华种业科学研究院
广东,青香优99香,青香A×99香,籼型三系杂交稻,广州市金粤生物科技有限公司等,粤审稻20210032,粤审稻,20210032,青香A,广州市金粤生物科技有限公司
广东,龙优665,龙A×R665,籼型三系杂交稻,广东农作物杂种优势开发利用中心,粤审稻2004014,粤审稻,2004014,龙A,广东农作物杂种优势开发利用中心
湖北,深优9521,深95A×R21,籼型三系杂交稻,清华大学深圳研究生院,鄂审稻2015011,鄂审稻,2015011,深95A,清华大学深圳研究生院
广东,美巴香占,美香占×巴斯马蒂,籼型常规稻,广东兆华种业有限公司,粤审稻20200064,粤审稻,20200064,美香占,广东兆华种业有限公司
湖北,香62S,培矮64S/Ⅱ-32B×鄂香1号,籼型不育系,湖北中香农业科技股份有限公司等,鄂审稻20200090,鄂审稻,20200090,培矮64S/Ⅱ-32B,湖北中香农业科技股份有限公司
广东,汕优科30,珍汕97A×科30,籼型三系杂交稻,蕉岭县农科所等,粤审稻1982008,粤审稻,1982008,珍汕97A,蕉岭县农科所
广东,白丝占,番丰丝苗×白香占,籼型常规稻,广东省农业科学院植物保护研究所等,粤审稻20170052,粤审稻,20170052,番丰丝苗,广东省农业科学院植物保护研究所
广东,粳籼89,IR36×粳籼677,籼型常规稻,佛山市农业科学研究所,粤审稻1992004,粤审稻,1992004,IR36,佛山市农业科学研究所
广东,三阳矮1号,丰阳矮×三二矮,籼型常规稻,广东省农业科学院水稻研究所,粤审稻1992003,粤审稻,1992003,丰阳矮,广东省农业科学院水稻研究所
广东,天优6号,天丰A×中恢8006,籼型三系杂交稻,中国水稻研究所等,粤审稻2008046,粤审稻,2008046,天丰A,中国水稻研究所
湖北,广8优28,广8A×香恢28,籼型三系杂交稻,湖北中香农业科技股份有限公司等,鄂审稻20210062,鄂审稻,20210062,广8A,湖北中香农业科技股份有限公司
广东,特三矮2号,特青2号×三二矮,籼型常规稻,广东省农业科学院水稻研究所,粤审稻1992002,粤审稻,1992002,特青2号,广东省农业科学院水稻研究所
广东,协优3550,协青早A×广恢3550,籼型三系杂交稻,广东省农业科学院水稻研究所,粤审稻1992001,粤审稻,1992001,协青早A,广东省农业科学院水稻研究所
广东,粤桂146,粤桂312×桂朝2号,籼型常规稻,佛山市农业科学研究所,粤审稻1991003,粤审稻,1991003,粤桂312,佛山市农业科学研究所
广东,七山占,七桂早25×桂山早,籼型常规稻,广东省农业科学院水稻研究所,粤审稻1991002,粤审稻,1991002,七桂早25,广东省农业科学院水稻研究所
广东,广优青,丛广41A×特青2号,籼型三系杂交稻,广东省农业科学院水稻研究所,粤审稻1991001,粤审稻,1991001,丛广41A,广东省农业科学院水稻研究所
广东,汕优3550,珍汕97A×广恢3550,籼型三系杂交稻,广东省农业科学院水稻研究所,粤审稻1990006,粤审稻,1990006,珍汕97A,广东省农业科学院水稻研究所
广东,梅三五2号,矮梅早3号×外选35,籼型常规稻,广东省农业科学院水稻研究所,粤审稻1990004,粤审稻,1990004,矮梅早3号,广东省农业科学院水稻研究所
广东,裕优038,裕A×金恢038,籼型三系杂交稻,广东鲜美种苗股份有限公司,粤审稻20190055,粤审稻,20190055,裕A,广东鲜美种苗股份有限公司
广东,粤杂510,GD-5S×W510,籼型两系杂交稻,广东省农业科学院水稻研究所,粤审稻2006058,粤审稻,2006058,GD-5S,广东省农业科学院水稻研究所
广东,华航62号,华航31号/金农丝苗×泰丰占/华航油占,籼型常规稻,华南农业大学国家植物航天育种工程技术研究中心,粤审稻20190019,粤审稻,20190019,华航31号/金农丝苗,华南农业大学国家植物航天育种工程技术研究中心
广东,珍桂矮1号,珍叶矮×桂青3号,籼型常规稻,广东省农业科学院水稻研究所,粤审稻1990003,粤审稻,1990003,珍叶矮,广东省农业科学院水稻研究所
广东,青六矮1号,三青矮2号×青油占/矮家伙,籼型常规稻,广东省农业科学院水稻研究所,粤审稻1990002,粤审稻,1990002,三青矮2号,广东省农业科学院水稻研究所
广东,双朝25,双桂36×抗2,籼型常规稻,广东省农业科学院水稻研究所,粤审稻1990001,粤审稻,1990001,双桂36,广东省农业科学院水稻研究所
广东,兴两优278,兴农S×H恢278,籼型两系杂交稻,广东天弘种业有限公司,粤审稻20200044,粤审稻,20200044,兴农S,广东天弘种业有限公司
广东,天优2118,天丰A×广恢2118,籼型三系杂交稻,广东省农业科学院水稻研究所,粤审稻2006018,粤审稻,2006018,天丰A,广东省农业科学院水稻研究所
湖北,兆优5431,兆A×R5431,籼型三系杂交稻,深圳市兆农农业科技有限公司,鄂审稻2015010,鄂审稻,2015010,兆A,深圳市兆农农业科技有限公司
广东,五优青占,五丰A×金青占,籼型三系杂交稻,广州市金粤生物科技有限公司等,粤审稻20190069,粤审稻,20190069,五丰A,广州市金粤生物科技有限公司
广东,青香优19香,青香A×19香,籼型三系杂交稻,广东鲜美种苗股份有限公司等,粤审稻20210031,粤审稻,20210031,青香A,广东鲜美种苗股份有限公司
广东,培杂泰丰,培矮64S×泰丰占,籼型两系杂交稻,华南农业大学农学院,粤审稻2004013,粤审稻,2004013,培矮64S,华南农业大学农学院
广东,两优金糯,金稻糯S×澄江糯,籼型两系杂交稻,广东省金稻种业有限公司,粤审稻2013006,粤审稻,2013006,金稻糯S,广东省金稻种业有限公司
广东,德优华占,德丰A×华占,籼型三系杂交稻,广东粤良种业有限公司等,粤审稻2015046,粤审稻,2015046,德丰A,广东粤良种业有限公司
广东,华航59号,华航31号/粤农丝苗×华航31号/华航丝苗,籼型常规稻,国家植物航天育种工程技术研究中心（华南农业大学）,粤审稻20190018,粤审稻,20190018,华航31号/粤农丝苗,国家植物航天育种工程技术研究中心（华南农业大学）
广东,聚香丝苗,白香占×金农丝苗,籼型常规稻,广东省农业科学院植物保护研究所,粤审稻20210030,粤审稻,20210030,白香占,广东省农业科学院植物保护研究所
湖北,源两优89,天源85S×R179,籼型两系杂交稻,武汉武大天源生物科技股份有限公司,鄂审稻20210061,鄂审稻,20210061,天源85S,武汉武大天源生物科技股份有限公司
湖北,川丰6号,中9A×江恢151,籼型三系杂交稻,四川省川丰种业育种中心等,鄂审稻2008019,鄂审稻,2008019,中9A,四川省川丰种业育种中心
广东,中优523,中A×R523,籼型三系杂交稻,中国科学院华南植物研究所,粤审稻2004012,粤审稻,2004012,中A,中国科学院华南植物研究所
广东,粤香430,广丰香8号//粤晶丝苗2号/香谷×美丝占,籼型常规稻,广东省农业科学院水稻研究所,粤审稻20200063,粤审稻,20200063,广丰香8号//粤晶丝苗2号/香谷,广东省农业科学院水稻研究所
广东,五优116,五丰A×R7116,籼型三系杂交稻,广东省现代农业集团有限公司等,粤审稻2015045,粤审稻,2015045,五丰A,广东省现代农业集团有限公司
广东,天优390,天丰A×广恢390,籼型三系杂交稻,广东省农业科学院水稻研究所,粤审稻2006057,粤审稻,2006057,天丰A,广东省农业科学院水稻研究所
广东,天优450,天丰A×广恢450,籼型三系杂交稻,广东省农业科学院水稻研究所,粤审稻2006056,粤审稻,2006056,天丰A,广东省农业科学院水稻研究所
广东,谷优248,谷丰A×弘恢248,籼型三系杂交稻,广东天弘种业有限公司等,粤审稻2014015,粤审稻,2014015,谷丰A,广东天弘种业有限公司
湖北,巨2优108,巨风2A×鄂恢108,籼型三系杂交稻,中垦锦绣华农武汉科技有限公司等,鄂审稻2015009,鄂审稻,2015009,巨风2A,中垦锦绣华农武汉科技有限公司
广东,吉优美占,吉丰A×金美占,籼型三系杂交稻,广东鲜美种苗股份有限公司等,粤审稻20190054,粤审稻,20190054,吉丰A,广东鲜美种苗股份有限公司
广东,五山丝占,五山丝苗×黄丝莉占,籼型常规稻,广东省农业科学院水稻研究所,粤审稻20170051,粤审稻,20170051,五山丝苗,广东省农业科学院水稻研究所
广东,胜优6126,胜A×R6126,籼型三系杂交稻,广东华农大种业有限公司等,粤审稻20200043,粤审稻,20200043,胜A,广东华农大种业有限公司
广东,天优652,天丰A×汕恢652,籼型三系杂交稻,汕头市农业科学研究所等,粤审稻2008045,粤审稻,2008045,天丰A,汕头市农业科学研究所
湖北,天优18,天丰A×R18号,籼型三系杂交稻,广东省农业科学院水稻研究所等,鄂审稻2007015,鄂审稻,2007015,天丰A,广东省农业科学院水稻研究所
广东,裕优098,裕A×G098,籼型三系杂交稻,广东省良种引进服务公司,粤审稻2016047,粤审稻,2016047,裕A,广东省良种引进服务公司
湖北,襄两优138,襄1S×R138,籼型两系杂交稻,襄阳市农业科学院等,鄂审稻20200023,鄂审稻,20200023,襄1S,襄阳市农业科学院
广东,华航61号,华航油占/黄软占×华航31号/金农丝苗,籼型常规稻,华南农业大学国家植物航天育种工程技术研究中心,粤审稻20190017,粤审稻,20190017,华航油占/黄软占,华南农业大学国家植物航天育种工程技术研究中心
湖北,荆楚优42,荆楚15A×R42,籼型三系杂交稻,湖北荆楚种业股份有限公司,鄂审稻2006001,鄂审稻,2006001,荆楚15A,湖北荆楚种业股份有限公司
广东,钢化二白,钢枝占×二白矮,籼型杂交稻,广东省农业科学院水稻研究所,粤审稻1982007,粤审稻,1982007,钢枝占,广东省农业科学院水稻研究所
湖北,敦优526,敦957A×R526,籼型三系杂交稻,中垦锦绣华农武汉科技有限公司等,鄂审稻20200062,鄂审稻,20200062,敦957A,中垦锦绣华农武汉科技有限公司
广东,天优628,天丰A×R628,籼型三系杂交稻,连山县农业科学研究所等,粤审稻2006055,粤审稻,2006055,天丰A,连山县农业科学研究所
广东,荃优青占,荃9311A×金青占,籼型三系杂交稻,仲恺农业工程学院农学院,粤审稻20190053,粤审稻,20190053,荃9311A,仲恺农业工程学院农学院
广东,软华优7311,软华A×R7311,籼型三系杂交稻,华南农业大学,粤审稻20220076,粤审稻,20220076,软华A,华南农业大学
广东,培杂丰2,培矮64S×R0245,籼型两系杂交稻,广州市农业科学研究所,粤审稻2006054,粤审稻,2006054,培矮64S,广州市农业科学研究所
广东,天优1179,天丰A×航恢1179,籼型三系杂交稻,国家植物航天育种工程技术研究中心（华南农业大学）等,粤审稻2015044,粤审稻,2015044,天丰A,国家植物航天育种工程技术研究中心（华南农业大学）
广东,矮黑糯,晚六矮×黑糯,籼型常规稻,肇庆市农业科学研究所,粤审稻1982006,粤审稻,1982006,晚六矮,肇庆市农业科学研究所
广东,春两优534,春6S×五山丝苗,籼型两系杂交稻,中国农业科学院深圳农业基因组研究所等,粤审稻20200042,粤审稻,20200042,春6S,中国农业科学院深圳农业基因组研究所
广东,广龙优华占,广龙A×华占,籼型三系杂交稻,广东省金稻种业有限公司,粤审稻20210029,粤审稻,20210029,广龙A,广东省金稻种业有限公司
湖北,宜香107,宜香1A×HR107,籼型三系杂交稻,湖北清江种业有限责任公司,鄂审稻2008018,鄂审稻,2008018,宜香1A,湖北清江种业有限责任公司
广东,五山软占,五山华占×黄软秀占,籼型常规稻,广东省农业科学院水稻研究所,粤审稻20170050,粤审稻,20170050,五山华占,广东省农业科学院水稻研究所
广东,博优283,博A×R283,籼型三系杂交稻,广西南宁中正种业有限公司,粤审稻2008044,粤审稻,2008044,博A,广西南宁中正种业有限公司
广东,万金优2008,万金A×弘恢2008,籼型三系杂交稻,广东海洋大学农业生物技术研究所等,粤审稻2008043,粤审稻,2008043,万金A,广东海洋大学农业生物技术研究所
湖北,华201S,培矮64S×W9593S,籼型不育系,华中农业大学,鄂审稻2005021,鄂审稻,2005021,培矮64S,华中农业大学
广东,桂山矮,桂阳矮×早中山,籼型常规稻,广东省农业科学院水稻研究所,粤审稻1988003,粤审稻,1988003,桂阳矮,广东省农业科学院水稻研究所
广东,秋优452,秋A×广恢452,籼型三系杂交稻,广东省农业科学院水稻研究所,粤审稻2004011,粤审稻,2004011,秋A,广东省农业科学院水稻研究所
湖北,G两优7号,G98S×R007,籼型两系杂交稻,湖北楚创高科农业有限公司,鄂审稻20200061,鄂审稻,20200061,G98S,湖北楚创高科农业有限公司
广东,Ⅱ优290,Ⅱ-32A×广恢290,籼型三系杂交稻,广东省农业科学院水稻研究所,粤审稻2006017,粤审稻,2006017,Ⅱ-32A,广东省农业科学院水稻研究所
广东,禾广丝苗,黄丝莉占×粤禾丝苗,籼型常规稻,广东省农业科学院水稻研究所,粤审稻20190016,粤审稻,20190016,黄丝莉占,广东省农业科学院水稻研究所
湖北,屯优668,屯3A×668,籼型三系杂交稻,山西屯玉种业科技股份有限公司,鄂审稻2007014,鄂审稻,2007014,屯3A,山西屯玉种业科技股份有限公司
广东,深优9594,深95A×R1394,籼型三系杂交稻,深圳市兆农农业科技有限公司等,粤审稻2014014,粤审稻,2014014,深95A,深圳市兆农农业科技有限公司
广东,清红优1号,清红A×28占,籼型三系杂交稻,清远市农业科技推广服务中心（清远市农业科学研究所）等,粤审稻20200062,粤审稻,20200062,清红A,清远市农业科技推广服务中心（清远市农业科学研究所）
广东,韶优766,韶农A×泰766,籼型三系杂交稻,广东源泰农业科技有限公司等,粤审稻2016046,粤审稻,2016046,韶农A,广东源泰农业科技有限公司
湖北,两优622,B621S×R205,籼型两系杂交稻,安徽华韵生物科技有限公司,鄂审稻2015008,鄂审稻,2015008,B621S,安徽华韵生物科技有限公司
广东,吉优黄占,吉丰A×金黄占,籼型三系杂交稻,仲恺农业工程学院农业与生物学院等,粤审稻20190052,粤审稻,20190052,吉丰A,仲恺农业工程学院农业与生物学院
广东,宜香3003,宜香1A×宜恢3003,籼型三系杂交稻,四川省宜宾市农业科学院,粤审稻2006053,粤审稻,2006053,宜香1A,四川省宜宾市农业科学院
湖北,糯两优8号,闽糯2S×糯恢28,籼型两系杂交稻,湖北荆楚种业科技有限公司等,鄂审稻20200022,鄂审稻,20200022,闽糯2S,湖北荆楚种业科技有限公司
广东,红荔丝苗,华籼占选/胜泰1号×泰湖占/澳山丝苗,籼型常规稻,华南农业大学植物航天育种研究中心,粤审稻2008042,粤审稻,2008042,华籼占选/胜泰1号,华南农业大学植物航天育种研究中心
广东,星优766,星A×泰766,籼型三系杂交稻,广东源泰农业科技有限公司,粤审稻2015043,粤审稻,2015043,星A,广东源泰农业科技有限公司
广东,特优9068,龙特浦A×广恢9068,籼型三系杂交稻,广东华茂高科种业有限公司,粤审稻20210028,粤审稻,20210028,龙特浦A,广东华茂高科种业有限公司
广东,繁源优460,繁源A×弘恢460,籼型三系杂交稻,广东天弘种业有限公司等,粤审稻20180027,粤审稻,20180027,繁源A,广东天弘种业有限公司
广东,万占香丝苗1号,万丰占×象牙香占,籼型常规稻,鹤山市农业技术推广中心等,粤审稻20220075,粤审稻,20220075,万丰占,鹤山市农业技术推广中心
广东,粤杂889,GD-1S×R889,籼型两系杂交稻,广东省农业科学院水稻研究所,粤审稻2004010,粤审稻,2004010,GD-1S,广东省农业科学院水稻研究所
广东,南科早,竹南×科六,籼型常规稻,惠来县农业科学研究所,粤审稻1982005,粤审稻,1982005,竹南,惠来县农业科学研究所
广东,特优粤禾丝苗,特A×粤禾丝苗,籼型三系杂交稻,广东省农业科学院水稻研究所,粤审稻20200041,粤审稻,20200041,特A,广东省农业科学院水稻研究所
广东,博优早特,博A×早特,籼型三系杂交稻,广东省农业科学院水稻研究所,粤审稻2006016,粤审稻,2006016,博A,广东省农业科学院水稻研究所
广东,裕优9822,裕A×R9822,籼型三系杂交稻,广东恒昊农业有限公司,粤审稻2015042,粤审稻,2015042,裕A,广东恒昊农业有限公司
广东,双牙香占,鼠牙香占×象牙香占,籼型常规稻,江门市万丰园种植业有限公司等,粤审稻20220074,粤审稻,20220074,鼠牙香占,江门市万丰园种植业有限公司
湖北,甬优7055,甬粳70A×F9055,籼粳交三系杂交稻,武汉佳禾生物科技有限责任公司等,鄂审稻20200021,鄂审稻,20200021,甬粳70A,武汉佳禾生物科技有限责任公司
广东,安丰优3301,安丰A×闽恢3301,籼型三系杂交稻,广东省农业科学院水稻研究所等,粤审稻2014013,粤审稻,2014013,安丰A,广东省农业科学院水稻研究所
广东,广科36号,广朝12×IR36,籼型常规稻,佛山市农业科学研究所,粤审稻1988002,粤审稻,1988002,广朝12,佛山市农业科学研究所
广东,天优116,天丰A×广恢116,籼型三系杂交稻,广东省农业科学院水稻研究所,粤审稻2006015,粤审稻,2006015,天丰A,广东省农业科学院水稻研究所
广东,软红米,五丰占×农家红米,籼型常规稻,广东省农业科学院水稻研究所,粤审稻2008041,粤审稻,2008041,五丰占,广东省农业科学院水稻研究所
广东,内香8518,内香5A×内恢95-18,籼型三系杂交稻,内江杂交水稻科技开发中心,粤审稻2006052,粤审稻,2006052,内香5A,内江杂交水稻科技开发中心
湖北,HD9802S,湖大51×红辐早,籼型不育系,湖北大学生命科学学院,鄂审稻2005020,鄂审稻,2005020,湖大51,湖北大学生命科学学院
湖北,中9优89,中9A×中籼89,籼型三系杂交稻,湖北省松滋市金松种业有限公司,鄂审稻2007013,鄂审稻,2007013,中9A,湖北省松滋市金松种业有限公司
广东,广红2号,桂农占×南红宝,籼型常规稻,广东省农业科学院水稻研究所,粤审稻2013005,粤审稻,2013005,桂农占,广东省农业科学院水稻研究所
广东,黄软广占,黄软秀占×黄广油占,籼型常规稻,广东省农业科学院水稻研究所,粤审稻20170049,粤审稻,20170049,黄软秀占,广东省农业科学院水稻研究所
广东,特青2号,特青,籼型常规稻,广东省农业科学院水稻研究所,粤审稻1988001,粤审稻,1988001,特青,广东省农业科学院水稻研究所
广东,紧粒新四占,新四占,籼型常规稻,广东省台山县端芬公社,粤审稻1982004,粤审稻,1982004,新四占,广东省台山县端芬公社
广东,软华优1179,G软华A×航恢1179,籼型三系杂交稻,国家植物航天育种工程技术研究中心（华南农业大学）等,粤审稻2015041,粤审稻,2015041,G软华A,国家植物航天育种工程技术研究中心（华南农业大学）
广东,金龙优1826,金龙A×中种恢1826,籼型三系杂交稻,肇庆学院等,粤审稻20180026,粤审稻,20180026,金龙A,肇庆学院
广东,金丝软占,丰美占×广丝占,籼型常规稻,广东省农业科学院水稻研究所,粤审稻2008040,粤审稻,2008040,丰美占,广东省农业科学院水稻研究所
广东,T78优2155,T78A×明恢2155,籼型三系杂交稻,三明市农业科学研究所,粤审稻2006051,粤审稻,2006051,T78A,三明市农业科学研究所
广东,双优260,双青A×恢260,籼型三系杂交稻,广东天弘种业有限公司,粤审稻2015040,粤审稻,2015040,双青A,广东天弘种业有限公司
广东,粤银软占,粤丰丝苗×黄软占/粤银丝苗,籼型常规稻,广东省农业科学院水稻研究所,粤审稻20170048,粤审稻,20170048,粤丰丝苗,广东省农业科学院水稻研究所
广东,深优9777,深97A×汕恢277,籼型三系杂交稻,汕头市农业科学研究所等,粤审稻2014012,粤审稻,2014012,深97A,汕头市农业科学研究所
广东,野香优688,野香A×R688,籼型三系杂交稻,广西绿海种业有限公司,粤审稻2016045,粤审稻,2016045,野香A,广西绿海种业有限公司
广东,博优368,博A×广恢368,籼型三系杂交稻,广东省农业科学院水稻研究所,粤审稻2004009,粤审稻,2004009,博A,广东省农业科学院水稻研究所
广东,国稻1号,中9A×中恢8006,籼型三系杂交稻,中国水稻研究所,粤审稻2006050,粤审稻,2006050,中9A,中国水稻研究所
湖北,鄂糯10号,香粳Pi×嘉44,粳型常规稻,湖北省宜昌市农业科学研究所,鄂审稻2005019,鄂审稻,2005019,香粳Pi,湖北省宜昌市农业科学研究所
湖北,襄两优336,襄3S×R36,籼型两系杂交稻,中垦锦绣华农武汉科技有限公司等,鄂审稻20200060,鄂审稻,20200060,襄3S,中垦锦绣华农武汉科技有限公司
广东,梅连早,梅陆矮21×连县早,籼型常规稻,韶关市农业科学研究所,粤审稻1987005,粤审稻,1987005,梅陆矮21,韶关市农业科学研究所
广东,新丝苗,粤晶丝苗2号×丰新占,籼型常规稻,佛山市农业科学研究所,粤审稻2013004,粤审稻,2013004,粤晶丝苗2号,佛山市农业科学研究所
广东,晶美丝苗,粤禾丝苗×玉晶软占,籼型常规稻,广东省农业科学院水稻研究所,粤审稻20200061,粤审稻,20200061,粤禾丝苗,广东省农业科学院水稻研究所
广东,粤莉丝苗,粤金银占×五山莉占,籼型常规稻,广东省农业科学院水稻研究所,粤审稻20190015,粤审稻,20190015,粤金银占,广东省农业科学院水稻研究所
广东,合红占2号,粤禾丝苗×黄广油占////桂农占///Rathu Heena...,籼型常规稻,广东省农业科学院水稻研究所,粤审稻20220073,粤审稻,20220073,粤禾丝苗,广东省农业科学院水稻研究所
湖北,全优2689,全丰A×金恢2689,籼型三系杂交稻,福建农林大学作物科学学院等,鄂审稻2008017,鄂审稻,2008017,全丰A,福建农林大学作物科学学院
广东,深优9528,深95A×R6228,籼型三系杂交稻,深圳市兆农农业科技有限公司等,粤审稻2014011,粤审稻,2014011,深95A,深圳市兆农农业科技有限公司
广东,兴两优红晶占,兴农S×红晶占,籼型两系杂交稻,广东海洋大学等,粤审稻20220072,粤审稻,20220072,兴农S,广东海洋大学
广东,桂阳矮121,龙阳矮×宋早甲,籼型常规稻,广东省农业科学院水稻研究所,粤审稻1982003,粤审稻,1982003,龙阳矮,广东省农业科学院水稻研究所
广东,赣优9812,赣香A×中种恢9812,籼型三系杂交稻,肇庆学院等,粤审稻20180025,粤审稻,20180025,赣香A,肇庆学院
广东,南两优530,南11S×R530,籼型两系杂交稻,广东省农业科学院水稻研究所,粤审稻20200040,粤审稻,20200040,南11S,广东省农业科学院水稻研究所
广东,壮优6377,壮丰A×R6377,籼型三系杂交稻,深圳市兆农农业科技有限公司,粤审稻2016044,粤审稻,2016044,壮丰A,深圳市兆农农业科技有限公司
广东,香龙优2877,香龙A×中种恢2877,籼型三系杂交稻,肇庆学院等,粤审稻20190051,粤审稻,20190051,香龙A,肇庆学院
湖北,甬优6720,甬粳67A×F9020,籼粳交三系杂交稻,宁波种业股份有限公司等,鄂审稻20200020,鄂审稻,20200020,甬粳67A,宁波种业股份有限公司
广东,早两优336,N39S×华恢336,籼型两系杂交稻,华南农业大学农学院,粤审稻2006049,粤审稻,2006049,N39S,华南农业大学农学院
广东,广软占,黄广占//黄华占/丰粤占×象牙软占,籼型常规稻,广东省农业科学院水稻研究所,粤审稻20170047,粤审稻,20170047,黄广占//黄华占/丰粤占,广东省农业科学院水稻研究所
湖北,深两优841,深08S×R1341,籼型两系杂交稻,湖南隆平种业有限公司,鄂审稻2015007,鄂审稻,2015007,深08S,湖南隆平种业有限公司
湖北,华两优金12,华99S×金恢2号,籼型两系杂交稻,中垦锦绣华农武汉科技有限公司等,鄂审稻20200059,鄂审稻,20200059,华99S,中垦锦绣华农武汉科技有限公司
广东,双丛169-1,双桂36×丛桂,籼型常规稻,广东省农业科学院水稻研究所,粤审稻1987004,粤审稻,1987004,双桂36,广东省农业科学院水稻研究所
广东,丰太丝苗,丰秀占/巴太香占×五山丝苗,籼型常规稻,广东省农业科学院水稻研究所,粤审稻2013003,粤审稻,2013003,丰秀占/巴太香占,广东省农业科学院水稻研究所
广东,梦两优黄莉占,梦S×黄莉占,籼型两系杂交稻,袁隆平农业高科技股份有限公司等,粤审稻20180024,粤审稻,20180024,梦S,袁隆平农业高科技股份有限公司
广东,天优998,天丰A×广恢998,籼型三系杂交稻,广东省农业科学院水稻研究所,粤审稻2004008,粤审稻,2004008,天丰A,广东省农业科学院水稻研究所
广东,恒丰优9802,恒丰A×粤恢9802,籼型三系杂交稻,广东粤良种业有限公司,粤审稻2015039,粤审稻,2015039,恒丰A,广东粤良种业有限公司
广东,黄广农占,黄广油占×五广占/丰粤华占,籼型常规稻,广东省农业科学院水稻研究所,粤审稻20190014,粤审稻,20190014,黄广油占,广东省农业科学院水稻研究所
广东,华优42,Y华农A×G42,籼型三系杂交稻,华南农业大学农学院,粤审稻2006048,粤审稻,2006048,Y华农A,华南农业大学农学院
广东,恒丰优9802,恒丰A×粤恢9802,籼型三系杂交稻,广东粤良种业有限公司,粤审稻2014010,粤审稻,2014010,恒丰A,广东粤良种业有限公司
广东,银优777,银丰A×粤恢777,籼型三系杂交稻,广东粤良种业有限公司,粤审稻2015038,粤审稻,2015038,银丰A,广东粤良种业有限公司
广东,泰澳丝苗,泰黄占/澳雪占×丰富占1号,籼型常规稻,广东省农业科学院水稻研究所,粤审稻2006047,粤审稻,2006047,泰黄占/澳雪占,广东省农业科学院水稻研究所
广东,金恒优5522,金恒A×粤良恢5522,籼型三系杂交稻,广东粤良种业有限公司,粤审稻20220071,粤审稻,20220071,金恒A,广东粤良种业有限公司
广东,汕优直龙,珍汕97A×直龙,籼型三系杂交稻,湛江农业专科学校,粤审稻1987001,粤审稻,1987001,珍汕97A,湛江农业专科学校
湖北,忠两优鄂晶丝苗,忠605S×鄂晶丝苗,籼型两系杂交稻,湖北荃银高科种业有限公司,鄂审稻20200058,鄂审稻,20200058,忠605S,湖北荃银高科种业有限公司
广东,振优998,振丰A×广恢998,籼型三系杂交稻,广东省农业科学院水稻研究所,粤审稻2004007,粤审稻,2004007,振丰A,广东省农业科学院水稻研究所
湖北,昌优195,昌丰A×泸恢195,籼型三系杂交稻,湖北枣丰种业有限公司等,鄂审稻2008016,鄂审稻,2008016,昌丰A,湖北枣丰种业有限公司
广东,固广油占,固广占×黄广油占,籼型常规稻,广东省农业科学院水稻研究所,粤审稻20170046,粤审稻,20170046,固广占,广东省农业科学院水稻研究所
广东,中特优792,中特A×恒恢792,籼型三系杂交稻,广东现代耕耘种业有限公司,粤审稻20180023,粤审稻,20180023,中特A,广东现代耕耘种业有限公司
广西,浙粳优1758,浙粳6A×浙农恢1758,粳型三系杂交稻,浙江省农业科学院作物与核技术利用研究所,桂审稻2023134号,桂审稻,2023134,浙粳6A,浙江省农业科学院作物与核技术利用研究所
广东,吉优华占,吉丰A×华占,籼型三系杂交稻,广东省金稻种业有限公司等,粤审稻2015037,粤审稻,2015037,吉丰A,广东省金稻种业有限公司
湖北,苯63S,E2-63S×E2-63S/8077S,籼型不育系,湖北长江屯玉种业有限公司,鄂审稻2008015,鄂审稻,2008015,E2-63S,湖北长江屯玉种业有限公司
广东,丰晶软占,丰美占×银晶软占,籼型常规稻,广东省农业科学院水稻研究所,粤审稻2008039,粤审稻,2008039,丰美占,广东省农业科学院水稻研究所
湖北,忠两优618,忠605S×R18,籼型两系杂交稻,湖北荃银高科种业有限公司,鄂审稻20200057,鄂审稻,20200057,忠605S,湖北荃银高科种业有限公司
广东,黄银占,黄软占×广超丝苗/粤秀占,籼型常规稻,广东省农业科学院水稻研究所,粤审稻2013002,粤审稻,2013002,黄软占,广东省农业科学院水稻研究所
广东,吉丰优208,吉丰A×广恢208,籼型三系杂交稻,广东省农业科学院水稻研究所等,粤审稻2014009,粤审稻,2014009,吉丰A,广东省农业科学院水稻研究所
广东,Ⅱ优5522,Ⅱ-32A×粤良恢5522,籼型三系杂交稻,广东粤良种业有限公司,粤审稻20220070,粤审稻,20220070,Ⅱ-32A,广东粤良种业有限公司
广东,玉晶油占,玉晶占×玉丰油占,籼型常规稻,广东省农业科学院水稻研究所,粤审稻20170045,粤审稻,20170045,玉晶占,广东省农业科学院水稻研究所
广东,深两优1578,深08S×航恢1578,籼型两系杂交稻,国家植物航天育种工程技术研究中心（华南农业大学）等,粤审稻20190050,粤审稻,20190050,深08S,国家植物航天育种工程技术研究中心（华南农业大学）
广东,深两优1378,深08S×航恢1378,籼型两系杂交稻,华南农业大学国家植物航天育种工程技术研究中心等,粤审稻20190049,粤审稻,20190049,深08S,华南农业大学国家植物航天育种工程技术研究中心
广东,恒丰优1378,恒丰A×航恢1378,籼型三系杂交稻,华南农业大学国家植物航天育种工程技术研究中心等,粤审稻20190048,粤审稻,20190048,恒丰A,华南农业大学国家植物航天育种工程技术研究中心
广西,红莉香占,丰美占×Basmati/粤香占,籼型常规稻,广西中惠农业科技有限公司,桂审稻2023133号,桂审稻,2023133,丰美占,广西中惠农业科技有限公司
广东,中广优2号,丰矮占1号/原粳7号×丰矮占1号/广恢122,籼型常规稻,中国农业科学院作物科学研究所等,粤审稻20170044,粤审稻,20170044,丰矮占1号/原粳7号,中国农业科学院作物科学研究所
广东,凤营丝苗,凤香丝苗×凤新丝苗,籼型常规稻,东莞市中堂凤冲水稻科研站,粤审稻20170043,粤审稻,20170043,凤香丝苗,东莞市中堂凤冲水稻科研站
广东,南油丝苗,黄广油占×茉莉丝苗/丰粤占,籼型常规稻,广东省农业科学院水稻研究所,粤审稻20190013,粤审稻,20190013,黄广油占,广东省农业科学院水稻研究所
广东,黄广油占,黄广占×黄华占/丰粤占,籼型常规稻,广东省农业科学院水稻研究所,粤审稻2013001,粤审稻,2013001,黄广占,广东省农业科学院水稻研究所
广东,美优633,美A×GJ633,籼型三系杂交稻,广东省农业科学院水稻研究所,粤审稻2012040,粤审稻,2012040,美A,广东省农业科学院水稻研究所
广东,Y两优2018,Y58S×航恢2018,籼型两系杂交稻,国家植物航天育种工程技术研究中心（华南农业大学）,粤审稻20200039,粤审稻,20200039,Y58S,国家植物航天育种工程技术研究中心（华南农业大学）
广东,韶优552,韶农A×泰552,籼型三系杂交稻,广东源泰农业科技有限公司等,粤审稻20180062,粤审稻,20180062,韶农A,广东源泰农业科技有限公司
广东,博Ⅲ优360,博ⅢA×广恢360,籼型三系杂交稻,广东省金稻种业有限公司等,粤审稻20180061,粤审稻,20180061,博ⅢA,广东省金稻种业有限公司
广东,博Ⅱ优382,博ⅡA×恒恢382,籼型三系杂交稻,广东恒昊农业有限公司,粤审稻20180060,粤审稻,20180060,博ⅡA,广东恒昊农业有限公司
广东,粤特油占,粤特13/粤农丝苗×粤新银占2号,籼型常规稻,广东省农业科学院水稻研究所,粤审稻20200060,粤审稻,20200060,粤特13/粤农丝苗,广东省农业科学院水稻研究所
湖北,全两优158,全1S×R58,籼型两系杂交稻,湖北荃银高科种业有限公司,鄂审稻20200056,鄂审稻,20200056,全1S,湖北荃银高科种业有限公司
广东,合美丝苗,合丰油占×黄广丝苗,籼型常规稻,广东省农业科学院水稻研究所,粤审稻20200059,粤审稻,20200059,合丰油占,广东省农业科学院水稻研究所
湖北,天源6S,香恢2×广占63S,籼型不育系,武汉武大天源生物科技股份有限公司,鄂审稻2008014,鄂审稻,2008014,香恢2,武汉武大天源生物科技股份有限公司
广东,福龙两优1402,福龙S2×粤恢1402,籼型两系杂交稻,中国种子集团有限公司等,粤审稻20180059,粤审稻,20180059,福龙S2,中国种子集团有限公司
广东,�挠�382,��A×弘恢382,籼型三系杂交稻,广东海洋大学农学院等,粤审稻20180058,粤审稻,20180058,��A,广东海洋大学农学院
广东,永丰优773,永丰A×粤良恢773,籼型三系杂交稻,广东粤良种业有限公司,粤审稻20180057,粤审稻,20180057,永丰A,广东粤良种业有限公司
湖北,荆118S,湖农5S×培矮64S,籼型不育系,湖北荆楚种业股份有限公司,鄂审稻2008013,鄂审稻,2008013,湖农5S,湖北荆楚种业股份有限公司
广东,秋桂矮11号,秋矮10号×桂朝2号,籼型常规稻,佛山市农业科学研究所,粤审稻1986008,粤审稻,1986008,秋矮10号,佛山市农业科学研究所
广东,吉优615,吉丰A×广恢615,籼型三系杂交稻,广东省农业科学院水稻研究所等,粤审稻2015036,粤审稻,2015036,吉丰A,广东省农业科学院水稻研究所
湖北,Y两优5825,Y58S×奥R22-5,籼型两系杂交稻,武汉市文鼎农业生物技术有限公司等,鄂审稻2015006,鄂审稻,2015006,Y58S,武汉市文鼎农业生物技术有限公司
广东,美丝占,美香占2号×丰丝占,籼型常规稻,广东省农业科学院水稻研究所,粤审稻2006046,粤审稻,2006046,美香占2号,广东省农业科学院水稻研究所
广东,B两优华占,B621S×华占,籼型两系杂交稻,湖南希望种业科技股份有限公司等,粤审稻20180022,粤审稻,20180022,B621S,湖南希望种业科技股份有限公司
湖北,鄂晚16,鄂晚8号×春江03粳,籼型常规稻,孝感市农业科学研究所,鄂审稻2005018,鄂审稻,2005018,鄂晚8号,孝感市农业科学研究所
广东,吉优8号,吉田A×R8,籼型三系杂交稻,连山壮族瑶族自治县农业科学研究所,粤审稻2014008,粤审稻,2014008,吉田A,连山壮族瑶族自治县农业科学研究所
广东,粤奇丝苗,粤新占2号/RP6×丰丝占11/RP8,籼型常规稻,广东省农业科学院水稻研究所,粤审稻2008038,粤审稻,2008038,粤新占2号/RP6,广东省农业科学院水稻研究所
广东,玉晶新占,玉丰占×黄粤占,籼型常规稻,广东省农业科学院水稻研究所,粤审稻20170042,粤审稻,20170042,玉丰占,广东省农业科学院水稻研究所
湖北,天优8号,天丰A×广恢8号,籼型三系杂交稻,广东省金稻种业有限公司,鄂审稻2007012,鄂审稻,2007012,天丰A,广东省金稻种业有限公司
广东,诚优荀占,诚A×荀占,籼型三系杂交稻,广东省金稻种业有限公司等,粤审稻20220069,粤审稻,20220069,诚A,广东省金稻种业有限公司
广东,金航丝苗,H-86×金华占/胜泰1号//泰湖占/澳山丝苗,籼型常规稻,华南农业大学植物航天育种研究中心,粤审稻2006014,粤审稻,2006014,H-86,华南农业大学植物航天育种研究中心
广东,广泰优华占,广泰A×华占,籼型三系杂交稻,广东省农业科学院水稻研究所等,粤审稻20190047,粤审稻,20190047,广泰A,广东省农业科学院水稻研究所
广东,广黄占,新1004×黄软占,籼型常规稻,广东省农业科学院水稻研究所,粤审稻20190012,粤审稻,20190012,新1004,广东省农业科学院水稻研究所
广东,燕星优1988,燕星A×R1988,籼型三系杂交稻,龙晓燕,粤审稻2012039,粤审稻,2012039,燕星A,龙晓燕
广东,五优736,五丰A×广恢736,籼型三系杂交稻,广东省农业科学院水稻研究所,粤审稻2016043,粤审稻,2016043,五丰A,广东省农业科学院水稻研究所
广东,贵优55,贵A×广恢55,籼型三系杂交稻,中国种子集团有限公司等,粤审稻20220068,粤审稻,20220068,贵A,中国种子集团有限公司
广东,五丰优998,五丰A×广恢998,籼型三系杂交稻,广东省农业科学院水稻研究所,粤审稻2004006,粤审稻,2004006,五丰A,广东省农业科学院水稻研究所
广东,五优618,五丰A×广恢618,籼型三系杂交稻,广东省农业科学院水稻研究所等,粤审稻2014007,粤审稻,2014007,五丰A,广东省农业科学院水稻研究所
广东,晚华矮1号,青华矮6号×青兰矮32,籼型常规稻,广东省农业科学院水稻研究所,粤审稻1986007,粤审稻,1986007,青华矮6号,广东省农业科学院水稻研究所
广东,金龙优176,金龙A×中种恢176,籼型三系杂交稻,肇庆学院等,粤审稻20180056,粤审稻,20180056,金龙A,肇庆学院
广西,广育黑糯1号,桂优糯×东兰黑糯,籼型常规稻,广西壮族自治区农业科学院,桂审稻2023132号,桂审稻,2023132,桂优糯,广西壮族自治区农业科学院
广东,新粤占,新黄占/黄广占×华粤占,籼型常规稻,广东省农业科学院水稻研究所,粤审稻20190011,粤审稻,20190011,新黄占/黄广占,广东省农业科学院水稻研究所
广东,五粤华占,五广占×丰粤华占,籼型常规稻,广东省农业科学院水稻研究所,粤审稻20190010,粤审稻,20190010,五广占,广东省农业科学院水稻研究所
广东,广晶美占,广晶软占×五山丰占/合丰油占,籼型常规稻,广东省农业科学院水稻研究所,粤审稻20190009,粤审稻,20190009,广晶软占,广东省农业科学院水稻研究所
广东,恒丰优金丝苗,恒丰A×金丝苗,籼型三系杂交稻,广东粤良种业有限公司,粤审稻20180021,粤审稻,20180021,恒丰A,广东粤良种业有限公司
广东,黄晶丝苗,黄晶占×黄广油占,籼型常规稻,广东省农业科学院水稻研究所,粤审稻20200058,粤审稻,20200058,黄晶占,广东省农业科学院水稻研究所
广东,五优303,五丰A×广恢303,籼型三系杂交稻,广东省金稻种业有限公司等,粤审稻20180020,粤审稻,20180020,五丰A,广东省金稻种业有限公司
广东,吉优1380,吉丰A×广恢1380,籼型三系杂交稻,广东省农业科学院水稻研究所,粤审稻20180019,粤审稻,20180019,吉丰A,广东省农业科学院水稻研究所
广东,晶两优1252,晶4155S×华恢1252,籼型两系杂交稻,袁隆平农业高科技股份有限公司等,粤审稻20200038,粤审稻,20200038,晶4155S,袁隆平农业高科技股份有限公司
广东,吉优736,吉丰A×广恢736,籼型三系杂交稻,广东华茂高科种业有限公司等,粤审稻2016042,粤审稻,2016042,吉丰A,广东华茂高科种业有限公司
湖北,鄂晚15,春江糯×9106,粳型常规稻,湖北省农业技术推广总站等,鄂审稻2005017,鄂审稻,2005017,春江糯,湖北省农业技术推广总站
广东,吉优298,吉丰A×ZR298,籼型三系杂交稻,北京金色农华种业科技股份有限公司等,粤审稻20180018,粤审稻,20180018,吉丰A,北京金色农华种业科技股份有限公司
广东,粤晶丝苗,粤香占/中二软占×五丰占/锦超丝苗,籼型常规稻,广东省农业科学院水稻研究所,粤审稻2006045,粤审稻,2006045,粤香占/中二软占,广东省农业科学院水稻研究所
广东,弘优秋占,弘A×秋占,籼型三系杂交稻,广东天弘种业有限公司,粤审稻20180055,粤审稻,20180055,弘A,广东天弘种业有限公司
广东,凤枣丝苗,凤香丝苗/IR9681-1-1-B-B×紫红稻,籼型常规稻,东莞市中堂凤冲水稻科研站,粤审稻2015035,粤审稻,2015035,凤香丝苗/IR9681-1-1-B-B,东莞市中堂凤冲水稻科研站
湖北,e福丰优11,福eS1×93-11,籼型两系杂交稻,福建农林大学作物遗传育种研究所,鄂审稻2007011,鄂审稻,2007011,福eS1,福建农林大学作物遗传育种研究所
广东,象牙香占,香丝苗126×象牙软占,籼型常规稻,台山市农业科学研究所,粤审稻2006044,粤审稻,2006044,香丝苗126,台山市农业科学研究所
广东,广源占12号,五山丝苗×L45-3,籼型常规稻,广州市农业科学研究院,粤审稻2014006,粤审稻,2014006,五山丝苗,广州市农业科学研究院
湖北,准两优608,准S×R608,籼型两系杂交稻,湖南隆平种业有限公司,鄂审稻2015005,鄂审稻,2015005,准S,湖南隆平种业有限公司
广东,梦两优10,梦S×R10,籼型两系杂交稻,袁隆平农业高科技股份有限公司等,粤审稻20200037,粤审稻,20200037,梦S,袁隆平农业高科技股份有限公司
广东,晶两优510,晶4155S×R10,籼型两系杂交稻,袁隆平农业高科技股份有限公司等,粤审稻20200036,粤审稻,20200036,晶4155S,袁隆平农业高科技股份有限公司
广东,广龙优1028,广龙A×广恢1028,籼型三系杂交稻,广东省金稻种业有限公司等,粤审稻20200035,粤审稻,20200035,广龙A,广东省金稻种业有限公司
广东,育两优1173,育11S×航恢1173,籼型两系杂交稻,广东华农大种业有限公司等,粤审稻20170041,粤审稻,20170041,育11S,广东华农大种业有限公司
广东,丰丝占,丰八占×珍丝占,籼型常规稻,广东省农业科学院水稻研究所,粤审稻2004005,粤审稻,2004005,丰八占,广东省农业科学院水稻研究所
广东,黄广香占,黄广华占2号×广丰香8号,籼型常规稻,广东省农业科学院水稻研究所,粤审稻20200057,粤审稻,20200057,黄广华占2号,广东省农业科学院水稻研究所
广西,桂丰糯,桂D1号×丰耘糯,籼型常规稻,广西壮族自治区农业科学院,桂审稻2023131号,桂审稻,2023131,桂D1号,广西壮族自治区农业科学院
广东,华新占,粤丰占×丰华占,籼型常规稻,广东省农业科学院水稻研究所,粤审稻2006013,粤审稻,2006013,粤丰占,广东省农业科学院水稻研究所
广东,梅红早5号,梅江早×红珍早1号,籼型常规稻,华南农学院农学系,粤审稻1982002,粤审稻,1982002,梅江早,华南农学院农学系
广东,卓优华占,卓A×华占,籼型三系杂交稻,广东天弘种业有限公司等,粤审稻2016041,粤审稻,2016041,卓A,广东天弘种业有限公司
广东,南新优698,南新A×R698,籼型三系杂交稻,广东省农业科学院水稻研究所,粤审稻20220067,粤审稻,20220067,南新A,广东省农业科学院水稻研究所
广东,特优5511,龙特浦A×粤良恢5511,籼型三系杂交稻,广东粤良种业有限公司,粤审稻20200034,粤审稻,20200034,龙特浦A,广东粤良种业有限公司
广东,恒优2298,恒丰A×广恢2298,籼型三系杂交稻,广东省农业科学院水稻研究所等,粤审稻20190046,粤审稻,20190046,恒丰A,广东省农业科学院水稻研究所
广东,禾广油占,粤金油占/齐华占×黄广油占,籼型常规稻,广东省农业科学院水稻研究所,粤审稻20190008,粤审稻,20190008,粤金油占/齐华占,广东省农业科学院水稻研究所
广东,五山美占,美油占×五山丝苗,籼型常规稻,广东省农业科学院水稻研究所,粤审稻2014005,粤审稻,2014005,美油占,广东省农业科学院水稻研究所
湖北,全两优18,全1S×R18,籼型两系杂交稻,湖北荃银高科种业有限公司,鄂审稻20200055,鄂审稻,20200055,全1S,湖北荃银高科种业有限公司
广东,发两优3301,发S×闽恢3301,籼型两系杂交稻,广东省农业科学院水稻研究所等,粤审稻20170040,粤审稻,20170040,发S,广东省农业科学院水稻研究所
广东,龙优769,龙A×泰769,籼型三系杂交稻,广东源泰农业科技有限公司,粤审稻2012038,粤审稻,2012038,龙A,广东源泰农业科技有限公司
广东,荣优736,荣丰A×广恢736,籼型三系杂交稻,广东省农业科学院水稻研究所等,粤审稻2015019,粤审稻,2015019,荣丰A,广东省农业科学院水稻研究所
湖北,徽两优华占,1892S×华占,籼型两系杂交稻,中国水稻研究所等,鄂审稻2015004,鄂审稻,2015004,1892S,中国水稻研究所
广东,丰富占1号,丰丝占×富清占4号,籼型常规稻,广东省农业科学院水稻研究所,粤审稻2004004,粤审稻,2004004,丰丝占,广东省农业科学院水稻研究所
广东,Y两优132,Y58S×R132,籼型两系杂交稻,广州乾农农业科技发展有限公司等,粤审稻20170039,粤审稻,20170039,Y58S,广州乾农农业科技发展有限公司
湖北,D优202,D62A×蜀恢202,籼型三系杂交稻,四川农业大学水稻研究所等,鄂审稻2007010,鄂审稻,2007010,D62A,四川农业大学水稻研究所
广东,峰软优天弘丝苗,峰软A×天弘丝苗,籼型三系杂交稻,广东天弘种业有限公司,粤审稻20220066,粤审稻,20220066,峰软A,广东天弘种业有限公司
广东,广源占15号,五山丝苗×广超丝苗/妙科早37,籼型常规稻,广州市农业科学研究院等,粤审稻2015034,粤审稻,2015034,五山丝苗,广州市农业科学研究院
广东,黄广太占,黄广华占2号×黄银占/丰太丝苗,籼型常规稻,广东省农业科学院水稻研究所,粤审稻20200056,粤审稻,20200056,黄广华占2号,广东省农业科学院水稻研究所
广东,丰新占,特青/28占×矮新占,籼型常规稻,广东省农业科学院水稻研究所,粤审稻2006012,粤审稻,2006012,特青/28占,广东省农业科学院水稻研究所
广东,永丰优5522,永丰A×粤良恢5522,籼型三系杂交稻,广东粤良种业有限公司,粤审稻20180054,粤审稻,20180054,永丰A,广东粤良种业有限公司
广东,广二石,广二109×打爆石,籼型常规稻,广州市农业科学研究所,粤审稻1982001,粤审稻,1982001,广二109,广州市农业科学研究所
广东,七桂早25,七优占×桂朝2号,籼型常规稻,佛山科学技术学院农学系,粤审稻1986006,粤审稻,1986006,七优占,佛山科学技术学院农学系
湖北,鄂晚14,鄂晚8号×嘉23,粳型常规稻,湖北省农业科学院粮食作物研究所,鄂审稻2005016,鄂审稻,2005016,鄂晚8号,湖北省农业科学院粮食作物研究所
广东,广8优1816,广8A×广恢1816,籼型三系杂交稻,广东省农业科学院水稻研究所,粤审稻20190045,粤审稻,20190045,广8A,广东省农业科学院水稻研究所
广东,华航丝苗,H-61×胜巴丝苗,籼型常规稻,华南农业大学植物航天育种研究中心,粤审稻2006043,粤审稻,2006043,H-61,华南农业大学植物航天育种研究中心
广东,粤籼18,六合占×粤华占,籼型常规稻,广东省农业科学院水稻研究所,粤审稻2006005,粤审稻,2006005,六合占,广东省农业科学院水稻研究所
广东,卓优217,卓A×恢217,籼型三系杂交稻,广东海洋大学农学院等,粤审稻2016040,粤审稻,2016040,卓A,广东海洋大学农学院
广西,嘉香糯1号,桂D1号×金香糯,籼型常规稻,广西嘉穗农业发展有限公司等,桂审稻2023130号,桂审稻,2023130,桂D1号,广西嘉穗农业发展有限公司
广东,五山丰占,五山华占×丰莉丝苗,籼型常规稻,广东省农业科学院水稻研究所,粤审稻2014004,粤审稻,2014004,五山华占,广东省农业科学院水稻研究所
广东,植优701,植A×泰701,籼型三系杂交稻,中国科学院华南植物园等,粤审稻20170038,粤审稻,20170038,植A,中国科学院华南植物园
广东,振优290,振丰A×广恢290,籼型三系杂交稻,广东省农业科学院水稻研究所,粤审稻2006042,粤审稻,2006042,振丰A,广东省农业科学院水稻研究所
广东,华粤占16号,华中占2号×粤禾丝苗,籼型常规稻,广州市农业科学研究院等,粤审稻20200055,粤审稻,20200055,华中占2号,广州市农业科学研究院
湖北,福e优6981,福eA7×仙恢6981,籼型三系杂交稻,海南神农大丰种业科技股份有限公司,鄂审稻2007009,鄂审稻,2007009,福eA7,海南神农大丰种业科技股份有限公司
广东,Y两优油占,Y58S×粤金油占,籼型两系杂交稻,广东省农业科学院水稻研究所,粤审稻20190044,粤审稻,20190044,Y58S,广东省农业科学院水稻研究所
湖北,全两优1号,全1S×R101,籼型两系杂交稻,湖北荃银高科种业有限公司等,鄂审稻2015003,鄂审稻,2015003,全1S,湖北荃银高科种业有限公司
广东,齐粒丝苗,巨丰占×澳粳占,籼型常规稻,广东省农业科学院水稻研究所等,粤审稻2004003,粤审稻,2004003,巨丰占,广东省农业科学院水稻研究所
广东,金象优579,金象A×R恒恢579,籼型三系杂交稻,海南丰悦农业开发有限公司等,粤审稻20220065,粤审稻,20220065,金象A,海南丰悦农业开发有限公司
广东,黄泰丝苗,粤农丝苗×丰粤华占,籼型常规稻,广东省农业科学院水稻研究所,粤审稻20190007,粤审稻,20190007,粤农丝苗,广东省农业科学院水稻研究所
广东,汕优2号,珍汕97A×IR24,籼型三系杂交稻,江西省萍乡市农业科学研究所,粤审稻1978024,粤审稻,1978024,珍汕97A,江西省萍乡市农业科学研究所
广东,吉田优701,吉田A×泰701,籼型三系杂交稻,连山壮族瑶族自治县农业科学研究所等,粤审稻2016039,粤审稻,2016039,吉田A,连山壮族瑶族自治县农业科学研究所
广东,禅特丰占,特籼占25/新软占//佛山油占×丰二占,籼型常规稻,佛山市农业科学研究所,粤审稻2014003,粤审稻,2014003,特籼占25/新软占//佛山油占,佛山市农业科学研究所
湖北,荆楚优201,荆楚814A×R201,籼型三系杂交稻,湖北省种子集团公司,鄂审稻2005015,鄂审稻,2005015,荆楚814A,湖北省种子集团公司
广东,卓优492,卓A×弘恢492,籼型三系杂交稻,广东海洋大学农学院等,粤审稻20200033,粤审稻,20200033,卓A,广东海洋大学农学院
广东,永丰优93,永丰A×R93,籼型三系杂交稻,广东粤良种业有限公司,粤审稻2012037,粤审稻,2012037,永丰A,广东粤良种业有限公司
广东,辉优320,辉A×中种恢320,籼型三系杂交稻,中国种子集团有限公司三亚分公司,粤审稻20180017,粤审稻,20180017,辉A,中国种子集团有限公司三亚分公司
广东,恒丰优3512,恒丰A×粤恢3512,籼型三系杂交稻,广东粤良种业有限公司,粤审稻20170037,粤审稻,20170037,恒丰A,广东粤良种业有限公司
湖北,培两优986,培矮64S×丰986,籼型两系杂交稻,湖北省农业科学院粮食作物研究所,鄂审稻2007008,鄂审稻,2007008,培矮64S,湖北省农业科学院粮食作物研究所
广西,柳丰占2号,浓16/005×黄莉占,籼型常规稻,广西农业科学院柳州分院等,桂审稻2023129号,桂审稻,2023129,浓16/005,广西农业科学院柳州分院
广东,野黄占,粤野软占×源籼占3,籼型常规稻,佛山市农业科学研究所,粤审稻2004002,粤审稻,2004002,粤野软占,佛山市农业科学研究所
广东,双桂36,桂阳矮C17×桂朝2号,籼型常规稻,广东省农业科学院水稻研究所,粤审稻1986005,粤审稻,1986005,桂阳矮C17,广东省农业科学院水稻研究所
广东,天优55,天丰A×广恢55,籼型三系杂交稻,广东省农业科学院水稻研究所,粤审稻2006041,粤审稻,2006041,天丰A,广东省农业科学院水稻研究所
广东,禾油占,玉香油占/合丰占×粤禾丝苗,籼型常规稻,广东省农业科学院水稻研究所,粤审稻20200054,粤审稻,20200054,玉香油占/合丰占,广东省农业科学院水稻研究所
湖北,培两优1108,培矮64S×华1108,籼型两系杂交稻,华中农业大学,鄂审稻2007007,鄂审稻,2007007,培矮64S,华中农业大学
湖北,陵两优7421,湘陵750S×华421,籼型两系杂交稻,湖南亚华种业科学研究院,鄂审稻2015002,鄂审稻,2015002,湘陵750S,湖南亚华种业科学研究院
广东,吉优5618,吉丰A×广恢5618,籼型三系杂交稻,广东省农业科学院水稻研究所等,粤审稻20180053,粤审稻,20180053,吉丰A,广东省农业科学院水稻研究所
广东,吉优371,吉丰A×广恢371,籼型三系杂交稻,广东省农业科学院水稻研究所等,粤审稻2015018,粤审稻,2015018,吉丰A,广东省农业科学院水稻研究所
广东,秋二矮,矮种水田谷/秋长3号×2150,籼型常规稻,广东省农业科学院水稻研究所,粤审稻1978023,粤审稻,1978023,矮种水田谷/秋长3号,广东省农业科学院水稻研究所
广东,五山油占,广青占/丰八占×五丰占2号,籼型常规稻,广东省农业科学院水稻研究所,粤审稻2006004,粤审稻,2006004,广青占/丰八占,广东省农业科学院水稻研究所
广东,华航33号,华航丝苗×H-33,籼型常规稻,华南农业大学国家植物航天育种工程技术研究中心,粤审稻2014002,粤审稻,2014002,华航丝苗,华南农业大学国家植物航天育种工程技术研究中心
广东,广泰优7170,广泰A×广恢7170,籼型三系杂交稻,广东省农业科学院水稻研究所,粤审稻20190043,粤审稻,20190043,广泰A,广东省农业科学院水稻研究所
广东,茉莉软占,茉莉新占/粤丰占×丰丝占,籼型常规稻,广东省农业科学院水稻研究所,粤审稻2006011,粤审稻,2006011,茉莉新占/粤丰占,广东省农业科学院水稻研究所
广东,合莉丝苗,玉香油占/合丝占×黄莉占,籼型常规稻,广东省农业科学院水稻研究所,粤审稻2015033,粤审稻,2015033,玉香油占/合丝占,广东省农业科学院水稻研究所
广东,黄粤占,丰粤占×黄华占,籼型常规稻,广东省农业科学院水稻研究所,粤审稻2008037,粤审稻,2008037,丰粤占,广东省农业科学院水稻研究所
广东,禾粤丝苗,粤美占×黄广丝苗,籼型常规稻,广东省农业科学院水稻研究所,粤审稻20190006,粤审稻,20190006,粤美占,广东省农业科学院水稻研究所
广东,文优6133,文6A×R6133,籼型三系杂交稻,广东华农大种业有限公司,粤审稻20180016,粤审稻,20180016,文6A,广东华农大种业有限公司
广东,吉优563,吉丰A×茂恢563,籼型三系杂交稻,广东华茂高科种业有限公司等,粤审稻20200032,粤审稻,20200032,吉丰A,广东华茂高科种业有限公司
广东,银晶软占,银花占×金桂占,籼型常规稻,广东省农业科学院水稻研究所,粤审稻2006010,粤审稻,2006010,银花占,广东省农业科学院水稻研究所
广东,恒丰优1179,恒丰A×航恢1179,籼型三系杂交稻,广东华农大种业有限公司等,粤审稻2016038,粤审稻,2016038,恒丰A,广东华农大种业有限公司
广西,鹰香丝苗,湘晚籼13号×湘晚籼13号/丰园香稻,籼型常规稻,鹰潭市农业科学研究院等,桂审稻2023128号,桂审稻,2023128,湘晚籼13号,鹰潭市农业科学研究院
湖北,株两优47,株1S×R47,籼型两系杂交稻,湖北荆楚种业股份有限公司等,鄂审稻2015001,鄂审稻,2015001,株1S,湖北荆楚种业股份有限公司
广东,佛山油占,特籼占25×三源93//小直12/三源649,籼型常规稻,佛山市农业科学研究所,粤审稻2004001,粤审稻,2004001,特籼占25,佛山市农业科学研究所
广东,三二矮,双二占×广二104,籼型常规稻,龙门县农业科学研究所,粤审稻1986004,粤审稻,1986004,双二占,龙门县农业科学研究所
广东,天优1019,天丰A×粤恢1019,籼型三系杂交稻,广东省农业科学院水稻研究所等,粤审稻2015017,粤审稻,2015017,天丰A,广东省农业科学院水稻研究所
广东,五禾丝苗,粤禾丝苗×五山丝苗,籼型常规稻,广州市农业科学研究院等,粤审稻20200053,粤审稻,20200053,粤禾丝苗,广州市农业科学研究院
广东,丰二占,七丰占/中二软占×丰丝占,籼型常规稻,广东省农业科学院水稻研究所,粤审稻2006003,粤审稻,2006003,七丰占/中二软占,广东省农业科学院水稻研究所
湖北,中9优838选,中9A×838选,籼型三系杂交稻,中国水稻研究所等,鄂审稻2005014,鄂审稻,2005014,中9A,中国水稻研究所
广东,裕优青占,裕A×金青占,籼型三系杂交稻,广州市金粤生物科技有限公司,粤审稻20170036,粤审稻,20170036,裕A,广州市金粤生物科技有限公司
广东,固丰占,合丰占×固银占,籼型常规稻,广东省农业科学院水稻研究所,粤审稻2014001,粤审稻,2014001,合丰占,广东省农业科学院水稻研究所
广东,美香占2号,Lemont/丰澳占//丰澳占×丰澳占,籼型常规稻,广东省农业科学院水稻研究所,粤审稻2006009,粤审稻,2006009,Lemont/丰澳占//丰澳占,广东省农业科学院水稻研究所
广东,博Ⅱ优9611,博ⅡA×G9611,籼型三系杂交稻,广州市金粤生物科技有限公司,粤审稻2012036,粤审稻,2012036,博ⅡA,广州市金粤生物科技有限公司
广东,封丰占,封山矮/秋长35号×科六,籼型常规稻,封开县农科所,粤审稻1978022,粤审稻,1978022,封山矮/秋长35号,封开县农科所
广东,深优1618,深95A×中种恢1618,籼型三系杂交稻,中国种子集团有限公司三亚分公司,粤审稻20170035,粤审稻,20170035,深95A,中国种子集团有限公司三亚分公司
广东,优优998,优ⅠA×广恢998,籼型三系杂交稻,广东省农业科学院水稻研究所,粤审稻2003009,粤审稻,2003009,优ⅠA,广东省农业科学院水稻研究所
广西,桂野3号,桂育7号×导177,籼型常规稻,广西壮族自治区农业科学院水稻研究所,桂审稻2023064号,桂审稻,2023064,桂育7号,广西壮族自治区农业科学院水稻研究所
广东,又美优金丝苗,又美A×金丝苗,籼型三系杂交稻,广东粤良种业有限公司,粤审稻20220064,粤审稻,20220064,又美A,广东粤良种业有限公司
湖北,培两优537,培矮64S×鄂中5号,籼型两系杂交稻,湖北省农业科学院粮食作物研究所,鄂审稻2007006,鄂审稻,2007006,培矮64S,湖北省农业科学院粮食作物研究所
广东,大丰糯,玉香油占/航香糯×长丰糯,籼型常规稻,广东省农业科学院水稻研究所,粤审稻2016037,粤审稻,2016037,玉香油占/航香糯,广东省农业科学院水稻研究所
广东,五优金丝苗,五丰A×金丝苗,籼型三系杂交稻,广东粤良种业有限公司等,粤审稻20180015,粤审稻,20180015,五丰A,广东粤良种业有限公司
广东,吉优青占,吉丰A×金青占,籼型三系杂交稻,广州市金粤生物科技有限公司,粤审稻20200031,粤审稻,20200031,吉丰A,广州市金粤生物科技有限公司
广东,黄广美占,黄广华占2号×五美占,籼型常规稻,广东省农业科学院水稻研究所,粤审稻20190005,粤审稻,20190005,黄广华占2号,广东省农业科学院水稻研究所
广西,恩丰优806,恩丰A×桂恢806,籼型三系杂交稻,广西壮族自治区农业科学院,桂审稻2023063号,桂审稻,2023063,恩丰A,广西壮族自治区农业科学院
广东,聚两优750,RGD-7S×V5128,籼型两系杂交稻,广东省农业科学院水稻研究所等,粤审稻2013051,粤审稻,2013051,RGD-7S,广东省农业科学院水稻研究所
广东,Y两优1173,Y58S×航恢1173,籼型两系杂交稻,国家植物航天育种工程技术研究中心（华南农业大学）等,粤审稻2015016,粤审稻,2015016,Y58S,国家植物航天育种工程技术研究中心（华南农业大学）
广东,隆两优150,隆科638S×华恢150,籼型两系杂交稻,安徽隆平高科种业有限公司,粤审稻20180052,粤审稻,20180052,隆科638S,安徽隆平高科种业有限公司
广东,木新选,木泉种×新四占,籼型常规稻,广东省新会县大��公社,粤审稻1978021,粤审稻,1978021,木泉种,广东省新会县大��公社
广东,富两优821,广富S×GR821,籼型两系杂交稻,广东省农业科学院水稻研究所等,粤审稻20170034,粤审稻,20170034,广富S,广东省农业科学院水稻研究所
广东,培杂268,培矮64S×R268,籼型两系杂交稻,肇庆市农业科学研究所,粤审稻2003008,粤审稻,2003008,培矮64S,肇庆市农业科学研究所
广西,耕香优晶晶,耕香A×米岗香丝苗,籼型三系杂交稻,广东现代种业发展有限公司等,桂审稻2023062号,桂审稻,2023062,耕香A,广东现代种业发展有限公司
湖北,宜香优62,宜香1A×恩恢62,籼型三系杂交稻,湖北省恩施土家族苗族自治州农业科学院,鄂审稻2014015,鄂审稻,2014015,宜香1A,湖北省恩施土家族苗族自治州农业科学院
广东,金花占,金华软占×银花占2号,籼型常规稻,广东省农业科学院水稻研究所,粤审稻2008036,粤审稻,2008036,金华软占,广东省农业科学院水稻研究所
广东,二白矮,秋白矮×秋二矮,籼型常规稻,广东省农业科学院水稻研究所,粤审稻1978020,粤审稻,1978020,秋白矮,广东省农业科学院水稻研究所
广东,和两优633,和620S×R633,籼型两系杂交稻,深圳市兆农农业科技有限公司,粤审稻20180051,粤审稻,20180051,和620S,深圳市兆农农业科技有限公司
广东,贵优313,贵A×HR313,籼型三系杂交稻,广东省农业科学院水稻研究所等,粤审稻20220063,粤审稻,20220063,贵A,广东省农业科学院水稻研究所
广东,广8优188,广8A×GR188,籼型三系杂交稻,广东省农业科学院水稻研究所等,粤审稻2012035,粤审稻,2012035,广8A,广东省农业科学院水稻研究所
广东,南晶占,五山丝苗×粤晶丝苗2号,籼型常规稻,广东省农业科学院水稻研究所,粤审稻2015032,粤审稻,2015032,五山丝苗,广东省农业科学院水稻研究所
广西,昂香两优巴丝,昂香15S×R巴丝,籼型两系杂交稻,南宁市利中惠农作物研究所等,桂审稻2023061号,桂审稻,2023061,昂香15S,南宁市利中惠农作物研究所
广东,粤优239,粤泰A×R239,籼型三系杂交稻,肇庆市农业科学研究所,粤审稻2003007,粤审稻,2003007,粤泰A,肇庆市农业科学研究所
广东,聚两优747,RGD-7S×V4748,籼型两系杂交稻,广东省农业科学院水稻研究所等,粤审稻2013050,粤审稻,2013050,RGD-7S,广东省农业科学院水稻研究所
广东,华航48号,五山丝苗×航香48,籼型常规稻,国家植物航天育种工程技术研究中心（华南农业大学）,粤审稻2016036,粤审稻,2016036,五山丝苗,国家植物航天育种工程技术研究中心（华南农业大学）
广东,粤秀占,粤华占×矮秀占,籼型常规稻,广东省农业科学院水稻研究所,粤审稻2006008,粤审稻,2006008,粤华占,广东省农业科学院水稻研究所
广东,广金占,华粳籼1号/象牙软占//新702×998/金丰占//新702,籼型常规稻,广东省农业科学院水稻研究所,粤审稻20190004,粤审稻,20190004,华粳籼1号/象牙软占//新702,广东省农业科学院水稻研究所
广东,籼油占,特籼占25×三源93//小直12/三源649,籼型常规稻,广东省佛山市农业科学研究所,粤审稻2006002,粤审稻,2006002,特籼占25,广东省佛山市农业科学研究所
广东,金稻优1302,金稻13A×粤恢1302,籼型三系杂交稻,广东省农业科学院水稻研究所,粤审稻20190042,粤审稻,20190042,金稻13A,广东省农业科学院水稻研究所
广东,博优2318,博A×航恢2318,籼型三系杂交稻,华南农业大学国家植物航天育种工程技术研究中心,粤审稻2013049,粤审稻,2013049,博A,华南农业大学国家植物航天育种工程技术研究中心
广东,卓优193,卓A×弘恢193,籼型三系杂交稻,广东天弘种业有限公司,粤审稻20180014,粤审稻,20180014,卓A,广东天弘种业有限公司
广西,仙香297,象牙香占/佛山油占×玉美占,籼型常规稻,广西武宣仙香源农业开发有限公司等,桂审稻2023127号,桂审稻,2023127,象牙香占/佛山油占,广西武宣仙香源农业开发有限公司
广东,早广2号,广二矮5号,籼型常规稻,广东省曲江县示范场,粤审稻1978019,粤审稻,1978019,广二矮5号,广东省曲江县示范场
湖北,福优98-5,福伊A×98-5,籼型三系杂交稻,湖北清江种业有限责任公司,鄂审稻2005013,鄂审稻,2005013,福伊A,湖北清江种业有限责任公司
湖北,中9优591,中9A×恩恢591,籼型三系杂交稻,湖北省恩施土家族苗族自治州农业科学院,鄂审稻2014014,鄂审稻,2014014,中9A,湖北省恩施土家族苗族自治州农业科学院
广东,培杂180,培矮64S×T180,籼型两系杂交稻,华南农业大学农学院,粤审稻2003006,粤审稻,2003006,培矮64S,华南农业大学农学院
广东,繁源优886,繁源A×恢886,籼型三系杂交稻,广东天弘种业有限公司等,粤审稻20180050,粤审稻,20180050,繁源A,广东天弘种业有限公司
广西,钧香优1122,钧香A×苏恢1122,籼型三系杂交稻,广西桂稻香农作物研究所有限公司,桂审稻2023029号,桂审稻,2023029,钧香A,广西桂稻香农作物研究所有限公司
湖北,嘉育60,嘉育143×YD988,籼型常规稻,浙江省嘉兴市农业科学研究院,鄂审稻2007005,鄂审稻,2007005,嘉育143,浙江省嘉兴市农业科学研究院
广东,五优1121,五丰A×粤恢1121,籼型三系杂交稻,广东省农业科学院水稻研究所等,粤审稻2015015,粤审稻,2015015,五丰A,广东省农业科学院水稻研究所
广东,粤标5号,粤丰占×粤丰占////粤丰占///粤丰占//粤丰占/C101...,籼型常规稻,广东省农业科学院水稻研究所等,粤审稻2015031,粤审稻,2015031,粤丰占,广东省农业科学院水稻研究所
广东,南两优362,南11S×R362,籼型两系杂交稻,广东省农业科学院水稻研究所,粤审稻20190041,粤审稻,20190041,南11S,广东省农业科学院水稻研究所
广东,矮梅早3号,矮青569/红梅选×桂朝2号,籼型常规稻,广东省农业科学院水稻研究所,粤审稻1986003,粤审稻,1986003,矮青569/红梅选,广东省农业科学院水稻研究所
广东,Y两优281,Y58S×R281,籼型两系杂交稻,广州市农业科学研究院等,粤审稻20170033,粤审稻,20170033,Y58S,广州市农业科学研究院
广西,瑞优1512,瑞68A×HR1512,籼型三系杂交稻,广东省农业科学院水稻研究所等,桂审稻2023028号,桂审稻,2023028,瑞68A,广东省农业科学院水稻研究所
广西,泰优110,泰丰A×筑农占110,籼型三系杂交稻,贵州筑农科种业有限责任公司,桂审稻2023060号,桂审稻,2023060,泰丰A,贵州筑农科种业有限责任公司
广东,宁两优1212,宁296S×R1212,籼型两系杂交稻,湖南隆平种业有限公司,粤审稻20200030,粤审稻,20200030,宁296S,湖南隆平种业有限公司
广东,亚两优70122,亚43S×R70122,籼型两系杂交稻,袁隆平农业高科技股份有限公司等,粤审稻20200029,粤审稻,20200029,亚43S,袁隆平农业高科技股份有限公司
广东,秋白早3号,矮种水田谷/秋长3号×局白,籼型常规稻,广东省农业科学院水稻研究所,粤审稻1978018,粤审稻,1978018,矮种水田谷/秋长3号,广东省农业科学院水稻研究所
广东,五优6133,五丰A×R6133,籼型三系杂交稻,广东华农大种业有限公司等,粤审稻20180013,粤审稻,20180013,五丰A,广东华农大种业有限公司
广东,中9优207,中9A×先恢207,籼型三系杂交稻,中国水稻研究所,粤审稻2003005,粤审稻,2003005,中9A,中国水稻研究所
湖北,益51A,金23A×益51B,籼型不育系,黄冈市农业科学院等,鄂审稻2014013,鄂审稻,2014013,金23A,黄冈市农业科学院
广东,Y两优7238,Y58S×R7238,籼型两系杂交稻,肇庆市农业科学研究所等,粤审稻2012034,粤审稻,2012034,Y58S,肇庆市农业科学研究所
广西,泰优19香,泰A×19香,籼型三系杂交稻,广东省农业科学院水稻研究所,桂审稻2023059号,桂审稻,2023059,泰A,广东省农业科学院水稻研究所
广东,双珍丝苗,丰莉丝苗×粤晶丝苗/双珍占,籼型常规稻,广东省农业科学院水稻研究所,粤审稻2015030,粤审稻,2015030,丰莉丝苗,广东省农业科学院水稻研究所
广东,金龙优粤禾丝苗,金龙A×粤禾丝苗,籼型三系杂交稻,广东省农业科学院水稻研究所,粤审稻20190040,粤审稻,20190040,金龙A,广东省农业科学院水稻研究所
广东,黄广丝苗,黄广油占×黄秀丝苗,籼型常规稻,广东省农业科学院水稻研究所,粤审稻2016035,粤审稻,2016035,黄广油占,广东省农业科学院水稻研究所
广东,元丰优998,元丰A×广恢998,籼型三系杂交稻,福建省三明市农业科学研究所等,粤审稻2013048,粤审稻,2013048,元丰A,福建省三明市农业科学研究所
广东,贵优117,贵A×HR117,籼型三系杂交稻,广东省农业科学院水稻研究所等,粤审稻20220062,粤审稻,20220062,贵A,广东省农业科学院水稻研究所
广东,泰四占,胜泰1号×七四占,籼型常规稻,惠州市农业科学研究所,粤审稻2006001,粤审稻,2006001,胜泰1号,惠州市农业科学研究所
湖北,两优1号,HD9802S×中组1号,籼型两系杂交稻,湖北大学生命科学学院等,鄂审稻2007004,鄂审稻,2007004,HD9802S,湖北大学生命科学学院
广东,五优1179,五丰A×航恢1179,籼型三系杂交稻,国家植物航天育种工程技术研究中心（华南农业大学）,粤审稻2015014,粤审稻,2015014,五丰A,国家植物航天育种工程技术研究中心（华南农业大学）
广东,早粳占,早银占×番粳籼,籼型常规稻,佛山市农业科学研究所,粤审稻2011030,粤审稻,2011030,早银占,佛山市农业科学研究所
广东,深两优1173,深08S×航恢1173,籼型两系杂交稻,华南农业大学国家植物航天育种工程技术研究中心,粤审稻20180049,粤审稻,20180049,深08S,华南农业大学国家植物航天育种工程技术研究中心
广东,五丝早占,五山丝苗×丰3550/毅夫//上陆/SWR22,籼型常规稻,广东省农业科学院水稻研究所,粤审稻20190003,粤审稻,20190003,五山丝苗,广东省农业科学院水稻研究所
湖北,Ⅱ优69,Ⅱ-32A×恩恢69,籼型三系杂交稻,恩施土家族苗族自治州农业科学院,鄂审稻2005012,鄂审稻,2005012,Ⅱ-32A,恩施土家族苗族自治州农业科学院
广西,庄两优429,391S×优恢429,籼型两系杂交稻,广西南宁华稻种业有限责任公司,桂审稻2023027号,桂审稻,2023027,391S,广西南宁华稻种业有限责任公司
广东,双优2009,双青A×弘恢2009,籼型三系杂交稻,广东海洋大学农业生物技术研究所等,粤审稻2010037,粤审稻,2010037,双青A,广东海洋大学农业生物技术研究所
广西,九九香,象牙香占/粤农丝苗×G487,籼型常规稻,广西皓凯生物科技有限公司等,桂审稻2023126号,桂审稻,2023126,象牙香占/粤农丝苗,广西皓凯生物科技有限公司
广东,乐两优1173,乐农21S×航恢1173,籼型两系杂交稻,广东华农大种业有限公司等,粤审稻20170032,粤审稻,20170032,乐农21S,广东华农大种业有限公司
广东,白香占,抗白占1号/七丝早21号×九七香占,籼型常规稻,广东省农业科学院植物保护研究所等,粤审稻2008035,粤审稻,2008035,抗白占1号/七丝早21号,广东省农业科学院植物保护研究所
广东,培杂航七,培矮64S×航恢七号,籼型两系杂交稻,华南农业大学农学院,粤审稻2005028,粤审稻,2005028,培矮64S,华南农业大学农学院
广东,合丝占,七山占/三合占×国丝早,籼型常规稻,广东省农业科学院水稻研究所,粤审稻2006007,粤审稻,2006007,七山占/三合占,广东省农业科学院水稻研究所
广东,和源优193,和源A×YR193,籼型三系杂交稻,湖南隆平种业有限公司,粤审稻20180012,粤审稻,20180012,和源A,湖南隆平种业有限公司
广东,科揭选17,IR8,籼型常规稻,揭阳市农业科学研究所,粤审稻1978017,粤审稻,1978017,IR8,揭阳市农业科学研究所
湖北,两优17,HD9802S×R17,籼型两系杂交稻,湖北大学生命科学学院,鄂审稻2007003,鄂审稻,2007003,HD9802S,湖北大学生命科学学院
广东,丰优428,粤丰A×广恢428,籼型三系杂交稻,广东省农业科学院水稻研究所,粤审稻2003004,粤审稻,2003004,粤丰A,广东省农业科学院水稻研究所
广东,汕优64,珍汕97A×测64-7,籼型三系杂交稻,浙江省种子公司等,粤审稻1986002,粤审稻,1986002,珍汕97A,浙江省种子公司
广东,广泰优259,广泰A×ZR259,籼型三系杂交稻,北京金色农华种业科技股份有限公司等,粤审稻20200028,粤审稻,20200028,广泰A,北京金色农华种业科技股份有限公司
广东,广8优2156,广8A×内香恢2156,籼型三系杂交稻,广东省农业科学院水稻研究所等,粤审稻2015029,粤审稻,2015029,广8A,广东省农业科学院水稻研究所
湖北,Ⅱ优80,Ⅱ-32A×恩恢80,籼型三系杂交稻,恩施土家族苗族自治州农业科学院,鄂审稻2005011,鄂审稻,2005011,Ⅱ-32A,恩施土家族苗族自治州农业科学院
广东,广8优粤禾丝苗,广8A×粤禾丝苗,籼型三系杂交稻,广东省农业科学院水稻研究所等,粤审稻20190039,粤审稻,20190039,广8A,广东省农业科学院水稻研究所
广西,海两优丝香,106S×优恢1518,籼型两系杂交稻,安徽荃银种业科技有限公司等,桂审稻2023026号,桂审稻,2023026,106S,安徽荃银种业科技有限公司
广东,永丰优华占,永丰A×华占,籼型三系杂交稻,广东粤良种业有限公司等,粤审稻2013047,粤审稻,2013047,永丰A,广东粤良种业有限公司
湖北,金优957,金23A×R957,籼型三系杂交稻,湖北华之夏种子有限责任公司,鄂审稻2014012,鄂审稻,2014012,金23A,湖北华之夏种子有限责任公司
广东,双优2088,双青A×弘恢2088,籼型三系杂交稻,广东海洋大学农业生物技术研究所等,粤审稻2012033,粤审稻,2012033,双青A,广东海洋大学农业生物技术研究所
广东,黄广金占,黄丰占×黄广油占,籼型常规稻,广东省农业科学院水稻研究所,粤审稻20190002,粤审稻,20190002,黄丰占,广东省农业科学院水稻研究所
广东,建优795,建A×R795,籼型三系杂交稻,广东源泰农业科技有限公司,粤审稻2010036,粤审稻,2010036,建A,广东源泰农业科技有限公司
广东,Y两优143,Y58S×P143,籼型两系杂交稻,国家杂交水稻工程技术研究中心,粤审稻2012018,粤审稻,2012018,Y58S,国家杂交水稻工程技术研究中心
广东,金华软占,杂交稻1号/特籼占×丰华占,籼型常规稻,广东省农业科学院水稻研究所,粤审稻2006006,粤审稻,2006006,杂交稻1号/特籼占,广东省农业科学院水稻研究所
广东,三澳占,三七早/922//澳雪占×番粳籼,籼型常规稻,佛山市农业科学研究所,粤审稻2011029,粤审稻,2011029,三七早/922//澳雪占,佛山市农业科学研究所
广东,峰软优49,峰软A×弘恢49,籼型三系杂交稻,广东天弘种业有限公司等,粤审稻20220061,粤审稻,20220061,峰软A,广东天弘种业有限公司
广东,安优319,安丰A×R319,籼型三系杂交稻,广东省农业科学院水稻研究所,粤审稻20180011,粤审稻,20180011,安丰A,广东省农业科学院水稻研究所
广东,粤美占,粤金银占×丰美占/千重浪//丰美占,籼型常规稻,广东省农业科学院水稻研究所,粤审稻2016034,粤审稻,2016034,粤金银占,广东省农业科学院水稻研究所
广西,青香优香九,青香A×R39,籼型三系杂交稻,湖南金健种业科技有限公司等,桂审稻2023058号,桂审稻,2023058,青香A,湖南金健种业科技有限公司
广西,广香386,209B/43B×盟B/R29,籼型常规稻,广西大学,桂审稻2022052号,桂审稻,2022052,209B/43B,广西大学
广东,恒丰优5522,恒丰A×粤良恢5522,籼型三系杂交稻,广东粤良种业有限公司,粤审稻20180048,粤审稻,20180048,恒丰A,广东粤良种业有限公司
广东,发两优849,发S×广恢849,籼型两系杂交稻,广东省农业科学院水稻研究所,粤审稻20190038,粤审稻,20190038,发S,广东省农业科学院水稻研究所
广东,Y两优88,Y58S×粤恢88,籼型两系杂交稻,广东省农业科学院水稻研究所,粤审稻20190037,粤审稻,20190037,Y58S,广东省农业科学院水稻研究所
广东,越两优华占,广越S×华占,籼型两系杂交稻,广东省金稻种业有限公司等,粤审稻20170031,粤审稻,20170031,广越S,广东省金稻种业有限公司
广东,裕优油占,裕A×黄广油占,籼型三系杂交稻,广东天之源农业科技有限公司等,粤审稻20200027,粤审稻,20200027,裕A,广东天之源农业科技有限公司
广东,吉田优华占,吉田A×华占,籼型三系杂交稻,广东粤良种业有限公司等,粤审稻2015013,粤审稻,2015013,吉田A,广东粤良种业有限公司
广东,青优辐桂,青四矮选21×辐桂,籼型常规稻,广东省农业科学院水稻研究所,粤审稻1986001,粤审稻,1986001,青四矮选21,广东省农业科学院水稻研究所
广东,深两优898,深08S×P3398,籼型两系杂交稻,广东兆华种业有限公司,粤审稻2015028,粤审稻,2015028,深08S,广东兆华种业有限公司
广东,越两优305,广越S×广恢305,籼型两系杂交稻,合肥丰乐种业股份有限公司等,粤审稻20180010,粤审稻,20180010,广越S,合肥丰乐种业股份有限公司
广东,五优738,五A×R738,籼型三系杂交稻,广东省农业科学院水稻研究所,粤审稻20190036,粤审稻,20190036,五A,广东省农业科学院水稻研究所
广东,丰优丝苗,粤丰A×广恢998,籼型三系杂交稻,广东省农业科学院水稻研究所,粤审稻2003003,粤审稻,2003003,粤丰A,广东省农业科学院水稻研究所
湖北,B优827,803A×蜀恢527,籼型三系杂交稻,西南科技大学水稻研究所等,鄂审稻2005010,鄂审稻,2005010,803A,西南科技大学水稻研究所
广东,丰优9802,粤丰A×粤恢9802,籼型三系杂交稻,广东省农业科学院植物保护研究所等,粤审稻2012032,粤审稻,2012032,粤丰A,广东省农业科学院植物保护研究所
广东,广油占,黄广油占×粤油丝苗,籼型常规稻,广东省农业科学院水稻研究所,粤审稻20190001,粤审稻,20190001,黄广油占,广东省农业科学院水稻研究所
广西,玉山占,玉美占×金农丝苗,籼型常规稻,玉林市农业科学院等,桂审稻2023125号,桂审稻,2023125,玉美占,玉林市农业科学院
广东,博优9802,博A×粤恢9802,籼型三系杂交稻,广东省农业科学院植物保护研究所,粤审稻2013046,粤审稻,2013046,博A,广东省农业科学院植物保护研究所
广东,春两优30,春6S×R30,籼型两系杂交稻,中国农业科学院深圳农业基因组研究所等,粤审稻20220060,粤审稻,20220060,春6S,中国农业科学院深圳农业基因组研究所
广东,禅穗占,佛山油占×中二软占,籼型常规稻,佛山市农业科学研究所,粤审稻2008034,粤审稻,2008034,佛山油占,佛山市农业科学研究所
广东,鹏优6377,鹏A×R6377,籼型三系杂交稻,国家杂交水稻工程技术研究中心清华深圳龙岗研究所等,粤审稻20170030,粤审稻,20170030,鹏A,国家杂交水稻工程技术研究中心清华深圳龙岗研究所
广东,莉苗占,粤广丝苗×黄莉占/矮秀占,籼型常规稻,佛山市农业科学研究所,粤审稻2016033,粤审稻,2016033,粤广丝苗,佛山市农业科学研究所
广东,荃优丝苗,荃9311A×五山丝苗,籼型三系杂交稻,安徽荃银高科种业股份有限公司等,粤审稻20180047,粤审稻,20180047,荃9311A,安徽荃银高科种业股份有限公司
广东,元两优81,元丰9828S×R81,籼型两系杂交稻,湛江元丰农业科技有限公司,粤审稻2012017,粤审稻,2012017,元丰9828S,湛江元丰农业科技有限公司
广西,华泰优9775,华泰A×富恢9775,籼型三系杂交稻,南宁市桂稻香农作物研究所等,桂审稻2023057号,桂审稻,2023057,华泰A,南宁市桂稻香农作物研究所
广东,科广10号,IR8×广二矮5号,籼型常规稻,新会市农科所,粤审稻1978016,粤审稻,1978016,IR8,新会市农科所
广东,台两优粤禾丝苗,台S×粤禾丝苗,籼型两系杂交稻,广东省农业科学院水稻研究所等,粤审稻20200026,粤审稻,20200026,台S,广东省农业科学院水稻研究所
广东,Y两优911,Y58S×创恢911,籼型两系杂交稻,湖南袁创超级稻技术有限公司,粤审稻20180064,粤审稻,20180064,Y58S,湖南袁创超级稻技术有限公司
广东,青优早,青四矮2号A×红梅早,籼型三系杂交稻,佛山市农业科学研究所,粤审稻1985003,粤审稻,1985003,青四矮2号A,佛山市农业科学研究所
广东,建优381,建A×R381,籼型三系杂交稻,湛江神禾生物技术有限公司,粤审稻2010035,粤审稻,2010035,建A,湛江神禾生物技术有限公司
广西,西大优1219,西大A×苏恢1219,籼型三系杂交稻,广西桂稻香农作物研究所有限公司等,桂审稻2023025号,桂审稻,2023025,西大A,广西桂稻香农作物研究所有限公司
广东,永丰优9802,永丰A×粤恢9802,籼型三系杂交稻,广东粤良种业有限公司,粤审稻2013045,粤审稻,2013045,永丰A,广东粤良种业有限公司
广东,莉丰占,茉莉软占×丰富占1号,籼型常规稻,佛山市农业科学研究所,粤审稻2011028,粤审稻,2011028,茉莉软占,佛山市农业科学研究所
湖北,泰优398,泰丰A×广恢398,籼型三系杂交稻,广东省农业科学院水稻研究所,鄂审稻2014011,鄂审稻,2014011,泰丰A,广东省农业科学院水稻研究所
广东,安优1380,安丰A×广恢1380,籼型三系杂交稻,广东省农业科学院水稻研究所等,粤审稻20190035,粤审稻,20190035,安丰A,广东省农业科学院水稻研究所
广东,群优519,群A×泰519,籼型三系杂交稻,广东源泰农业科技有限公司,粤审稻2015027,粤审稻,2015027,群A,广东源泰农业科技有限公司
广东,川种优3877,川种3A×中种恢2877,籼型三系杂交稻,中国种子集团有限公司等,粤审稻20170029,粤审稻,20170029,川种3A,中国种子集团有限公司
广东,五优1906,五丰A×茂恢1906,籼型三系杂交稻,广东华茂高科种业有限公司等,粤审稻20170028,粤审稻,20170028,五丰A,广东华茂高科种业有限公司
广东,广星优青占,广星A×金星占,籼型三系杂交稻,广东鲜美种苗股份有限公司等,粤审稻20180063,粤审稻,20180063,广星A,广东鲜美种苗股份有限公司
广东,龙优673,龙A×恢673,籼型三系杂交稻,广东农作物杂种优势开发利用中心,粤审稻2005027,粤审稻,2005027,龙A,广东农作物杂种优势开发利用中心
广东,荣优1179,荣丰A×航恢1179,籼型三系杂交稻,国家植物航天育种工程技术研究中心（华南农业大学）等,粤审稻20170027,粤审稻,20170027,荣丰A,国家植物航天育种工程技术研究中心（华南农业大学）
广东,南红1号,五山丝苗×软红米,籼型常规稻,广东省农业科学院水稻研究所,粤审稻2015012,粤审稻,2015012,五山丝苗,广东省农业科学院水稻研究所
广西,泰丰优2号,泰丰A×中恢7220,籼型三系杂交稻,中国水稻研究所等,桂审稻2022051号,桂审稻,2022051,泰丰A,中国水稻研究所
湖北,Ⅱ优906,Ⅱ-32A×蓉恢906,籼型三系杂交稻,成都市第二农业科学研究所,鄂审稻2005009,鄂审稻,2005009,Ⅱ-32A,成都市第二农业科学研究所
广东,粤黄广占,粤齐新占×黄广油占,籼型常规稻,广东省农业科学院水稻研究所,粤审稻2016032,粤审稻,2016032,粤齐新占,广东省农业科学院水稻研究所
广东,五优305,五丰A×广恢305,籼型三系杂交稻,广东省金稻种业有限公司等,粤审稻20180009,粤审稻,20180009,五丰A,广东省金稻种业有限公司
广西,颖香优翡翠,颖香A×富恢翡翠,籼型三系杂交稻,广西桂稻香农作物研究所有限公司等,桂审稻2023024号,桂审稻,2023024,颖香A,广西桂稻香农作物研究所有限公司
广东,粤农占,粤香占×丰矮占,籼型常规稻,广东省农业科学院水稻研究所,粤审稻2003002,粤审稻,2003002,粤香占,广东省农业科学院水稻研究所
广东,协作69,IR8×珍珠矮11,籼型常规稻,广东省新会县水稻育种协作组,粤审稻1978015,粤审稻,1978015,IR8,广东省新会县水稻育种协作组
广东,龙优486,龙A×泰486,籼型三系杂交稻,广东源泰农业科技有限公司,粤审稻2013044,粤审稻,2013044,龙A,广东源泰农业科技有限公司
广东,丛桂314,丛型3号×桂朝2号,籼型常规稻,广东省农业科学院水稻研究所,粤审稻1985002,粤审稻,1985002,丛型3号,广东省农业科学院水稻研究所
广东,胜优083,胜A×G083,籼型三系杂交稻,广东茂农种业科技有限公司,粤审稻20220059,粤审稻,20220059,胜A,广东茂农种业科技有限公司
广东,五优767,五丰A×R767,籼型三系杂交稻,广东省农业科学院水稻研究所,粤审稻20200025,粤审稻,20200025,五丰A,广东省农业科学院水稻研究所
广东,南8糯,粤香糯1375×五山丝苗,籼型常规稻,广州南国农业有限公司,粤审稻2015011,粤审稻,2015011,粤香糯1375,广州南国农业有限公司
广东,万金优322,万金A×HR322,籼型三系杂交稻,广东海洋大学农业生物技术研究所等,粤审稻2008033,粤审稻,2008033,万金A,广东海洋大学农业生物技术研究所
广东,泰丰优208,泰丰A×广恢208,籼型三系杂交稻,广东省农业科学院水稻研究所等,粤审稻2012031,粤审稻,2012031,泰丰A,广东省农业科学院水稻研究所
广东,软华优6100,G软华A×R6100,籼型三系杂交稻,广东华农大种业有限公司等,粤审稻20180046,粤审稻,20180046,G软华A,广东华农大种业有限公司
广东,天优9802,天丰A×粤恢9802,籼型三系杂交稻,广东省农业科学院植物研究所等,粤审稻2012016,粤审稻,2012016,天丰A,广东省农业科学院植物研究所
湖北,两优0328,1103S×Q28,籼型两系杂交稻,湖北省农业科学院粮食作物研究所,鄂审稻2014010,鄂审稻,2014010,1103S,湖北省农业科学院粮食作物研究所
广西,珑两优505,珑S×正恢505,籼型两系杂交稻,广西桂稻香农作物研究所有限公司等,桂审稻2024026号,桂审稻,2024026,珑S,广西桂稻香农作物研究所有限公司
广东,天优290,天丰A×广恢290,籼型三系杂交稻,广东省农业科学院水稻研究所,粤审稻2005026,粤审稻,2005026,天丰A,广东省农业科学院水稻研究所
广西,大唐香韵,粤农丝苗选×象牙香占/华占,籼型常规稻,广西中惠农业科技有限公司等,桂审稻2023124号,桂审稻,2023124,粤农丝苗选,广西中惠农业科技有限公司
广西,旺香优1219,旺香A×苏恢1219,籼型三系杂交稻,南宁市桂稻香农作物研究所,桂审稻2023056号,桂审稻,2023056,旺香A,南宁市桂稻香农作物研究所
广西,增香优宁香丝苗,增香A×宁香丝苗,籼型三系杂交稻,广东华农大种业有限公司,桂审稻2024096号,桂审稻,2024096,增香A,广东华农大种业有限公司
湖北,丰优293,农丰A×YR293,籼型三系杂交稻,安微荃银农业高科技研究所,鄂审稻2005008,鄂审稻,2005008,农丰A,安微荃银农业高科技研究所
广东,南两优红3号,南11S×南红3号,籼型两系杂交稻,广东省农业科学院水稻研究所,粤审稻20190034,粤审稻,20190034,南11S,广东省农业科学院水稻研究所
广东,南红3号,广红2号×粤禾丝苗,籼型常规稻,广东省农业科学院水稻研究所,粤审稻20180008,粤审稻,20180008,广红2号,广东省农业科学院水稻研究所
广东,恒丰优812,恒丰A×粤良恢812,籼型三系杂交稻,广东粤良种业有限公司,粤审稻20200024,粤审稻,20200024,恒丰A,广东粤良种业有限公司
广东,黄广华占1号,黄广油占×丰粤华占,籼型常规稻,广东省农业科学院水稻研究所,粤审稻2016031,粤审稻,2016031,黄广油占,广东省农业科学院水稻研究所
广东,胜优华航36,胜A×华航36号,籼型三系杂交稻,广东省良种引进服务公司,粤审稻20180045,粤审稻,20180045,胜A,广东省良种引进服务公司
广东,民科占,IR8,籼型常规稻,中山市民众镇农科站,粤审稻1978014,粤审稻,1978014,IR8,中山市民众镇农科站
广东,广红3号,金桂华占×广红1号,籼型常规稻,广东省农业科学院水稻研究所,粤审稻2015010,粤审稻,2015010,金桂华占,广东省农业科学院水稻研究所
广东,黄软丝苗,黄软占×丰莉丝苗,籼型常规稻,广东省农业科学院水稻研究所,粤审稻2015009,粤审稻,2015009,黄软占,广东省农业科学院水稻研究所
广东,吉丰优3550,吉丰A×广恢3550,籼型三系杂交稻,广东省农业科学院水稻研究所等,粤审稻2013043,粤审稻,2013043,吉丰A,广东省农业科学院水稻研究所
广东,恒丰优778,恒丰A×粤恢778,籼型三系杂交稻,广东粤良种业有限公司,粤审稻20170026,粤审稻,20170026,恒丰A,广东粤良种业有限公司
广东,黄合占,黄莉占×丰丝占/六合占,籼型常规稻,广东省农业科学院水稻研究所,粤审稻2011027,粤审稻,2011027,黄莉占,广东省农业科学院水稻研究所
广东,中广丝苗5号,IR9681-1-1-B-B/凤香丝苗×凤枣丝苗,籼型常规稻,东莞市中堂凤冲水稻科研站,粤审稻2016030,粤审稻,2016030,IR9681-1-1-B-B/凤香丝苗,东莞市中堂凤冲水稻科研站
广东,建优G2,建A×恢G2,籼型三系杂交稻,湛江神禾生物技术有限公司,粤审稻2010034,粤审稻,2010034,建A,湛江神禾生物技术有限公司
广东,深优9569,深95A×R1269,籼型三系杂交稻,清华大学深圳研究生院,粤审稻2015026,粤审稻,2015026,深95A,清华大学深圳研究生院
广西,青香优农占,青香A×中农占,籼型三系杂交稻,中国水稻研究所等,桂审稻2024095号,桂审稻,2024095,青香A,中国水稻研究所
广西,贵优柔丝,贵A×柔丝,籼型三系杂交稻,中国种子集团有限公司等,桂审稻2023023号,桂审稻,2023023,贵A,中国种子集团有限公司
广西,绿田香占,田东香×粤金油占,籼型常规稻,贺州市农业科学院等,桂审稻2023123号,桂审稻,2023123,田东香,贺州市农业科学院
广东,中映优265,中映A×恒恢265,籼型三系杂交稻,广东现代种业发展有限公司,粤审稻20200023,粤审稻,20200023,中映A,广东现代种业发展有限公司
广东,广8优165,广8A×GR165,籼型三系杂交稻,广东省农业科学院水稻研究所等,粤审稻2013042,粤审稻,2013042,广8A,广东省农业科学院水稻研究所
广东,台珍92号,台山1号×珍珠矮11,籼型常规稻,台山市大江镇农科站,粤审稻1978013,粤审稻,1978013,台山1号,台山市大江镇农科站
广东,臻两优785,隆臻36S×华恢785,籼型两系杂交稻,袁隆平农业高科技股份有限公司等,粤审稻20220058,粤审稻,20220058,隆臻36S,袁隆平农业高科技股份有限公司
广西,果两优桂花丝苗,果S×桂花丝苗,籼型两系杂交稻,湖南中朗种业有限公司,桂审稻2022050号,桂审稻,2022050,果S,湖南中朗种业有限公司
广东,粤金农占,粤农丝苗×粤金油占,籼型常规稻,广东省农业科学院水稻研究所,粤审稻2015008,粤审稻,2015008,粤农丝苗,广东省农业科学院水稻研究所
广东,双二占,木新占/IR20×IR22,籼型常规稻,斗门县农业科学研究所,粤审稻1985001,粤审稻,1985001,木新占/IR20,斗门县农业科学研究所
广东,恒丰优298,恒丰A×R298,籼型三系杂交稻,广东粤良种业有限公司,粤审稻2012015,粤审稻,2012015,恒丰A,广东粤良种业有限公司
广西,瑞优313,瑞68A×HR313,籼型三系杂交稻,广东省农业科学院水稻研究所等,桂审稻2024025号,桂审稻,2024025,瑞68A,广东省农业科学院水稻研究所
广东,华航56号,华航31号/金农丝苗×华香丝苗/黄软占,籼型常规稻,国家植物航天育种工程技术研究中心（华南农业大学）,粤审稻20180007,粤审稻,20180007,华航31号/金农丝苗,国家植物航天育种工程技术研究中心（华南农业大学）
广东,深优9708,深97A×R8108,籼型三系杂交稻,国家杂交水稻工程技术研究中心清华深圳龙岗研究所,粤审稻2012030,粤审稻,2012030,深97A,国家杂交水稻工程技术研究中心清华深圳龙岗研究所
广东,培杂软占,培矮64S×抗蚊软占,籼型两系杂交稻,广东省农业科学院植物保护研究所,粤审稻2008032,粤审稻,2008032,培矮64S,广东省农业科学院植物保护研究所
广东,黄齐占,丰秀占/新华占2//齐华占×黄软占,籼型常规稻,广东省农业科学院水稻研究所,粤审稻2016029,粤审稻,2016029,丰秀占/新华占2//齐华占,广东省农业科学院水稻研究所
广东,恒丰优珍丝苗,恒丰A×珍丝苗,籼型三系杂交稻,广东粤良种业有限公司等,粤审稻20180044,粤审稻,20180044,恒丰A,广东粤良种业有限公司
广东,广晶油占,广晶软占×湖南香稻,籼型常规稻,广东省农业科学院水稻研究所,粤审稻20180006,粤审稻,20180006,广晶软占,广东省农业科学院水稻研究所
广东,黄广占,黄莉占×粤广丝苗,籼型常规稻,广东省农业科学院水稻研究所,粤审稻2010002,粤审稻,2010002,黄莉占,广东省农业科学院水稻研究所
广东,信两优388,信99S×华恢388,籼型两系杂交稻,广东省植物分子育种重点实验室,粤审稻20170025,粤审稻,20170025,信99S,广东省植物分子育种重点实验室
广东,安丰优5618,安丰A×广恢5618,籼型三系杂交稻,广东省农业科学院水稻研究所等,粤审稻2013041,粤审稻,2013041,安丰A,广东省农业科学院水稻研究所
广西,万泰优1371,万泰A×铭恢1371,籼型三系杂交稻,广西桂稻香农作物研究所有限公司,桂审稻2023055号,桂审稻,2023055,万泰A,广西桂稻香农作物研究所有限公司
广西,协禾优8316,协禾A×YR8316,籼型三系杂交稻,安徽荃银高科种业股份有限公司等,桂审稻2024024号,桂审稻,2024024,协禾A,安徽荃银高科种业股份有限公司
广西,恒丰优京贵占,恒丰A×京贵占,籼型三系杂交稻,北京金色农华种业科技股份有限公司等,桂审稻2024023号,桂审稻,2024023,恒丰A,北京金色农华种业科技股份有限公司
广西,叶两优桂丝,黄叶S×田桂丝,籼型两系杂交稻,贺州市农业科学院等,桂审稻2024022号,桂审稻,2024022,黄叶S,贺州市农业科学院
广东,五优3301,五丰A×闽恢3301,籼型三系杂交稻,广东省农业科学院水稻研究所等,粤审稻2015025,粤审稻,2015025,五丰A,广东省农业科学院水稻研究所
广东,和两优633,和620S×R633,籼型两系杂交稻,深圳市兆农农业科技有限公司,粤审稻2015024,粤审稻,2015024,和620S,深圳市兆农农业科技有限公司
广东,天优368,天丰A×广恢368,籼型三系杂交稻,广东省农业科学院水稻研究所,粤审稻2005025,粤审稻,2005025,天丰A,广东省农业科学院水稻研究所
广东,矮秀占,丰矮占1号×新麻占/七秀占,籼型常规稻,广东省农业科学院水稻研究所,粤审稻2003001,粤审稻,2003001,丰矮占1号,广东省农业科学院水稻研究所
广东,吉丰优1002,吉丰A×广恢1002,籼型三系杂交稻,广东省农业科学院水稻研究所等,粤审稻2013040,粤审稻,2013040,吉丰A,广东省农业科学院水稻研究所
广东,广九6号,广二矮4号×二九矮,籼型常规稻,广东省丰顺县农业科学研究所,粤审稻1978012,粤审稻,1978012,广二矮4号,广东省丰顺县农业科学研究所
广东,新铁大,铁骨矮31×福矮大穗,籼型常规稻,潮安县农科所,粤审稻1978011,粤审稻,1978011,铁骨矮31,潮安县农科所
广西,又美优8号,又美A×中恢7211,籼型三系杂交稻,中国水稻研究所等,桂审稻2024094号,桂审稻,2024094,又美A,中国水稻研究所
广西,中浙优196,中浙A×TR196,籼型三系杂交稻,浙江勿忘农种业股份有限公司等,桂审稻2024093号,桂审稻,2024093,中浙A,浙江勿忘农种业股份有限公司
广东,粤两优109,GD-5S×茂恢109,籼型两系杂交稻,广东华茂高科种业有限公司等,粤审稻2012014,粤审稻,2012014,GD-5S,广东华茂高科种业有限公司
广西,万丰优818,万丰99A×创恢818,籼型三系杂交稻,湖南袁创超级稻技术有限公司,桂审稻2024092号,桂审稻,2024092,万丰99A,湖南袁创超级稻技术有限公司
广东,C两优191,C815S×航恢191,籼型两系杂交稻,国家植物航天育种工程技术研究中心（华南农业大学）,粤审稻2016028,粤审稻,2016028,C815S,国家植物航天育种工程技术研究中心（华南农业大学）
广西,玉美金占,合丰丝苗×百香139,籼型常规稻,玉林市农业科学院等,桂审稻2023122号,桂审稻,2023122,合丰丝苗,玉林市农业科学院
广西,武大优2号,武大A×富恢1102,籼型三系杂交稻,南宁市桂稻香农作物研究所,桂审稻2023022号,桂审稻,2023022,武大A,南宁市桂稻香农作物研究所
广东,新黄占,黄莉占×黄华占//绿油占/CBB23,籼型常规稻,广东省农业科学院水稻研究所,粤审稻2011026,粤审稻,2011026,黄莉占,广东省农业科学院水稻研究所
广东,粤金银占,粤金油占×粤银丝苗,籼型常规稻,广东省农业科学院水稻研究所,粤审稻2015007,粤审稻,2015007,粤金油占,广东省农业科学院水稻研究所
广东,特优668,龙特浦A×恢668,籼型三系杂交稻,广东天弘种业有限公司,粤审稻2015023,粤审稻,2015023,龙特浦A,广东天弘种业有限公司
广东,弘优689,弘A×弘恢689,籼型三系杂交稻,广东天弘种业有限公司,粤审稻20200022,粤审稻,20200022,弘A,广东天弘种业有限公司
广东,广8优源美丝苗,广8A×源美丝苗,籼型三系杂交稻,广东省农业科学院水稻研究所,粤审稻20220057,粤审稻,20220057,广8A,广东省农业科学院水稻研究所
广东,青华矮6号,晚青/青兰矮×华竹矮,籼型常规稻,广东省农业科学院水稻研究所,粤审稻1984002,粤审稻,1984002,晚青/青兰矮,广东省农业科学院水稻研究所
广东,博优8540,博A×中种恢8540,籼型三系杂交稻,三亚中种种业有限公司,粤审稻2008031,粤审稻,2008031,博A,三亚中种种业有限公司
广东,丰秀丝苗,五山丝苗×丰秀占,籼型常规稻,广东省农业科学院水稻研究所,粤审稻2010001,粤审稻,2010001,五山丝苗,广东省农业科学院水稻研究所
广东,黄软油占,黄软占×黄广油占,籼型常规稻,广东省农业科学院水稻研究所,粤审稻20180005,粤审稻,20180005,黄软占,广东省农业科学院水稻研究所
广东,华优153,Y华农A×R153,籼型三系杂交稻,广东省汕头市农业科学研究所等,粤审稻2005024,粤审稻,2005024,Y华农A,广东省汕头市农业科学研究所
广东,华优868,Y华农A×R868,籼型三系杂交稻,广东农作物杂种优势开发利用中心等,粤审稻2005023,粤审稻,2005023,Y华农A,广东农作物杂种优势开发利用中心
广东,华航57号,华航31号/胜巴丝苗×华航31号/华航油占,籼型常规稻,华南农业大学国家植物航天育种工程技术研究中心,粤审稻20180043,粤审稻,20180043,华航31号/胜巴丝苗,华南农业大学国家植物航天育种工程技术研究中心
广东,深优9716,深97A×R7116,籼型三系杂交稻,清华大学深圳研究生院,粤审稻2013039,粤审稻,2013039,深97A,清华大学深圳研究生院
广西,武太优3号,武太A×富恢1003,籼型三系杂交稻,广西桂稻香农作物研究所有限公司,桂审稻2023021号,桂审稻,2023021,武太A,广西桂稻香农作物研究所有限公司
广东,卓优6号,卓A×恢6号,籼型三系杂交稻,广东海洋大学农学院等,粤审稻20170024,粤审稻,20170024,卓A,广东海洋大学农学院
广西,荃香优1606,荃香9A×YR1606,籼型三系杂交稻,安徽荃银高科种业股份有限公司,桂审稻2023054号,桂审稻,2023054,荃香9A,安徽荃银高科种业股份有限公司
广西,华浙优11,华浙2A×中恢7211,籼型三系杂交稻,中国水稻研究所等,桂审稻2023020号,桂审稻,2023020,华浙2A,中国水稻研究所
广西,得两优香油占,D299S×桂农香油占,籼型两系杂交稻,广西南宁华稻种业有限责任公司等,桂审稻2022049号,桂审稻,2022049,D299S,广西南宁华稻种业有限责任公司
广东,深优9521,深95A×R21,籼型三系杂交稻,清华大学深圳研究生院,粤审稻2013038,粤审稻,2013038,深95A,清华大学深圳研究生院
广西,叶两优桂27,黄叶S×桂27R,籼型两系杂交稻,贺州市农业科学院等,桂审稻2024021号,桂审稻,2024021,黄叶S,贺州市农业科学院
广东,汕优36,珍汕97A×IR36,籼型三系杂交稻,广西平南县农科所,粤审稻1984001,粤审稻,1984001,珍汕97A,广西平南县农科所
广西,野香优粉丝,野香A×R粉丝,籼型三系杂交稻,江西天稻粮安种业有限公司等,桂审稻2024091号,桂审稻,2024091,野香A,江西天稻粮安种业有限公司
广东,Y两优321,Y58S×R321,籼型两系杂交稻,广州市农业科学研究院等,粤审稻2013037,粤审稻,2013037,Y58S,广州市农业科学研究院
广西,华浙优78,华浙2A×中恢7208,籼型三系杂交稻,中国水稻研究所等,桂审稻2023019号,桂审稻,2023019,华浙2A,中国水稻研究所
广东,今优223,今A×R223,籼型三系杂交稻,中国科学院华南植物研究所,粤审稻2002013,粤审稻,2002013,今A,中国科学院华南植物研究所
广东,谷优367,谷丰A×恢367,籼型三系杂交稻,广东海洋大学农学院等,粤审稻2015022,粤审稻,2015022,谷丰A,广东海洋大学农学院
广东,五山晶占,黄莉占×五山秀占,籼型常规稻,广东省农业科学院水稻研究所,粤审稻20180042,粤审稻,20180042,黄莉占,广东省农业科学院水稻研究所
广西,华浙优新占,华浙2A×新占,籼型三系杂交稻,中国水稻研究所等,桂审稻2023018号,桂审稻,2023018,华浙2A,中国水稻研究所
广东,铁大糯,新铁大2号,籼型常规稻,潮安县金石镇农科站,粤审稻1978010,粤审稻,1978010,新铁大2号,潮安县金石镇农科站
广东,粤航新占,粤黄占×华航新占,籼型常规稻,广东省农业科学院水稻研究所,粤审稻20180004,粤审稻,20180004,粤黄占,广东省农业科学院水稻研究所
广东,C两优1231,C815S×航恢1231,籼型两系杂交稻,国家植物航天育种工程技术研究中心（华南农业大学）,粤审稻2016027,粤审稻,2016027,C815S,国家植物航天育种工程技术研究中心（华南农业大学）
广西,桂丰美丝,兆香1号×丰合占,籼型常规稻,广西壮族自治区农业科学院,桂审稻2023121号,桂审稻,2023121,兆香1号,广西壮族自治区农业科学院
广东,粤新银占2号,新黄占×粤金银占,籼型常规稻,广东省农业科学院水稻研究所,粤审稻20180041,粤审稻,20180041,新黄占,广东省农业科学院水稻研究所
广西,恒两优丰香丝苗,恒59S×丰香丝苗R,籼型两系杂交稻,广西南宁良农种业有限公司,桂审稻2023053号,桂审稻,2023053,恒59S,广西南宁良农种业有限公司
广东,恒丰优666,恒丰A×粤恢666,籼型三系杂交稻,广东粤良种业有限公司,粤审稻2013036,粤审稻,2013036,恒丰A,广东粤良种业有限公司
广东,天优122,天丰A×广恢122,籼型三系杂交稻,广东省农业科学院水稻研究所,粤审稻2005022,粤审稻,2005022,天丰A,广东省农业科学院水稻研究所
广东,培杂620,培矮64S×HR620,籼型两系杂交稻,湛江海洋大学杂优稻研究室,粤审稻2002012,粤审稻,2002012,培矮64S,湛江海洋大学杂优稻研究室
广西,Q两优银泰香占,全151S×银泰香占,籼型两系杂交稻,安徽荃银高科种业股份有限公司,桂审稻2022048号,桂审稻,2022048,全151S,安徽荃银高科种业股份有限公司
广东,恒丰优426,恒丰A×粤恢426,籼型三系杂交稻,广东粤良种业有限公司,粤审稻20170023,粤审稻,20170023,恒丰A,广东粤良种业有限公司
广东,新青矮,窄叶青8号×C.P.231,籼型常规稻,广东省农业科学院水稻研究所,粤审稻1978009,粤审稻,1978009,窄叶青8号,广东省农业科学院水稻研究所
广西,色香优天丝,色香A×R天丝,籼型三系杂交稻,广西绿海种业有限公司,桂审稻2024090号,桂审稻,2024090,色香A,广西绿海种业有限公司
广西,泰丰优717,泰丰A×中恢717,籼型三系杂交稻,中国水稻研究所,桂审稻2023017号,桂审稻,2023017,泰丰A,中国水稻研究所
广西,桂育糯198,桂D1号×GFN19/GFN16,籼型常规稻,广西壮族自治区农业科学院水稻研究所,桂审稻2021205号,桂审稻,2021205,桂D1号,广西壮族自治区农业科学院水稻研究所
广东,黄广莉占,丰莉丝苗×黄广占,籼型常规稻,广东省农业科学院水稻研究所,粤审稻2015006,粤审稻,2015006,丰莉丝苗,广东省农业科学院水稻研究所
广东,广二104,广二矮5号,籼型常规稻,广州市农业科学研究所,粤审稻1978008,粤审稻,1978008,广二矮5号,广州市农业科学研究所
广东,窄叶青8号,花龙水田谷/塘竹679×鸡对伦,籼型常规稻,广东省农业科学院水稻研究所,粤审稻1978007,粤审稻,1978007,花龙水田谷/塘竹679,广东省农业科学院水稻研究所
广东,甬优4550,甬粳45A×F9250,籼粳交三系杂交稻,宁波市种子有限公司,粤审稻2016026,粤审稻,2016026,甬粳45A,宁波市种子有限公司
广东,N两优201,N72S×化感稻201,籼型两系杂交稻,华南农业大学农学院等,粤审稻20170022,粤审稻,20170022,N72S,华南农业大学农学院
广西,文两优珍香,文247S×原谷珍香,籼型两系杂交稻,安徽未来种业有限公司等,桂审稻2023120号,桂审稻,2023120,文247S,安徽未来种业有限公司
广东,天优航七,天丰A×航恢七号,籼型三系杂交稻,华南农业大学植物航天育种研究中心等,粤审稻2010033,粤审稻,2010033,天丰A,华南农业大学植物航天育种研究中心
广东,广红1号,广银软占×南红宝,籼型常规稻,广东省农业科学院水稻研究所,粤审稻2012029,粤审稻,2012029,广银软占,广东省农业科学院水稻研究所
广东,南优占,金农丝苗/美油占×五山莉占,籼型常规稻,广东省农业科学院水稻研究所,粤审稻20180040,粤审稻,20180040,金农丝苗/美油占,广东省农业科学院水稻研究所
广东,五广占,五山油占×粤广丝苗,籼型常规稻,广东省农业科学院水稻研究所,粤审稻2011025,粤审稻,2011025,五山油占,广东省农业科学院水稻研究所
广东,宏优665,宏A×R665,籼型三系杂交稻,广东源泰农业科技有限公司,粤审稻2012013,粤审稻,2012013,宏A,广东源泰农业科技有限公司
广东,白粳占,五百粒/粳籼89×抗白粳籼占,籼型常规稻,广东省农业科学院植物保护研究所等,粤审稻2015005,粤审稻,2015005,五百粒/粳籼89,广东省农业科学院植物保护研究所
广东,华航36号,桂农占×H-136,籼型常规稻,国家植物航天育种工程技术研究中心（华南农业大学）,粤审稻2015004,粤审稻,2015004,桂农占,国家植物航天育种工程技术研究中心（华南农业大学）
广东,秋优998,秋A×广恢998,籼型三系杂交稻,广东省农业科学院水稻研究所,粤审稻2002011,粤审稻,2002011,秋A,广东省农业科学院水稻研究所
广西,裕两优云香占,裕S×云香占,籼型两系杂交稻,广西燕坤农业科技有限公司,桂审稻2023119号,桂审稻,2023119,裕S,广西燕坤农业科技有限公司
广西,桂香优香占,桂香A×R758,籼型三系杂交稻,广西鹏韵种业有限责任公司,桂审稻2023118号,桂审稻,2023118,桂香A,广西鹏韵种业有限责任公司
广东,隆晶优华占,隆晶4302A×华占,籼型三系杂交稻,湖南隆平高科种业科学研究院有限公司等,粤审稻20170021,粤审稻,20170021,隆晶4302A,湖南隆平高科种业科学研究院有限公司
广东,正优283,正A×R283,籼型三系杂交稻,广西南宁中正种业有限公司,粤审稻2009047,粤审稻,2009047,正A,广西南宁中正种业有限公司
广东,桂朝2号,桂阳矮49×朝阳早18,籼型常规稻,广东省农业科学院水稻研究所,粤审稻1978006,粤审稻,1978006,桂阳矮49,广东省农业科学院水稻研究所
广西,野香优金星丝苗,野香A×R金星丝苗,籼型三系杂交稻,广西绿海种业有限公司等,桂审稻2024089号,桂审稻,2024089,野香A,广西绿海种业有限公司
广东,吉田优609,吉田A×泰609,籼型三系杂交稻,连山壮族瑶族自治县农业科学研究所等,粤审稻20200021,粤审稻,20200021,吉田A,连山壮族瑶族自治县农业科学研究所
广东,粤杂8763,GD-5S×茂恢763,籼型两系杂交稻,广东华茂高科种业有限公司等,粤审稻2008030,粤审稻,2008030,GD-5S,广东华茂高科种业有限公司
广西,桂育糯158,桂D1号×中糯2055,籼型常规稻,广西壮族自治区农业科学院水稻研究所,桂审稻2021204号,桂审稻,2021204,桂D1号,广西壮族自治区农业科学院水稻研究所
广东,天优372,天丰A×广恢372,籼型三系杂交稻,广东省农业科学院水稻研究所,粤审稻2005021,粤审稻,2005021,天丰A,广东省农业科学院水稻研究所
广西,金珍优瑞丝,金珍A×R瑞丝,籼型三系杂交稻,江西金山种业有限公司等,桂审稻2023052号,桂审稻,2023052,金珍A,江西金山种业有限公司
广东,兰优7号,兰A×α-7,籼型三系杂交稻,清华大学深圳研究生院,粤审稻2010032,粤审稻,2010032,兰A,清华大学深圳研究生院
广东,峰软优天弘油占,峰软A×天弘油占,籼型三系杂交稻,广东天弘种业有限公司,粤审稻20220056,粤审稻,20220056,峰软A,广东天弘种业有限公司
广东,朝阳早18,园籼早,籼型常规稻,广东省农业科学院水稻研究所,粤审稻1978005,粤审稻,1978005,园籼早,广东省农业科学院水稻研究所
广东,华两优华占,华6S×华占,籼型两系杂交稻,广东兆华种业有限公司等,粤审稻20200020,粤审稻,20200020,华6S,广东兆华种业有限公司
广东,粤油丝苗,白壳粤秀占×粤油占,籼型常规稻,广东省农业科学院水稻研究所,粤审稻2011024,粤审稻,2011024,白壳粤秀占,广东省农业科学院水稻研究所
广西,桂丰黑糯169,容县黑糯/东兰墨米×中科黑糯1号,籼型常规稻,广西壮族自治区农业科学院水稻研究所,桂审稻2021203号,桂审稻,2021203,容县黑糯/东兰墨米,广西壮族自治区农业科学院水稻研究所
广东,IR837糯,IR837,籼型常规稻,番禺县农业科学研究所,粤审稻1983006,粤审稻,1983006,IR837,番禺县农业科学研究所
广东,佛稻占,五山丝苗×粤泰丝苗,籼型常规稻,佛山市农业科学研究所,粤审稻2015003,粤审稻,2015003,五山丝苗,佛山市农业科学研究所
广西,荃香优银泰香占,荃香9A×银泰香占,籼型三系杂交稻,安徽荃银高科种业股份有限公司,桂审稻2022047号,桂审稻,2022047,荃香9A,安徽荃银高科种业股份有限公司
广西,荃泰优银泰香占,荃泰A×银泰香占,籼型三系杂交稻,安徽荃银高科种业股份有限公司,桂审稻2022046号,桂审稻,2022046,荃泰A,安徽荃银高科种业股份有限公司
广东,泰丰优1132,泰丰A×R1132,籼型三系杂交稻,广东华农大种业有限公司等,粤审稻20220055,粤审稻,20220055,泰丰A,广东华农大种业有限公司
广东,安丰优3698,安丰A×广恢3698,籼型三系杂交稻,广东省农业科学院水稻研究所等,粤审稻2013035,粤审稻,2013035,安丰A,广东省农业科学院水稻研究所
广东,特优666,龙特浦A×粤恢666,籼型三系杂交稻,广东粤良种业有限公司,粤审稻2015021,粤审稻,2015021,龙特浦A,广东粤良种业有限公司
广东,青二矮,青丰矮×江二矮,籼型常规稻,广东省农业科学院水稻研究所等,粤审稻1978004,粤审稻,1978004,青丰矮,广东省农业科学院水稻研究所
广东,科揭选2号,IR8,籼型常规稻,揭阳市农业科学研究所,粤审稻1978003,粤审稻,1978003,IR8,揭阳市农业科学研究所
广东,红梅早,珍珠矮×梅峰7号,籼型常规稻,广东省新会县环城公社,粤审稻1978002,粤审稻,1978002,珍珠矮,广东省新会县环城公社
广东,广新占,黄华占//美雪丝苗/矮秀占×新801,籼型常规稻,广东省农业科学院水稻研究所,粤审稻20180003,粤审稻,20180003,黄华占//美雪丝苗/矮秀占,广东省农业科学院水稻研究所
广东,新泰优华占,新泰A×华占,籼型三系杂交稻,广东省农业科学院水稻研究所等,粤审稻20200019,粤审稻,20200019,新泰A,广东省农业科学院水稻研究所
广西,知香优谷儿,知香A×谷儿,籼型三系杂交稻,岑溪市知稻农业科技有限公司,桂审稻2023016号,桂审稻,2023016,知香A,岑溪市知稻农业科技有限公司
广东,荣优826,荣丰A×粤恢826,籼型三系杂交稻,广东省农业科学院水稻研究所,粤审稻2012012,粤审稻,2012012,荣丰A,广东省农业科学院水稻研究所
广东,粤农丝苗,黄华占×粤泰13,籼型常规稻,广东省农业科学院水稻研究所,粤审稻2011023,粤审稻,2011023,黄华占,广东省农业科学院水稻研究所
广东,粤美丝苗,粤新占2号×美香占/矮秀占,籼型常规稻,广东省农业科学院水稻研究所,粤审稻2011022,粤审稻,2011022,粤新占2号,广东省农业科学院水稻研究所
广东,旺两优华7,W115S×新恢华7,籼型两系杂交稻,湖南杂交水稻研究中心等,粤审稻20200018,粤审稻,20200018,W115S,湖南杂交水稻研究中心
广西,韵两优633,韵2013S×R633,籼型两系杂交稻,袁隆平农业高科技股份有限公司等,桂审稻2020055号,桂审稻,2020055,韵2013S,袁隆平农业高科技股份有限公司
广东,玉晶丝苗,黄软占×玉香油占//合丝占/合丰占,籼型常规稻,广东省农业科学院水稻研究所,粤审稻20180039,粤审稻,20180039,黄软占,广东省农业科学院水稻研究所
广西,桂丰黑糯168,容县黑糯/桂D1号×GFN16,籼型常规稻,广西壮族自治区农业科学院水稻研究所,桂审稻2021202号,桂审稻,2021202,容县黑糯/桂D1号,广西壮族自治区农业科学院水稻研究所
广西,晶紫糯166,容县黑糯/东兰墨米×GFN16,籼型常规稻,广西壮族自治区农业科学院水稻研究所,桂审稻2021201号,桂审稻,2021201,容县黑糯/东兰墨米,广西壮族自治区农业科学院水稻研究所
广西,桂田优1号,桂田A×DFR1,籼型三系杂交稻,广西鼎烽种业有限公司,桂审稻2023117号,桂审稻,2023117,桂田A,广西鼎烽种业有限公司
广东,星优707,星A×泰707,籼型三系杂交稻,广东源泰农业科技有限公司,粤审稻2015020,粤审稻,2015020,星A,广东源泰农业科技有限公司
广东,南早33号,南早32号,籼型常规稻,江门市新会区农业科学研究所,粤审稻1978001,粤审稻,1978001,南早32号,江门市新会区农业科学研究所
广东,茂杂云三,228S×茂恢云三,籼型两系杂交稻,广东华茂高科种业有限公司,粤审稻2008029,粤审稻,2008029,228S,广东华茂高科种业有限公司
广东,农两优云三,农1S×茂恢云三,籼型两系杂交稻,广东华茂高科种业有限公司,粤审稻2009046,粤审稻,2009046,农1S,广东华茂高科种业有限公司
广东,Y两优305,Y58S×P305,籼型两系杂交稻,国家杂交水稻工程技术研究中心等,粤审稻2016025,粤审稻,2016025,Y58S,国家杂交水稻工程技术研究中心
广西,特优1158,特A×坚恢1158,籼型三系杂交稻,广西南宁良农种业有限公司,桂审稻2023015号,桂审稻,2023015,特A,广西南宁良农种业有限公司
广东,民华占,民科占×华南15,籼型常规稻,广州市农业科学研究所,粤审稻1983005,粤审稻,1983005,民科占,广州市农业科学研究所
广东,双优2083,双青A×恢2083,籼型三系杂交稻,广东海洋大学农业生物技术研究所等,粤审稻2013034,粤审稻,2013034,双青A,广东海洋大学农业生物技术研究所
广西,得两优秋香,D299S×优能秋香,籼型两系杂交稻,广西南宁华稻种业有限责任公司等,桂审稻2024020号,桂审稻,2024020,D299S,广西南宁华稻种业有限责任公司
广东,吉田优16,吉田A×弘恢16,籼型三系杂交稻,广东天弘种业有限公司等,粤审稻20170020,粤审稻,20170020,吉田A,广东天弘种业有限公司
广西,玉香优261,玉香A×16T-261,籼型三系杂交稻,湖南金健种业科技有限公司等,桂审稻2023051号,桂审稻,2023051,玉香A,湖南金健种业科技有限公司
广西,好香优粉丝,好香A×R粉丝,籼型三系杂交稻,广西绿海种业有限公司,桂审稻2024088号,桂审稻,2024088,好香A,广西绿海种业有限公司
广西,紫两优润香,福紫糯3S×润香,籼型两系杂交稻,福建农林大学农产品品质研究所等,桂审稻2021200号,桂审稻,2021200,福紫糯3S,福建农林大学农产品品质研究所
广东,秋优3008,秋A×粤恢3008,籼型三系杂交稻,广东粤良种业有限公司,粤审稻2008028,粤审稻,2008028,秋A,广东粤良种业有限公司
广东,博优2155,博A×明恢2155,籼型三系杂交稻,三明市农业科学研究所等,粤审稻2010031,粤审稻,2010031,博A,三明市农业科学研究所
广西,桂美黑糯,容县黑糯/丰耘糯//桂D1号×容县黑糯/红香米//桂D1号/...,籼型常规稻,广西壮族自治区农业科学院,桂审稻2024131号,桂审稻,2024131,容县黑糯/丰耘糯//桂D1号,广西壮族自治区农业科学院
广西,原香优兆香丝苗,原香39A×兆香丝苗,籼型三系杂交稻,广西兆和种业有限公司等,桂审稻2021135号,桂审稻,2021135,原香39A,广西兆和种业有限公司
广东,五丰优615,五丰A×广恢615,籼型三系杂交稻,广东省农业科学院水稻研究所,粤审稻2012011,粤审稻,2012011,五丰A,广东省农业科学院水稻研究所
广东,黄广秀占,丰秀占×黄广占,籼型常规稻,广东省农业科学院水稻研究所,粤审稻2015002,粤审稻,2015002,丰秀占,广东省农业科学院水稻研究所
广东,齐华占,齐新占×新华占,籼型常规稻,广东省农业科学院水稻研究所,粤审稻2011021,粤审稻,2011021,齐新占,广东省农业科学院水稻研究所
广东,五丰优587,五丰A×R587,籼型三系杂交稻,广东兆华种业有限公司等,粤审稻2013033,粤审稻,2013033,五丰A,广东兆华种业有限公司
广西,金象优280,金象A×恒恢280,籼型三系杂交稻,广东现代种业发展有限公司等,桂审稻2021134号,桂审稻,2021134,金象A,广东现代种业发展有限公司
广东,群优766,群A×泰766,籼型三系杂交稻,广东源泰农业科技有限公司,粤审稻2016024,粤审稻,2016024,群A,广东源泰农业科技有限公司
广西,隆晶优1号,隆晶4302A×华恢2855,籼型三系杂交稻,湖南亚华种业科学研究院,桂审稻2020054号,桂审稻,2020054,隆晶4302A,湖南亚华种业科学研究院
广东,粤红宝,中二软占×肇庆红米,籼型常规稻,广东省农业科学院水稻研究所,粤审稻2012028,粤审稻,2012028,中二软占,广东省农业科学院水稻研究所
广东,深优9787,深97A×R587,籼型三系杂交稻,深圳市兆农农业科技有限公司,粤审稻2013032,粤审稻,2013032,深97A,深圳市兆农农业科技有限公司
广西,银象优309,银象A×R309,籼型三系杂交稻,广西万千种业有限公司,桂审稻2024019号,桂审稻,2024019,银象A,广西万千种业有限公司
广西,美香优8号,美香A×T-8,籼型三系杂交稻,南宁谷源丰种业有限公司等,桂审稻2024018号,桂审稻,2024018,美香A,南宁谷源丰种业有限公司
广东,振优1993,振丰A×汕恢1993,籼型三系杂交稻,汕头市农业科学研究所等,粤审稻2010030,粤审稻,2010030,振丰A,汕头市农业科学研究所
广东,双优8802,双青A×HR8802,籼型三系杂交稻,广东海洋大学,粤审稻2005020,粤审稻,2005020,双青A,广东海洋大学
广西,荃优银泰香占,荃9311A×银泰香占,籼型三系杂交稻,安徽荃银高科种业股份有限公司,桂审稻2022045号,桂审稻,2022045,荃9311A,安徽荃银高科种业股份有限公司
广东,汕优998,珍汕97A×广恢998,籼型三系杂交稻,广东省农业科学院水稻研究所,粤审稻2002010,粤审稻,2002010,珍汕97A,广东省农业科学院水稻研究所
广东,Y两优101,Y58S×R101,籼型两系杂交稻,广州市农业科学研究所,粤审稻2009045,粤审稻,2009045,Y58S,广州市农业科学研究所
广东,深优97125,深97A×R8125,籼型三系杂交稻,国家杂交水稻工程技术研究中心清华深圳龙岗研究所,粤审稻2009044,粤审稻,2009044,深97A,国家杂交水稻工程技术研究中心清华深圳龙岗研究所
广东,深优9736,深97A×R136,籼型三系杂交稻,清华大学深圳研究生院,粤审稻2009043,粤审稻,2009043,深97A,清华大学深圳研究生院
广西,原香优荔丝16,原香39A×荔丝16,籼型三系杂交稻,广西武宣仙香源农业开发有限公司,桂审稻2023014号,桂审稻,2023014,原香39A,广西武宣仙香源农业开发有限公司
广西,奇两优6118,639S×兆恢6118,籼型两系杂交稻,南宁谷源丰种业有限公司,桂审稻2021133号,桂审稻,2021133,639S,南宁谷源丰种业有限公司
广东,黄广晶占,五广占×黄广油占,籼型常规稻,广东省农业科学院水稻研究所,粤审稻20180038,粤审稻,20180038,五广占,广东省农业科学院水稻研究所
广东,深优9786,深97A×R8086,籼型三系杂交稻,清华大学深圳研究生院,粤审稻2009042,粤审稻,2009042,深97A,清华大学深圳研究生院
广西,九久香优008,九久香A×R008,籼型三系杂交稻,南宁市西玉农作物研究所,桂审稻2023116号,桂审稻,2023116,九久香A,南宁市西玉农作物研究所
广西,荃广优1606,荃广A×YR1606,籼型三系杂交稻,安徽荃银高科种业股份有限公司等,桂审稻2022044号,桂审稻,2022044,荃广A,安徽荃银高科种业股份有限公司
广东,惠优占,穗郊占,籼型常规稻,广东省惠阳地区农业科学研究所,粤审稻1983004,粤审稻,1983004,穗郊占,广东省惠阳地区农业科学研究所
广西,华湘油糯,湘晚籼13号×湘晚糯1号,籼型常规稻,湖南粮安科技股份有限公司,桂审稻2024087号,桂审稻,2024087,湘晚籼13号,湖南粮安科技股份有限公司
广东,五优376,五丰A×广恢376,籼型三系杂交稻,广东省农业科学院水稻研究所,粤审稻2012010,粤审稻,2012010,五丰A,广东省农业科学院水稻研究所
广东,裕优美占,裕A×金美占,籼型三系杂交稻,广东鲜美种苗发展有限公司,粤审稻2016023,粤审稻,2016023,裕A,广东鲜美种苗发展有限公司
广东,培杂130,培矮64S×航恢130,籼型两系杂交稻,华南农业大学植物航天育种研究中心,粤审稻2008027,粤审稻,2008027,培矮64S,华南农业大学植物航天育种研究中心
广西,隆两优华占,隆科638S×华占,籼型两系杂交稻,袁隆平农业高科技股份有限公司等,桂审稻2020053号,桂审稻,2020053,隆科638S,袁隆平农业高科技股份有限公司
广东,华航58号,华航31号/金农丝苗×华航31号/华航丝苗,籼型常规稻,国家植物航天育种工程技术研究中心（华南农业大学）,粤审稻20180037,粤审稻,20180037,华航31号/金农丝苗,国家植物航天育种工程技术研究中心（华南农业大学）
广西,留香优贡丝香,留香A×贡丝香,籼型三系杂交稻,南宁谷源丰种业有限公司,桂审稻2023013号,桂审稻,2023013,留香A,南宁谷源丰种业有限公司
广东,宜优673,宜香1A×福恢673,籼型三系杂交稻,福建省农业科学院水稻研究所,粤审稻2009041,粤审稻,2009041,宜香1A,福建省农业科学院水稻研究所
广东,宏优381,宏A×R381,籼型三系杂交稻,湛江神禾生物技术有限公司,粤审稻2009040,粤审稻,2009040,宏A,湛江神禾生物技术有限公司
广东,钢白矮1号,钢枝占×二白矮,籼型常规稻,广东省农业科学院水稻研究所,粤审稻1983003,粤审稻,1983003,钢枝占,广东省农业科学院水稻研究所
广东,华优998,Y华农A×广恢998,籼型三系杂交稻,广东省农业科学院水稻研究所等,粤审稻2005019,粤审稻,2005019,Y华农A,广东省农业科学院水稻研究所
广西,桂黑美占,桂D1号/容县黑糯×容县黑糯/丰耘糯//桂D1号,籼型常规稻,广西壮族自治区农业科学院,桂审稻2024130号,桂审稻,2024130,桂D1号/容县黑糯,广西壮族自治区农业科学院
广西,广香糯2号,金香糯×桂优糯,籼型常规稻,广西壮族自治区农业科学院,桂审稻2024129号,桂审稻,2024129,金香糯,广西壮族自治区农业科学院
广西,柳美占,华航丝苗×美香占,籼型常规稻,广西农业科学院柳州分院等,桂审稻2024128号,桂审稻,2024128,华航丝苗,广西农业科学院柳州分院
广西,那丰2号,桂恢110×桂恢110///桂恢110//华占/K08,籼型常规稻,广西壮族自治区农业科学院,桂审稻2024127号,桂审稻,2024127,桂恢110,广西壮族自治区农业科学院
广西,玉欣丝苗,鼎香占×G535,籼型常规稻,玉林市农业科学院等,桂审稻2024126号,桂审稻,2024126,鼎香占,玉林市农业科学院
广西,骏香16,粤农丝苗/农晶丝苗×莉丝,籼型常规稻,广西农业职业技术大学,桂审稻2024125号,桂审稻,2024125,粤农丝苗/农晶丝苗,广西农业职业技术大学
广西,邦两优6118,邦S×兆恢6118,籼型两系杂交稻,广西兆和种业有限公司等,桂审稻2021132号,桂审稻,2021132,邦S,广西兆和种业有限公司
广东,华航51号,华航油占×华航丝苗/茉莉软占,籼型常规稻,华南农业大学国家植物航天育种工程技术研究中心,粤审稻20180002,粤审稻,20180002,华航油占,华南农业大学国家植物航天育种工程技术研究中心
广西,南香优又丝苗,南香A×又丝苗,籼型三系杂交稻,南宁谷源丰种业有限公司,桂审稻2024017号,桂审稻,2024017,南香A,南宁谷源丰种业有限公司
广东,特优721,龙特甫A×R721,籼型三系杂交稻,汕头市农业科学研究所,粤审稻2002009,粤审稻,2002009,龙特甫A,汕头市农业科学研究所
广东,内5优8012,内香5A×中恢8012,籼型三系杂交稻,中国水稻研究所,粤审稻2011020,粤审稻,2011020,内香5A,中国水稻研究所
广西,桂黑丝占,容县黑糯/东兰墨米×广召113,籼型常规稻,广西壮族自治区农业科学院水稻研究所,桂审稻2021199号,桂审稻,2021199,容县黑糯/东兰墨米,广西壮族自治区农业科学院水稻研究所
广东,星优622,星A×泰622,籼型三系杂交稻,广东源泰农业科技有限公司,粤审稻20170019,粤审稻,20170019,星A,广东源泰农业科技有限公司
广东,银丰优9802,银丰A×粤恢9802,籼型三系杂交稻,广东粤良种业有限公司,粤审稻2013031,粤审稻,2013031,银丰A,广东粤良种业有限公司
广西,福香优6503,福香A×R6503,籼型三系杂交稻,广东华农大种业有限公司,桂审稻2023115号,桂审稻,2023115,福香A,广东华农大种业有限公司
广东,黄丝莉占,黄丝占×丰莉丝苗,籼型常规稻,广东省农业科学院水稻研究所,粤审稻2015001,粤审稻,2015001,黄丝占,广东省农业科学院水稻研究所
广西,丰美优桂福香,丰美A×桂福香,籼型三系杂交稻,南宁谷源丰种业有限公司,桂审稻2021131号,桂审稻,2021131,丰美A,南宁谷源丰种业有限公司
广东,富两优236,广富S×R236,籼型两系杂交稻,广东省农业科学院水稻研究所,粤审稻2012009,粤审稻,2012009,广富S,广东省农业科学院水稻研究所
广东,博Ⅲ优273,博ⅢA×R273,籼型三系杂交稻,广西博白县农业科学研究所,粤审稻2010029,粤审稻,2010029,博ⅢA,广西博白县农业科学研究所
广西,籴优香99,籴A×香99,籼型三系杂交稻,广西仙德农业科技有限公司,桂审稻2024086号,桂审稻,2024086,籴A,广西仙德农业科技有限公司
广西,香两优1613,香S×R1613,籼型两系杂交稻,广西瑞特种子有限责任公司,桂审稻2020052号,桂审稻,2020052,香S,广西瑞特种子有限责任公司
广东,裕优116,裕A×R7116,籼型三系杂交稻,广东现代耕耘种业有限公司,粤审稻2016022,粤审稻,2016022,裕A,广东现代耕耘种业有限公司
广西,玉矮油占,粤农丝苗×玉美占/百香139,籼型常规稻,玉林市农业科学院等,桂审稻2024124号,桂审稻,2024124,粤农丝苗,玉林市农业科学院
广西,元香优651,元香A×赣恢651,籼型三系杂交稻,江西省超级水稻研究发展中心等,桂审稻2023114号,桂审稻,2023114,元香A,江西省超级水稻研究发展中心
广西,泰丰优智920,泰丰A×华智R11920,籼型三系杂交稻,华智生物技术有限公司等,桂审稻2023050号,桂审稻,2023050,泰丰A,华智生物技术有限公司
广东,Ⅱ优368,Ⅱ-32A×广恢368,籼型三系杂交稻,广东省农业科学院水稻研究所,粤审稻2005018,粤审稻,2005018,Ⅱ-32A,广东省农业科学院水稻研究所
广西,留香优2115,留香A×雅恢2115,籼型三系杂交稻,南宁谷源丰种业有限公司等,桂审稻2024016号,桂审稻,2024016,留香A,南宁谷源丰种业有限公司
广西,中升优852,中升A×恒恢852,籼型三系杂交稻,广西桂先种业有限公司等,桂审稻2019090号,桂审稻,2019090,中升A,广西桂先种业有限公司
广东,培杂航香,培矮64S×航香,籼型两系杂交稻,华南农业大学植物航天育种研究中心,粤审稻2008026,粤审稻,2008026,培矮64S,华南农业大学植物航天育种研究中心
广东,华优128,Y华农A×R128,籼型三系杂交稻,华南农业大学农学院等,粤审稻2002008,粤审稻,2002008,Y华农A,华南农业大学农学院
广西,留香优馥香丝,留香A×馥香丝,籼型三系杂交稻,南宁谷源丰种业有限公司,桂审稻2021130号,桂审稻,2021130,留香A,南宁谷源丰种业有限公司
广西,荃香优136,荃香9A×TR136,籼型三系杂交稻,广西荃鸿农业科技有限公司等,桂审稻2019089号,桂审稻,2019089,荃香9A,广西荃鸿农业科技有限公司
广东,吉丰优1008,吉丰A×广恢1008,籼型三系杂交稻,广东省农业科学院水稻研究所等,粤审稻2013030,粤审稻,2013030,吉丰A,广东省农业科学院水稻研究所
广西,又香优贡丝香,又香A×贡丝香,籼型三系杂交稻,广西兆和种业有限公司等,桂审稻2023012号,桂审稻,2023012,又香A,广西兆和种业有限公司
广东,泰优1509,泰华A×R1509,籼型三系杂交稻,广州华南农业大学科技实业发展有限公司,粤审稻2011019,粤审稻,2011019,泰华A,广州华南农业大学科技实业发展有限公司
广西,恒丰优粤农丝苗,恒丰A×粤农丝苗,籼型三系杂交稻,北京金色农华种业科技股份有限公司等,桂审稻2022043号,桂审稻,2022043,恒丰A,北京金色农华种业科技股份有限公司
广东,振优368,振丰A×广恢368,籼型三系杂交稻,广东省农业科学院水稻研究所,粤审稻2009039,粤审稻,2009039,振丰A,广东省农业科学院水稻研究所
广西,鼎烽678,优恢168×新宁丝苗,籼型常规稻,马山现代种业科技创新中心,桂审稻2024123号,桂审稻,2024123,优恢168,马山现代种业科技创新中心
广西,特优5266,龙特浦A×R5266,籼型三系杂交稻,广西万千种业有限公司,桂审稻2020051号,桂审稻,2020051,龙特浦A,广西万千种业有限公司
广东,隆香优华占,隆香634A×华占,籼型三系杂交稻,湖南隆平种业有限公司等,粤审稻20170018,粤审稻,20170018,隆香634A,湖南隆平种业有限公司
广东,华优8813,Y华农A×R8813,籼型三系杂交稻,华南农业大学农学院,粤审稻2002007,粤审稻,2002007,Y华农A,华南农业大学农学院
广东,Y两优900,Y58S×R900,籼型两系杂交稻,创世纪种业有限公司,粤审稻2016021,粤审稻,2016021,Y58S,创世纪种业有限公司
广西,留香优11香,留香A×11香,籼型三系杂交稻,南宁谷源丰种业有限公司,桂审稻2021129号,桂审稻,2021129,留香A,南宁谷源丰种业有限公司
广东,金稻优368,金稻13A×广恢368,籼型三系杂交稻,广东省农业科学院水稻研究所,粤审稻2009038,粤审稻,2009038,金稻13A,广东省农业科学院水稻研究所
广东,荣优368,荣丰A×广恢368,籼型三系杂交稻,广东省农业科学院水稻研究所,粤审稻2009037,粤审稻,2009037,荣丰A,广东省农业科学院水稻研究所
广西,农浙优6号,农浙A×田恢6号,籼型三系杂交稻,广西瀚林农业科技有限公司等,桂审稻2024122号,桂审稻,2024122,农浙A,广西瀚林农业科技有限公司
广东,安丰优3618,安丰A×广恢3618,籼型三系杂交稻,广东省农业科学院水稻研究所等,粤审稻2013029,粤审稻,2013029,安丰A,广东省农业科学院水稻研究所
广东,深优5113,深95A×华恢113,籼型三系杂交稻,湖南亚华种业科学研究院,粤审稻2016020,粤审稻,2016020,深95A,湖南亚华种业科学研究院
广东,茉丰占1号,茉莉软占×丰富占1号,籼型常规稻,佛山市农业科学研究所,粤审稻2012027,粤审稻,2012027,茉莉软占,佛山市农业科学研究所
广东,博优云三,博A×茂恢云三,籼型三系杂交稻,广东华茂高科种业有限公司,粤审稻2010028,粤审稻,2010028,博A,广东华茂高科种业有限公司
广西,邦两优香丝苗,邦S×香丝苗,籼型两系杂交稻,广西兆和种业有限公司,桂审稻2019088号,桂审稻,2019088,邦S,广西兆和种业有限公司
广东,华优63,Y华农A×明恢63,籼型三系杂交稻,华南农业大学农学院等,粤审稻2002006,粤审稻,2002006,Y华农A,华南农业大学农学院
广东,广8优169,广8A×GR169,籼型三系杂交稻,广东省农业科学院水稻研究所,粤审稻2012008,粤审稻,2012008,广8A,广东省农业科学院水稻研究所
广西,桂特籼占,珍桂矮/新香占×桂朝2号,籼型常规稻,广西壮族自治区农业科学院水稻研究所,桂审稻2021198号,桂审稻,2021198,珍桂矮/新香占,广西壮族自治区农业科学院水稻研究所
广西,恒丰优雅丝香,恒丰A×雅丝香,籼型三系杂交稻,广西壮邦种业有限公司等,桂审稻2023011号,桂审稻,2023011,恒丰A,广西壮邦种业有限公司
广西,桂莉香优9号,桂莉香A×莉恢9号,籼型常规稻,广西嘉穗农业发展有限公司等,桂审稻2023113号,桂审稻,2023113,桂莉香A,广西嘉穗农业发展有限公司
广东,丰华占,丰八占×华丝占,籼型常规稻,广东省农业科学院水稻研究所,粤审稻2002002,粤审稻,2002002,丰八占,广东省农业科学院水稻研究所
广西,旱优3928,沪旱39A×旱恢1528,籼型三系杂交稻,广西嘉穗农业发展有限公司等,桂审稻2022042号,桂审稻,2022042,沪旱39A,广西嘉穗农业发展有限公司
广东,Y两优191,Y58S×航恢191,籼型两系杂交稻,国家植物航天育种工程技术研究中心（华南农业大学）,粤审稻2014048,粤审稻,2014048,Y58S,国家植物航天育种工程技术研究中心（华南农业大学）
广东,华优107,Y华农A×R107,籼型三系杂交稻,广东饶平县种子公司等,粤审稻2005017,粤审稻,2005017,Y华农A,广东饶平县种子公司
广西,吉丰优108,吉丰A×测108,籼型三系杂交稻,南宁谷源丰种业有限公司,桂审稻2021128号,桂审稻,2021128,吉丰A,南宁谷源丰种业有限公司
广东,隆优3155,隆香634A×R3155,籼型三系杂交稻,湖南隆平种业有限公司,粤审稻20170017,粤审稻,20170017,隆香634A,湖南隆平种业有限公司
广东,黄广银占,黄银占×黄广油占,籼型常规稻,广东省农业科学院水稻研究所,粤审稻20180036,粤审稻,20180036,黄银占,广东省农业科学院水稻研究所
广东,黄广华占2号,黄广油占×丰粤华占,籼型常规稻,广东省农业科学院水稻研究所,粤审稻20180001,粤审稻,20180001,黄广油占,广东省农业科学院水稻研究所
广西,野香优409,野香A×R409,籼型三系杂交稻,广西绿海种业有限公司,桂审稻2023049号,桂审稻,2023049,野香A,广西绿海种业有限公司
广西,厨香优556,JK～A×R439,籼型三系杂交稻,广西金卡农业科技有限公司,桂审稻2020050号,桂审稻,2020050,JK～A,广西金卡农业科技有限公司
广东,广盐1号,小银软占×抗盐1号,籼型常规稻,广东省农业科学院水稻研究所,粤审稻2012026,粤审稻,2012026,小银软占,广东省农业科学院水稻研究所
广东,小粒香占,玉香油占×巴太香占,籼型常规稻,佛山市农业科学研究所,粤审稻2010027,粤审稻,2010027,玉香油占,佛山市农业科学研究所
广东,天优615,天丰A×广恢615,籼型三系杂交稻,广东省农业科学院水稻研究所,粤审稻2009036,粤审稻,2009036,天丰A,广东省农业科学院水稻研究所
广西,恒丰优3341,恒丰A×R3341,籼型三系杂交稻,广西兆和种业有限公司等,桂审稻2023010号,桂审稻,2023010,恒丰A,广西兆和种业有限公司
广东,华航32号,H-32×华航161,籼型常规稻,华南农业大学国家植物航天育种工程技术研究中心,粤审稻2013028,粤审稻,2013028,H-32,华南农业大学国家植物航天育种工程技术研究中心
广西,泰优2515,泰2A×R0515,籼型三系杂交稻,广西绿丰种业有限责任公司等,桂审稻2022041号,桂审稻,2022041,泰2A,广西绿丰种业有限责任公司
广东,南红2号,五山丝苗×软红米,籼型常规稻,广东省农业科学院水稻研究所,粤审稻20170082,粤审稻,20170082,五山丝苗,广东省农业科学院水稻研究所
广东,红丝苗,软红米×五山丝苗,籼型常规稻,广东省农业科学院水稻研究所,粤审稻2014047,粤审稻,2014047,软红米,广东省农业科学院水稻研究所
广西,特优723,龙特浦A×R723,籼型三系杂交稻,四川金牌农业发展有限公司,桂审稻2020049号,桂审稻,2020049,龙特浦A,四川金牌农业发展有限公司
广西,匠优2879,匠19A×R2879,籼型三系杂交稻,广东华农大种业有限公司等,桂审稻2024015号,桂审稻,2024015,匠19A,广东华农大种业有限公司
广东,优优308,优ⅠA×广恢308,籼型三系杂交稻,广东省农业科学院水稻研究所,粤审稻2005016,粤审稻,2005016,优ⅠA,广东省农业科学院水稻研究所
广东,炳优华占,炳1A×华占,籼型三系杂交稻,江西先农种业有限公司等,粤审稻20170016,粤审稻,20170016,炳1A,江西先农种业有限公司
广西,福红2号,中广香1号×INS-R-3,籼型常规稻,广西壮族自治区农业科学院水稻研究所,桂审稻2021197号,桂审稻,2021197,中广香1号,广西壮族自治区农业科学院水稻研究所
广东,泰优1002,泰丰A×广恢1002,籼型三系杂交稻,广东省金稻种业有限公司等,粤审稻20170081,粤审稻,20170081,泰丰A,广东省金稻种业有限公司
广西,念香优019,念香A×R019,籼型三系杂交稻,广西奎丰农业科技有限公司等,桂审稻2022040号,桂审稻,2022040,念香A,广西奎丰农业科技有限公司
广东,粤两优805,GD-5S×茂恢805,籼型两系杂交稻,广东华茂高科种业有限公司等,粤审稻2011018,粤审稻,2011018,GD-5S,广东华茂高科种业有限公司
广东,华优8830,Y华农A×R8830,籼型三系杂交稻,华南农业大学农学院,粤审稻2002005,粤审稻,2002005,Y华农A,华南农业大学农学院
广东,深两优58香油占,Y58S×玉香油占,籼型两系杂交稻,国家杂交水稻工程技术研究中心清华深圳龙岗研究所等,粤审稻2008025,粤审稻,2008025,Y58S,国家杂交水稻工程技术研究中心清华深圳龙岗研究所
广东,荣优华占,荣丰A×华占,籼型三系杂交稻,广东省农业科学院水稻研究所等,粤审稻2014046,粤审稻,2014046,荣丰A,广东省农业科学院水稻研究所
广西,秋香优302,秋香A×R302,籼型三系杂交稻,广西壮族自治区农业科学院,桂审稻2024121号,桂审稻,2024121,秋香A,广西壮族自治区农业科学院
广东,和两优3398,和620S×R3398,籼型两系杂交稻,深圳市兆农农业科技有限公司,粤审稻2016019,粤审稻,2016019,和620S,深圳市兆农农业科技有限公司
广东,野籼占6号,桂野占2号/特籼占13×IR24,籼型常规稻,惠州市农业科学研究所,粤审稻2002001,粤审稻,2002001,桂野占2号/特籼占13,惠州市农业科学研究所
广东,黄粤丝苗,茉莉丝苗/广超丝苗×黄华占/丰粤占,籼型常规稻,广东省农业科学院水稻研究所,粤审稻2012025,粤审稻,2012025,茉莉丝苗/广超丝苗,广东省农业科学院水稻研究所
广西,美香优莉针香,美香A×莉针香,籼型三系杂交稻,南宁谷源丰种业有限公司,桂审稻2023048号,桂审稻,2023048,美香A,南宁谷源丰种业有限公司
广西,旱两优8号,沪旱31S×旱恢808,籼型两系杂交稻,上海市农业生物基因中心等,桂审稻2023112号,桂审稻,2023112,沪旱31S,上海市农业生物基因中心
广东,粤金油占,玉香油占/粤泰丝苗×粤星占,籼型常规稻,广东省农业科学院水稻研究所,粤审稻2012024,粤审稻,2012024,玉香油占/粤泰丝苗,广东省农业科学院水稻研究所
广东,华小黑1号,华粳籼74/联鉴33//华粳籼74///华粳籼74////华...,籼型常规稻,华南农业大学农学院,粤审稻2005015,粤审稻,2005015,华粳籼74/联鉴33//华粳籼74///华粳籼74////华...,华南农业大学农学院
广东,裕优锋占,裕A×青丰占,籼型三系杂交稻,广东鲜美种苗发展有限公司,粤审稻20170015,粤审稻,20170015,裕A,广东鲜美种苗发展有限公司
广东,中优229,中A×R229,籼型三系杂交稻,肇庆市农业科学研究所等,粤审稻2002004,粤审稻,2002004,中A,肇庆市农业科学研究所
广东,天优9918,天丰A×广恢9918,籼型三系杂交稻,广东省农业科学院水稻研究所,粤审稻2009035,粤审稻,2009035,天丰A,广东省农业科学院水稻研究所
广东,万胜优1号,万胜A×T恢1号,籼型三系杂交稻,广东天弘种业有限公司,粤审稻2014045,粤审稻,2014045,万胜A,广东天弘种业有限公司
广东,华优229,Y华农A×R229,籼型三系杂交稻,广东省肇庆市农业科学研究所等,粤审稻2002003,粤审稻,2002003,Y华农A,广东省肇庆市农业科学研究所
广东,银花占2号,小银占×粤香占,籼型常规稻,广东省农业科学院水稻研究所,粤审稻2005014,粤审稻,2005014,小银占,广东省农业科学院水稻研究所
广西,雅香优龙丝苗,雅香A×龙丝苗,籼型三系杂交稻,南宁谷源丰种业有限公司,桂审稻2021127号,桂审稻,2021127,雅香A,南宁谷源丰种业有限公司
广东,玉香油占,TY36/IR100×IR100,籼型常规稻,广东省农业科学院水稻研究所,粤审稻2005013,粤审稻,2005013,TY36/IR100,广东省农业科学院水稻研究所
广西,广和优香丝苗,广和A×香丝苗,籼型三系杂交稻,广西兆和种业有限公司等,桂审稻2019087号,桂审稻,2019087,广和A,广西兆和种业有限公司
广西,叶两优178,黄叶S×178R,籼型两系杂交稻,贺州市农业科学院等,桂审稻2024014号,桂审稻,2024014,黄叶S,贺州市农业科学院
广东,粤华丝苗,粤晶丝苗2号×黄华占,籼型常规稻,广东省农业科学院水稻研究所,粤审稻2010026,粤审稻,2010026,粤晶丝苗2号,广东省农业科学院水稻研究所
广东,化感稻3号,美A/PⅠ312777×华恢354,籼型常规稻,华南农业大学农学院,粤审稻2009034,粤审稻,2009034,美A/PⅠ312777,华南农业大学农学院
广东,隆3优华占,隆398A×华占,籼型三系杂交稻,湖南隆平种业有限公司等,粤审稻2016018,粤审稻,2016018,隆398A,湖南隆平种业有限公司
广西,丝香优荔香20,丝香A×荔香20,籼型三系杂交稻,广西兆和种业有限公司等,桂审稻2023047号,桂审稻,2023047,丝香A,广西兆和种业有限公司
广东,凤新丝苗2号,凤枣丝苗×凤香丝苗,籼型常规稻,东莞市中堂凤冲水稻科研站,粤审稻20180035,粤审稻,20180035,凤枣丝苗,东莞市中堂凤冲水稻科研站
广西,甬优8802,甬粳88A×F19,籼粳交三系杂交稻,宁波种业股份有限公司等,桂审稻2022039号,桂审稻,2022039,甬粳88A,宁波种业股份有限公司
广西,奥香优美丝,奥香A×奥恢美丝,籼型三系杂交稻,四川奥力星农业科技有限公司等,桂审稻2022038号,桂审稻,2022038,奥香A,四川奥力星农业科技有限公司
广东,丰粤华占,丰粤占×丰秀占/新华占,籼型常规稻,广东省农业科学院水稻研究所,粤审稻2013027,粤审稻,2013027,丰粤占,广东省农业科学院水稻研究所
广西,福红1号,农乐1号×INS-R-3,籼型常规稻,广西壮族自治区农业科学院水稻研究所,桂审稻2021196号,桂审稻,2021196,农乐1号,广西壮族自治区农业科学院水稻研究所
广西,好香优天丝,好香A×R天丝,籼型三系杂交稻,广西绿海种业有限公司,桂审稻2024085号,桂审稻,2024085,好香A,广西绿海种业有限公司
广西,丰美优15香,丰美A×15香,籼型三系杂交稻,南宁谷源丰种业有限公司,桂审稻2024120号,桂审稻,2024120,丰美A,南宁谷源丰种业有限公司
广西,沉香优郁香,沉香A×郁香,籼型三系杂交稻,南宁谷源丰种业有限公司,桂审稻2021126号,桂审稻,2021126,沉香A,南宁谷源丰种业有限公司
广东,粤泰早占,粤泰13×黄粳占,籼型常规稻,广东省农业科学院水稻研究所,粤审稻2012023,粤审稻,2012023,粤泰13,广东省农业科学院水稻研究所
广东,粤优8号,粤泰A×R8号,籼型三系杂交稻,连山县农业科学研究所,粤审稻200120,粤审稻,200120,粤泰A,连山县农业科学研究所
广东,广8优2168,广8A×GR2168,籼型三系杂交稻,广东省农业科学院水稻研究所,粤审稻2012007,粤审稻,2012007,广8A,广东省农业科学院水稻研究所
广西,那优5722,那丰A×桂恢5722,籼型三系杂交稻,广西壮族自治区农业科学院水稻研究所,桂审稻2020048号,桂审稻,2020048,那丰A,广西壮族自治区农业科学院水稻研究所
广东,深优152,深97A×R152,籼型三系杂交稻,国家杂交水稻工程技术研究中心清华深圳龙岗研究所,粤审稻2008024,粤审稻,2008024,深97A,国家杂交水稻工程技术研究中心清华深圳龙岗研究所
广西,雅香优贡丝香,雅香A×贡丝香,籼型三系杂交稻,广西壮邦种业有限公司,桂审稻2023046号,桂审稻,2023046,雅香A,广西壮邦种业有限公司
广东,五山秀占,丰秀占/新华占×五山丝苗,籼型常规稻,广东省农业科学院水稻研究所,粤审稻2013026,粤审稻,2013026,丰秀占/新华占,广东省农业科学院水稻研究所
广西,特优1168,龙特甫A×R1168,籼型三系杂交稻,广西稻花源农业科技有限公司,桂审稻2020047号,桂审稻,2020047,龙特甫A,广西稻花源农业科技有限公司
广东,固广占,固优占×广胜软占,籼型常规稻,广东省农业科学院水稻研究所,粤审稻2010025,粤审稻,2010025,固优占,广东省农业科学院水稻研究所
广东,深优9583,深95A×R7183,籼型三系杂交稻,国家杂交水稻工程技术研究中心清华深圳龙岗研究所,粤审稻2011017,粤审稻,2011017,深95A,国家杂交水稻工程技术研究中心清华深圳龙岗研究所
广东,裕优占,裕A×新香占,籼型三系杂交稻,广东兆华种业有限公司,粤审稻20170014,粤审稻,20170014,裕A,广东兆华种业有限公司
广东,华标1号,华粳籼74/Lemont//Lemont///Lemont/...,籼型常规稻,广东省植物分子育种重点实验室,粤审稻2009033,粤审稻,2009033,华粳籼74/Lemont//Lemont///Lemont/...,广东省植物分子育种重点实验室
广东,粤惠占,粤龙×Lemont/特青,籼型常规稻,广东省农业科学院水稻研究所,粤审稻2005012,粤审稻,2005012,粤龙,广东省农业科学院水稻研究所
广西,诚香优龙丝苗,诚香A×龙丝苗,籼型三系杂交稻,广西兆和种业有限公司,桂审稻2024013号,桂审稻,2024013,诚香A,广西兆和种业有限公司
广西,金隆优青占,金隆A×金青占,籼型三系杂交稻,广东鲜美种苗股份有限公司等,桂审稻2022037号,桂审稻,2022037,金隆A,广东鲜美种苗股份有限公司
广东,卓优2号,卓A×H恢2号,籼型三系杂交稻,广东天弘种业有限公司,粤审稻2016017,粤审稻,2016017,卓A,广东天弘种业有限公司
广东,粤齐新占,粤恢648/齐粒丝苗×粤华丝苗,籼型常规稻,广东省农业科学院水稻研究所,粤审稻2013025,粤审稻,2013025,粤恢648/齐粒丝苗,广东省农业科学院水稻研究所
广西,中浙优11,中浙A×D7231,籼型三系杂交稻,浙江勿忘农种业股份有限公司等,桂审稻2023111号,桂审稻,2023111,中浙A,浙江勿忘农种业股份有限公司
广西,先红优981,先红A×桂981,籼型三系杂交稻,广西壮族自治区农业科学院水稻研究所,桂审稻2020046号,桂审稻,2020046,先红A,广西壮族自治区农业科学院水稻研究所
广东,宁优1179,宁A×航恢1179,籼型三系杂交稻,国家植物航天育种工程技术研究中心（华南农业大学）,粤审稻2014044,粤审稻,2014044,宁A,国家植物航天育种工程技术研究中心（华南农业大学）
广西,万香红,常德红米×老挝红米,籼型常规稻,广西农业职业技术学院等,桂审稻2021195号,桂审稻,2021195,常德红米,广西农业职业技术学院
广西,甬优6708,甬粳67A×F7708,籼粳交三系杂交稻,宁波种业股份有限公司,桂审稻2022036号,桂审稻,2022036,甬粳67A,宁波种业股份有限公司
广西,广和优桂福香,广和A×桂福香,籼型三系杂交稻,广西壮邦种业有限公司,桂审稻2023045号,桂审稻,2023045,广和A,广西壮邦种业有限公司
广东,�挠�3089,��A×弘恢3089,籼型三系杂交稻,广东天弘种业有限公司等,粤审稻20170080,粤审稻,20170080,��A,广东天弘种业有限公司
广东,矮华丝苗,矮华占×茉莉丝苗/广超丝苗,籼型常规稻,广东省农业科学院水稻研究所,粤审稻2013024,粤审稻,2013024,矮华占,广东省农业科学院水稻研究所
广西,广8优11香,广8A×11香,籼型三系杂交稻,广西兆和种业有限公司等,桂审稻2021125号,桂审稻,2021125,广8A,广西兆和种业有限公司
广东,广两优931,粤光3S×GR931,籼型两系杂交稻,广东省农业科学院水稻研究所,粤审稻2012006,粤审稻,2012006,粤光3S,广东省农业科学院水稻研究所
广东,新源占,新山软占×早源籼,籼型常规稻,佛山农业科学研究所,粤审稻2012022,粤审稻,2012022,新山软占,佛山农业科学研究所
广西,广8优3341,广8A×R3341,籼型三系杂交稻,广西兆和种业有限公司等,桂审稻2024119号,桂审稻,2024119,广8A,广西兆和种业有限公司
广东,客乡一号,黄莉占×Q优6号,籼型常规稻,梅州市农业科学院,粤审稻20180034,粤审稻,20180034,黄莉占,梅州市农业科学院
广东,五山化稻,五山油占×PI312777,籼型常规稻,广东省农业科学院水稻研究所,粤审稻2010024,粤审稻,2010024,五山油占,广东省农业科学院水稻研究所
广东,福龙两优龙占,福龙S2×龙占,籼型两系杂交稻,广东省农业科学院水稻研究所,粤审稻20170079,粤审稻,20170079,福龙S2,广东省农业科学院水稻研究所
广西,骏香优186,骏香A×R186,籼型三系杂交稻,广西万禾种业有限公司,桂审稻2020045号,桂审稻,2020045,骏香A,广西万禾种业有限公司
广东,华优86,Y华农A×明恢86,籼型三系杂交稻,华南农业大学农学院等,粤审稻200119,粤审稻,200119,Y华农A,华南农业大学农学院
广东,广晶软占,黄广油占×玉晶占/合丰占,籼型常规稻,广东省农业科学院水稻研究所,粤审稻20170013,粤审稻,20170013,黄广油占,广东省农业科学院水稻研究所
广西,美香两优晶丝,美香S×晶丝,籼型两系杂交稻,广西壮邦种业有限公司,桂审稻2019086号,桂审稻,2019086,美香S,广西壮邦种业有限公司
广西,壮香糯,TP309×靖西香糯,粳型常规稻,广西大学,桂审稻2021194号,桂审稻,2021194,TP309,广西大学
广西,蒂香优166,蒂香A×R166,籼型三系杂交稻,广西万禾种业有限公司,桂审稻2023009号,桂审稻,2023009,蒂香A,广西万禾种业有限公司
广西,�w香优779,�w香A×R779,籼型三系杂交稻,广西壮邦种业有限公司等,桂审稻2024118号,桂审稻,2024118,�w香A,广西壮邦种业有限公司
广西,原香优荔香20,原香39A×荔香20,籼型三系杂交稻,广西壮邦种业有限公司,桂审稻2023044号,桂审稻,2023044,原香39A,广西壮邦种业有限公司
广西,耀丰优6296,耀丰A×R6296,籼型三系杂交稻,广西南宁良农种业有限公司,桂审稻2021170号,桂审稻,2021170,耀丰A,广西南宁良农种业有限公司
广西,振优京贵占,振295A×京贵占,籼型三系杂交稻,北京金色农华种业科技股份有限公司等,桂审稻2024012号,桂审稻,2024012,振295A,北京金色农华种业科技股份有限公司
广东,固金占,固广占×金丝软占,籼型常规稻,广东省农业科学院水稻研究所,粤审稻20170012,粤审稻,20170012,固广占,广东省农业科学院水稻研究所
广西,爽两优粤王丝苗,爽1S×粤王丝苗,籼型两系杂交稻,湖南杂交水稻研究中心等,桂审稻2024084号,桂审稻,2024084,爽1S,湖南杂交水稻研究中心
广东,深两优5814,Y58S×丙4114,籼型两系杂交稻,国家杂交水稻工程技术研究中心清华深圳龙岗研究所,粤审稻2008023,粤审稻,2008023,Y58S,国家杂交水稻工程技术研究中心清华深圳龙岗研究所
广东,黄软秀占,黄软占×丰秀占/新华占,籼型常规稻,广东省农业科学院水稻研究所,粤审稻2013023,粤审稻,2013023,黄软占,广东省农业科学院水稻研究所
广东,粤综占,粤秀占×丰丝占,籼型常规稻,广东省农业科学院水稻研究所,粤审稻2009032,粤审稻,2009032,粤秀占,广东省农业科学院水稻研究所
广东,绿银占,黄银占×丰粤占,籼型常规稻,深圳隆平金谷种业有限公司,粤审稻20170011,粤审稻,20170011,黄银占,深圳隆平金谷种业有限公司
广东,黄秀占,丰秀占×黄莉占,籼型常规稻,广东省农业科学院水稻研究所,粤审稻2010023,粤审稻,2010023,丰秀占,广东省农业科学院水稻研究所
广西,泰两优27占,泰1S×27占,籼型两系杂交稻,贵州筑农科种业有限责任公司等,桂审稻2023110号,桂审稻,2023110,泰1S,贵州筑农科种业有限责任公司
广西,万太优682,万太A×桂682,籼型三系杂交稻,广西壮族自治区农业科学院水稻研究所,桂审稻2021030号,桂审稻,2021030,万太A,广西壮族自治区农业科学院水稻研究所
广东,黄广丝占,新黄占×黄广油占,籼型常规稻,广东省农业科学院水稻研究所,粤审稻20180033,粤审稻,20180033,新黄占,广东省农业科学院水稻研究所
广东,丰田优9802,丰田1A×粤恢9802,籼型三系杂交稻,广西农业科学院水稻研究所等,粤审稻2014043,粤审稻,2014043,丰田1A,广西农业科学院水稻研究所
广西,瑞优相丝禾,瑞68A×相丝禾,籼型三系杂交稻,贵州兆和丰水稻科技研发有限公司等,桂审稻2021124号,桂审稻,2021124,瑞68A,贵州兆和丰水稻科技研发有限公司
广西,特优7678,龙特浦A×R7678,籼型三系杂交稻,广西国良种业有限公司,桂审稻2020044号,桂审稻,2020044,龙特浦A,广西国良种业有限公司
广西,耕香优579,耕香A×恒恢579,籼型三系杂交稻,广东现代种业发展有限公司等,桂审稻2023109号,桂审稻,2023109,耕香A,广东现代种业发展有限公司
广东,丰农占,桂丰占5-2×桂农占,籼型常规稻,湛江市农业科学研究所,粤审稻2013022,粤审稻,2013022,桂丰占5-2,湛江市农业科学研究所
广西,奥富优826,奥富A×奥R826,籼型三系杂交稻,湖南奥谱隆科技股份有限公司,桂审稻2022017号,桂审稻,2022017,奥富A,湖南奥谱隆科技股份有限公司
广东,茉莉丝苗,茉莉新占×丰丝占,籼型常规稻,广东省农业科学院水稻研究所,粤审稻2005011,粤审稻,2005011,茉莉新占,广东省农业科学院水稻研究所
广西,南香优922,南香A×R922,籼型三系杂交稻,南宁谷源丰种业有限公司,桂审稻2024011号,桂审稻,2024011,南香A,南宁谷源丰种业有限公司
广西,紫两优馥香占,紫糯S×馥香占,籼型两系杂交稻,广西恒茂农业科技有限公司等,桂审稻2021193号,桂审稻,2021193,紫糯S,广西恒茂农业科技有限公司
广东,深优9536,深95A×R136,籼型三系杂交稻,清华大学深圳研究生院,粤审稻2011016,粤审稻,2011016,深95A,清华大学深圳研究生院
广西,桂浙优2833,桂浙A×R2833,籼型三系杂交稻,广西万禾种业有限公司等,桂审稻2022035号,桂审稻,2022035,桂浙A,广西万禾种业有限公司
广西,泰丰优818,泰丰18A×R818,籼型三系杂交稻,广西仙德农业科技有限公司等,桂审稻2021169号,桂审稻,2021169,泰丰18A,广西仙德农业科技有限公司
广东,黄华占,黄新占×丰华占,籼型常规稻,广东省农业科学院水稻研究所,粤审稻2005010,粤审稻,2005010,黄新占,广东省农业科学院水稻研究所
广东,博Ⅲ优9802,博ⅢA×粤恢9802,籼型三系杂交稻,广东粤良种业有限公司,粤审稻2014042,粤审稻,2014042,博ⅢA,广东粤良种业有限公司
广西,福兴优510,福兴A×明香510,籼型三系杂交稻,广西南宁福瑞种业有限公司等,桂审稻2023008号,桂审稻,2023008,福兴A,广西南宁福瑞种业有限公司
广东,宝优098,宝A×G098,籼型三系杂交稻,广东省良种引进服务公司,粤审稻20180032,粤审稻,20180032,宝A,广东省良种引进服务公司
广东,美优9802,美A×粤恢9802,籼型三系杂交稻,广东省农业科学院植物保护研究所,粤审稻2014041,粤审稻,2014041,美A,广东省农业科学院植物保护研究所
广西,旱两优728,沪旱74S×恢28,籼型两系杂交稻,浙江勿忘农种业股份有限公司等,桂审稻2024117号,桂审稻,2024117,沪旱74S,浙江勿忘农种业股份有限公司
广西,恒丰优1770,恒丰A×R1770,籼型三系杂交稻,广西大学等,桂审稻2019085号,桂审稻,2019085,恒丰A,广西大学
广西,留香优326,留香A×R326,籼型三系杂交稻,南宁谷源丰种业有限公司,桂审稻2023043号,桂审稻,2023043,留香A,南宁谷源丰种业有限公司
广西,珀优570,珀A×正恢570,籼型三系杂交稻,广西桂稻香农作物研究所有限公司等,桂审稻2021168号,桂审稻,2021168,珀A,广西桂稻香农作物研究所有限公司
广西,浙两优丝苗,浙科17S×五山丝苗,籼型两系杂交稻,浙江农科种业有限公司等,桂审稻2020043号,桂审稻,2020043,浙科17S,浙江农科种业有限公司
广东,华航31号,H-31×华航131,籼型常规稻,华南农业大学植物航天育种研究中心,粤审稻2010022,粤审稻,2010022,H-31,华南农业大学植物航天育种研究中心
广东,山软8号,丰富占×粤泰丝苗,籼型常规稻,佛山市农业科学研究所,粤审稻20170010,粤审稻,20170010,丰富占,佛山市农业科学研究所
广西,明太优2803,明太A×镛恢2803,籼型三系杂交稻,福建六三种业有限责任公司等,桂审稻2024083号,桂审稻,2024083,明太A,福建六三种业有限责任公司
广西,又香优又丝苗,又香A×又丝苗,籼型三系杂交稻,广西兆和种业有限公司等,桂审稻2021123号,桂审稻,2021123,又香A,广西兆和种业有限公司
广东,天丰优518,天丰A×汕恢518,籼型三系杂交稻,广东省汕头市农业科学研究所等,粤审稻2008022,粤审稻,2008022,天丰A,广东省汕头市农业科学研究所
广东,粤二占,粤香占×朝二占,籼型常规稻,广东省惠州市农业科学研究所,粤审稻2005009,粤审稻,2005009,粤香占,广东省惠州市农业科学研究所
广东,五山丝苗,茉莉丝苗×五山油占,籼型常规稻,广东省农业科学院水稻研究所,粤审稻2009031,粤审稻,2009031,茉莉丝苗,广东省农业科学院水稻研究所
广东,博优618,博A×广恢618,籼型三系杂交稻,广东省农业科学院水稻研究所等,粤审稻2014040,粤审稻,2014040,博A,广东省农业科学院水稻研究所
广东,深优95-8,深95A×R788,籼型三系杂交稻,国家杂交水稻工程技术研究中心清华深圳龙岗研究所,粤审稻2013021,粤审稻,2013021,深95A,国家杂交水稻工程技术研究中心清华深圳龙岗研究所
广西,臻香优521,臻香A×鼎恢521,籼型三系杂交稻,广西鼎烽种业有限公司,桂审稻2021029号,桂审稻,2021029,臻香A,广西鼎烽种业有限公司
广西,广粮香丝,丝香1号,籼型常规稻,广西粮发种业有限公司,桂审稻2021192号,桂审稻,2021192,丝香1号,广西粮发种业有限公司
广西,众香优纳丝苗,众香A×R纳丝苗,籼型三系杂交稻,广西百香高科种业有限公司,桂审稻2023007号,桂审稻,2023007,众香A,广西百香高科种业有限公司
广东,雪花新占,丰丝占/新农占×丰丝占/雪花占,籼型常规稻,广东省农业科学院水稻研究所,粤审稻2012005,粤审稻,2012005,丰丝占/新农占,广东省农业科学院水稻研究所
广西,中银优丝苗,中银A×华玉丝苗,籼型三系杂交稻,广东粤良种业有限公司,桂审稻2022016号,桂审稻,2022016,中银A,广东粤良种业有限公司
广东,美雅占,美丝占×OR-11/富清占//丰丝占,籼型常规稻,广东省农业科学院水稻研究所,粤审稻2009030,粤审稻,2009030,美丝占,广东省农业科学院水稻研究所
广西,玖香优1号,玖香A×富恢101,籼型三系杂交稻,南宁市桂稻香农作物研究所等,桂审稻2021167号,桂审稻,2021167,玖香A,南宁市桂稻香农作物研究所
广西,丰糯3号,佛山糯稻×R9258,籼型常规稻,广西皓凯生物科技有限公司等,桂审稻2020195号,桂审稻,2020195,佛山糯稻,广西皓凯生物科技有限公司
广西,坤两优紫88,坤S×Y71088,籼型两系杂交稻,广西恒茂农业科技有限公司等,桂审稻2020194号,桂审稻,2020194,坤S,广西恒茂农业科技有限公司
广西,孟两优黑占,孟S×黑占,籼型两系杂交稻,贺州市农业科学院等,桂审稻2020193号,桂审稻,2020193,孟S,贺州市农业科学院
广东,珍优155,珍丰A×耕恢155,籼型三系杂交稻,广东现代耕耘种业有限公司,粤审稻20170078,粤审稻,20170078,珍丰A,广东现代耕耘种业有限公司
广东,华优桂99,Y华农A×桂99,籼型三系杂交稻,华南农业大学农学院等,粤审稻200118,粤审稻,200118,Y华农A,华南农业大学农学院
广西,胜香优2833,胜香A×R2833,籼型三系杂交稻,广西农业职业技术大学等,桂审稻2022123号,桂审稻,2022123,胜香A,广西农业职业技术大学
广西,广8优兆丝香,广8A×兆丝香,籼型三系杂交稻,广西兆和种业有限公司等,桂审稻2023042号,桂审稻,2023042,广8A,广西兆和种业有限公司
广西,恒丰优靓丝,恒丰A×靓丝,籼型三系杂交稻,广西壮邦种业有限公司等,桂审稻2024010号,桂审稻,2024010,恒丰A,广西壮邦种业有限公司
广西,巡两优317,巡天15S×成恢31701,籼型两系杂交稻,贺州市农业科学院等,桂审稻2020042号,桂审稻,2020042,巡天15S,贺州市农业科学院
广西,美两优1512,美香93S×HR1512,籼型两系杂交稻,南宁市利中惠农作物研究所等,桂审稻2023108号,桂审稻,2023108,美香93S,南宁市利中惠农作物研究所
广东,双银占,固优占/银晶软占×银晶软占,籼型常规稻,广东省农业科学院水稻研究所,粤审稻2009029,粤审稻,2009029,固优占/银晶软占,广东省农业科学院水稻研究所
广东,粳丝粘1号,矮秀占/粳稻253×野丝占,籼型常规稻,广州市农业科学研究所,粤审稻2009028,粤审稻,2009028,矮秀占/粳稻253,广州市农业科学研究所
广东,泰源占7号,胜泰1号×丰丝占,籼型常规稻,广州市农业科学研究所,粤审稻2009027,粤审稻,2009027,胜泰1号,广州市农业科学研究所
广东,深优957,深95A×��-7,籼型三系杂交稻,清华大学深圳研究生院,粤审稻2011015,粤审稻,2011015,深95A,清华大学深圳研究生院
广西,魅两优940,魅051S×R940,籼型两系杂交稻,广西南泥湾种业有限公司等,桂审稻2022034号,桂审稻,2022034,魅051S,广西南泥湾种业有限公司
广西,红两优6号,118S×旺红6号,籼型两系杂交稻,福建旺穗种业有限公司等,桂审稻2020192号,桂审稻,2020192,118S,福建旺穗种业有限公司
广西,泰香优2251,泰32A×泰恢香2251,籼型三系杂交稻,广西绿丰种业有限责任公司等,桂审稻2024082号,桂审稻,2024082,泰32A,广西绿丰种业有限责任公司
广东,恒丰优7166,恒丰A×R7166,籼型三系杂交稻,广东粤良种业有限公司,粤审稻2016016,粤审稻,2016016,恒丰A,广东粤良种业有限公司
广西,颖香优505,颖香A×正恢505,籼型三系杂交稻,广西桂稻香农作物研究所有限公司等,桂审稻2021166号,桂审稻,2021166,颖香A,广西桂稻香农作物研究所有限公司
广西,青香优086,青香A×G086,籼型三系杂交稻,广东鲜美种苗股份有限公司等,桂审稻2022122号,桂审稻,2022122,青香A,广东鲜美种苗股份有限公司
广东,Y两优318,Y58S×R318,籼型两系杂交稻,广州市农业科学研究院,粤审稻2013020,粤审稻,2013020,Y58S,广州市农业科学研究院
广东,七花占,三七早/922×银花占,籼型常规稻,佛山市农业科学研究所,粤审稻2009026,粤审稻,2009026,三七早/922,佛山市农业科学研究所
广东,华航52号,华航31号×金农丝苗,籼型常规稻,国家植物航天育种工程技术研究中心（华南农业大学）,粤审稻20170009,粤审稻,20170009,华航31号,国家植物航天育种工程技术研究中心（华南农业大学）
广西,万千香占,越南北七香占×田东香占,籼型常规稻,广西万千种业有限公司,桂审稻2020191号,桂审稻,2020191,越南北七香占,广西万千种业有限公司
广西,雅丝881,象牙香占变异株×宣香1号,籼型常规稻,广西博士园种业有限公司,桂审稻2020190号,桂审稻,2020190,象牙香占变异株,广西博士园种业有限公司
广西,软华优197,G软华A×优恢197,籼型三系杂交稻,华南农业大学,桂审稻2023006号,桂审稻,2023006,G软华A,华南农业大学
广东,园优7148,园A×R7148,籼型三系杂交稻,肇庆市农业科学研究所等,粤审稻2012021,粤审稻,2012021,园A,肇庆市农业科学研究所
广西,隆两优785,隆科638S×华恢7785,籼型两系杂交稻,湖南亚华种业科学研究院等,桂审稻2021028号,桂审稻,2021028,隆科638S,湖南亚华种业科学研究院
广西,荃两优丝苗,荃211S×五山丝苗,籼型两系杂交稻,安徽荃银高科种业股份有限公司等,桂审稻2024116号,桂审稻,2024116,荃211S,安徽荃银高科种业股份有限公司
广东,安丰优806,安丰A×广恢806,籼型三系杂交稻,广东省农业科学院水稻研究所等,粤审稻2014039,粤审稻,2014039,安丰A,广东省农业科学院水稻研究所
广西,邦两优香占,邦S×桂农香占,籼型两系杂交稻,广西兆和种业有限公司,桂审稻2021122号,桂审稻,2021122,邦S,广西兆和种业有限公司
广西,邦两优郁香,邦S×郁香,籼型两系杂交稻,广西兆和种业有限公司,桂审稻2021121号,桂审稻,2021121,邦S,广西兆和种业有限公司
广东,深优97-7,深97A×α-7,籼型三系杂交稻,国家杂交水稻工程技术研究中心清华深圳龙岗研究所,粤审稻2012020,粤审稻,2012020,深97A,国家杂交水稻工程技术研究中心清华深圳龙岗研究所
广西,桂乡优909,桂乡A×R909,籼型三系杂交稻,广西鼎烽种业有限公司,桂审稻2020041号,桂审稻,2020041,桂乡A,广西鼎烽种业有限公司
广东,野丝占,溪野占10×中二软占,籼型常规稻,佛山市农业科学研究所,粤审稻2005008,粤审稻,2005008,溪野占10,佛山市农业科学研究所
广西,广8优香油占,广8A×香油占,籼型三系杂交稻,广西兆和种业有限公司等,桂审稻2022033号,桂审稻,2022033,广8A,广西兆和种业有限公司
广东,合丰丝苗,合丰占×金科1号,籼型常规稻,广东省农业科学院水稻研究所,粤审稻2012004,粤审稻,2012004,合丰占,广东省农业科学院水稻研究所
广西,泰两优香2251,居里泰2S×泰恢香2251,籼型两系杂交稻,广西绿丰种业有限责任公司等,桂审稻2024081号,桂审稻,2024081,居里泰2S,广西绿丰种业有限责任公司
广西,沁香优808,沁香A×R808,籼型三系杂交稻,广西作物遗传改良生物技术重点开放实验室等,桂审稻2024080号,桂审稻,2024080,沁香A,广西作物遗传改良生物技术重点开放实验室
广西,闻香优8699,闻香A×R8699,籼型三系杂交稻,广西万禾种业有限公司等,桂审稻2023041号,桂审稻,2023041,闻香A,广西万禾种业有限公司
广西,桃秀优美珍,桃秀A×R美珍,籼型三系杂交稻,湖南桃花源农业科技股份有限公司,桂审稻2022015号,桂审稻,2022015,桃秀A,湖南桃花源农业科技股份有限公司
广东,植优523,植A×R523,籼型三系杂交稻,中国科学院华南植物园,粤审稻2011014,粤审稻,2011014,植A,中国科学院华南植物园
广东,双黄丝苗,黄丰占×黄广占,籼型常规稻,广东省农业科学院水稻研究所,粤审稻20170008,粤审稻,20170008,黄丰占,广东省农业科学院水稻研究所
广东,隆两优534,隆科638S×R534,籼型两系杂交稻,袁隆平农业高科技股份有限公司等,粤审稻20180031,粤审稻,20180031,隆科638S,袁隆平农业高科技股份有限公司
广西,创两优602,创5S×克602,籼型两系杂交稻,南宁市桂福园农业有限公司等,桂审稻2019084号,桂审稻,2019084,创5S,南宁市桂福园农业有限公司
广东,珍优9611,珍丰A×G9611,籼型三系杂交稻,仲恺农业工程学院农学院,粤审稻20170077,粤审稻,20170077,珍丰A,仲恺农业工程学院农学院
广东,丰优128,粤丰A×广恢128,籼型三系杂交稻,广东省农业科学院水稻研究所,粤审稻200117,粤审稻,200117,粤丰A,广东省农业科学院水稻研究所
广东,天优697,天丰A×汕恢697,籼型三系杂交稻,广东省汕头市农业科学研究所等,粤审稻2008021,粤审稻,2008021,天丰A,广东省汕头市农业科学研究所
广东,南秀软占,黄软占×黄秀占,籼型常规稻,广东省农业科学院水稻研究所,粤审稻20170007,粤审稻,20170007,黄软占,广东省农业科学院水稻研究所
广东,航香糯,南丰糯,籼型常规稻,广东省农业科学院水稻研究所,粤审稻2009025,粤审稻,2009025,南丰糯,广东省农业科学院水稻研究所
广东,丰美占,新广美×中二占,籼型常规稻,广东省农业科学院水稻研究所,粤审稻2005007,粤审稻,2005007,新广美,广东省农业科学院水稻研究所
广东,粤丰新占,粤新占2号×粤泰丝苗,籼型常规稻,广东省农业科学院水稻研究所,粤审稻2012003,粤审稻,2012003,粤新占2号,广东省农业科学院水稻研究所
广西,美两优313,美香93S×HR313,籼型两系杂交稻,广西中惠农业科技有限公司等,桂审稻2023040号,桂审稻,2023040,美香93S,广西中惠农业科技有限公司
广东,五源占,五山丝苗/桂农占×五山丝苗/广源占5号,籼型常规稻,广州市农业科学研究院等,粤审稻20170006,粤审稻,20170006,五山丝苗/桂农占,广州市农业科学研究院
广西,武天优868,武天A×正恢868,籼型三系杂交稻,南宁市桂稻香农作物研究所等,桂审稻2024115号,桂审稻,2024115,武天A,南宁市桂稻香农作物研究所
广东,桂农占,广农占/新澳占×金桂占,籼型常规稻,广东省农业科学院水稻研究所,粤审稻2005006,粤审稻,2005006,广农占/新澳占,广东省农业科学院水稻研究所
广西,蒂香优莉泰香,蒂香A×莉泰香,籼型三系杂交稻,广西万禾种业有限公司等,桂审稻2023039号,桂审稻,2023039,蒂香A,广西万禾种业有限公司
广西,俊香优2833,俊香A×R2833,籼型三系杂交稻,广西万禾种业有限公司,桂审稻2024079号,桂审稻,2024079,俊香A,广西万禾种业有限公司
广东,博优晚3,博A×晚3,籼型三系杂交稻,广东省湛江杂优研究中心,粤审稻1999002,粤审稻,1999002,博A,广东省湛江杂优研究中心
广东,优优128,优ⅠA×广恢128,籼型三系杂交稻,广东省农业科学院水稻研究所,粤审稻1999001,粤审稻,1999001,优ⅠA,广东省农业科学院水稻研究所
广西,秋乡优699,秋乡A×富恢699,籼型三系杂交稻,广西桂稻香农作物研究所有限公司等,桂审稻2021165号,桂审稻,2021165,秋乡A,广西桂稻香农作物研究所有限公司
广东,晶两优华占,晶4155S×华占,籼型两系杂交稻,袁隆平农业高科技股份有限公司等,粤审稻20180030,粤审稻,20180030,晶4155S,袁隆平农业高科技股份有限公司
广东,吉优360,吉丰A×广恢360,籼型三系杂交稻,广东省金稻种业有限公司等,粤审稻2016015,粤审稻,2016015,吉丰A,广东省金稻种业有限公司
广西,阑香463,百香139变异株×华占,籼型常规稻,广西博士园种业有限公司,桂审稻2020189号,桂审稻,2020189,百香139变异株,广西博士园种业有限公司
广西,旌香优6878,旌玉1A×旌恢6878,籼型三系杂交稻,广西万川种业有限公司等,桂审稻2021120号,桂审稻,2021120,旌玉1A,广西万川种业有限公司
广西,软华优651,G软华A×华恢651,籼型三系杂交稻,华南农业大学,桂审稻2020040号,桂审稻,2020040,G软华A,华南农业大学
广西,吨两优818,吨S×创恢818,籼型两系杂交稻,湖南袁创超级稻技术有限公司,桂审稻2023107号,桂审稻,2023107,吨S,湖南袁创超级稻技术有限公司
广西,仁优6号,宽仁A×R6155,籼型三系杂交稻,安陆市兆农育种创新中心等,桂审稻2023005号,桂审稻,2023005,宽仁A,安陆市兆农育种创新中心
广西,诚香优贡丝香,诚香A×贡丝香,籼型三系杂交稻,广西兆和种业有限公司,桂审稻2024009号,桂审稻,2024009,诚香A,广西兆和种业有限公司
广东,特优838选,龙特浦A×R838选,籼型三系杂交稻,高州市良种繁育场,粤审稻2012019,粤审稻,2012019,龙特浦A,高州市良种繁育场
广东,齐丰占,齐粒丝苗×丰艮占,籼型常规稻,仲恺农业工程学院生命科学学院等,粤审稻2009024,粤审稻,2009024,齐粒丝苗,仲恺农业工程学院生命科学学院
广东,培杂双七,培矮64S×双七占,籼型两系杂交稻,广东省农业科学院水稻研究所,粤审稻1998008,粤审稻,1998008,培矮64S,广东省农业科学院水稻研究所
广西,泰优银华粘,泰丰A×银华粘,籼型三系杂交稻,湖南永益农业科技发展有限公司等,桂审稻2022014号,桂审稻,2022014,泰丰A,湖南永益农业科技发展有限公司
广东,珍优28,珍丰A×Q28,籼型三系杂交稻,深圳市金冠现代农业新技术有限公司等,粤审稻20170076,粤审稻,20170076,珍丰A,深圳市金冠现代农业新技术有限公司
广东,博优96,博A×R96,籼型三系杂交稻,广东省农业科学院水稻研究所,粤审稻1998007,粤审稻,1998007,博A,广东省农业科学院水稻研究所
广西,闻香优2833,闻香A×R2833,籼型三系杂交稻,广西万禾种业有限公司等,桂审稻2022121号,桂审稻,2022121,闻香A,广西万禾种业有限公司
广西,华浙优9080,华浙9A×R5080,籼型三系杂交稻,三亚中国农业科学院国家南繁研究院等,桂审稻2024114号,桂审稻,2024114,华浙9A,三亚中国农业科学院国家南繁研究院
广西,珍香9号,象牙香占/R333×测4,籼型常规稻,南宁谷源丰种业有限公司,桂审稻2021191号,桂审稻,2021191,象牙香占/R333,南宁谷源丰种业有限公司
广东,特优2089,龙特浦A×弘恢2089,籼型三系杂交稻,广东海洋大学农业生物技术研究所等,粤审稻2013019,粤审稻,2013019,龙特浦A,广东海洋大学农业生物技术研究所
广西,那优5501,那丰A×桂恢5501,籼型三系杂交稻,广西壮族自治区农业科学院水稻研究所,桂审稻2021027号,桂审稻,2021027,那丰A,广西壮族自治区农业科学院水稻研究所
广东,田禾1号,莉丰占/矮秀占×五山丝苗,籼型常规稻,佛山市农业科学研究所,粤审稻20170005,粤审稻,20170005,莉丰占/矮秀占,佛山市农业科学研究所
广东,Y两优3088,Y58S×弘恢3088,籼型两系杂交稻,广东海洋大学农学院等,粤审稻2014038,粤审稻,2014038,Y58S,广东海洋大学农学院
广东,早花占,三七早/920×银花占,籼型常规稻,佛山市农业科学研究所,粤审稻2010021,粤审稻,2010021,三七早/920,佛山市农业科学研究所
广东,黄丰占,黄华占×丰秀占,籼型常规稻,广东省农业科学院水稻研究所,粤审稻2012002,粤审稻,2012002,黄华占,广东省农业科学院水稻研究所
广东,特优航1号,龙特甫A×航1号,籼型三系杂交稻,福建省农业科学院水稻研究所,粤审稻2008020,粤审稻,2008020,龙特甫A,福建省农业科学院水稻研究所
广西,力拓6号,满香B×象恢363,籼型常规稻,广西象州黄氏水稻研究所等,桂审稻2020188号,桂审稻,2020188,满香B,广西象州黄氏水稻研究所
广西,昌两优1767,昌S×Y71067,籼型两系杂交稻,广西恒茂农业科技有限公司等,桂审稻2021119号,桂审稻,2021119,昌S,广西恒茂农业科技有限公司
广东,优优122,优ⅠA×广恢122,籼型三系杂交稻,广东省农业科学院水稻研究所,粤审稻1998006,粤审稻,1998006,优ⅠA,广东省农业科学院水稻研究所
广西,恒丰优15香,恒丰A×15香,籼型三系杂交稻,广西壮邦种业有限公司等,桂审稻2022032号,桂审稻,2022032,恒丰A,广西壮邦种业有限公司
广西,蒂香优966,蒂香A×R966,籼型三系杂交稻,广西农业职业技术大学等,桂审稻2024078号,桂审稻,2024078,蒂香A,广西农业职业技术大学
广东,粤合占,粤香占×特粳占,籼型常规稻,广东省农业科学院水稻研究所,粤审稻2005005,粤审稻,2005005,粤香占,广东省农业科学院水稻研究所
广西,两优5311,WD915S×R610311,籼型两系杂交稻,武汉大学,桂审稻2023106号,桂审稻,2023106,WD915S,武汉大学
广西,新泰优丝占,新泰A×丝占,籼型三系杂交稻,南昌市农业科学院粮油作物研究所等,桂审稻2019083号,桂审稻,2019083,新泰A,南昌市农业科学院粮油作物研究所
广东,特优3301,龙特甫A×闽恢3301,籼型三系杂交稻,福建省农业科学院生物技术研究所,粤审稻2013018,粤审稻,2013018,龙特甫A,福建省农业科学院生物技术研究所
广西,万丰优107,万丰99A×创恢107,籼型三系杂交稻,湖南袁创超级稻技术有限公司,桂审稻2023004号,桂审稻,2023004,万丰99A,湖南袁创超级稻技术有限公司
广东,五优粤禾丝苗,五丰A×粤禾丝苗,籼型三系杂交稻,广东省农业科学院水稻研究所等,粤审稻2016014,粤审稻,2016014,五丰A,广东省农业科学院水稻研究所
广东,博优998,博A×广恢998,籼型三系杂交稻,广东省农业科学院水稻研究所,粤审稻200116,粤审稻,200116,博A,广东省农业科学院水稻研究所
广东,七佛占,特籼占25/七银占×佛山油占,籼型常规稻,佛山市农业科学研究所,粤审稻2012001,粤审稻,2012001,特籼占25/七银占,佛山市农业科学研究所
广东,建优277,建A×R277,籼型三系杂交稻,湛江神禾生物技术有限公司,粤审稻2011013,粤审稻,2011013,建A,湛江神禾生物技术有限公司
广西,旱优78,沪旱7A×旱恢78,籼型三系杂交稻,上海天谷生物科技股份有限公司,桂审稻2020039号,桂审稻,2020039,沪旱7A,上海天谷生物科技股份有限公司
广西,原香优589,原香39A×R589,籼型三系杂交稻,广西壮邦种业有限公司,桂审稻2024008号,桂审稻,2024008,原香39A,广西壮邦种业有限公司
广东,望两优华占,望S×华占,籼型两系杂交稻,湖南希望种业科技股份有限公司等,粤审稻20180029,粤审稻,20180029,望S,湖南希望种业科技股份有限公司
广西,广8优又丝苗,广8A×又丝苗,籼型三系杂交稻,广西兆和种业有限公司等,桂审稻2022120号,桂审稻,2022120,广8A,广西兆和种业有限公司
广东,恒丰优908,恒丰A×R908,籼型三系杂交稻,广东粤良种业有限公司等,粤审稻20170075,粤审稻,20170075,恒丰A,广东粤良种业有限公司
广西,香两优1218,香S×R1218,籼型两系杂交稻,广西瑞特种子有限责任公司,桂审稻2022088号,桂审稻,2022088,香S,广西瑞特种子有限责任公司
广西,力拓5号,玉美占×DF57,籼型常规稻,广西象州黄氏水稻研究所等,桂审稻2020187号,桂审稻,2020187,玉美占,广西象州黄氏水稻研究所
广东,粤航1号,长丝占,籼型常规稻,广东省农业科学院水稻研究所,粤审稻2005004,粤审稻,2005004,长丝占,广东省农业科学院水稻研究所
广西,济优6553,济A×R6553,籼型三系杂交稻,深圳市兆农农业科技有限公司,桂审稻2022013号,桂审稻,2022013,济A,深圳市兆农农业科技有限公司
广东,广丰香8号,粤香占×九七香1号,籼型常规稻,广州市农业科学研究所,粤审稻2009023,粤审稻,2009023,粤香占,广州市农业科学研究所
广西,鑫丰优莉香,鑫丰A×R莉香,籼型三系杂交稻,广西百香高科种业有限公司等,桂审稻2021026号,桂审稻,2021026,鑫丰A,广西百香高科种业有限公司
广西,乾两优1767,乾S×Y71067,籼型两系杂交稻,广西恒茂农业科技有限公司等,桂审稻2021118号,桂审稻,2021118,乾S,广西恒茂农业科技有限公司
广东,新丰占,新软占×佛山油占,籼型常规稻,佛山市农业科学研究所,粤审稻2010020,粤审稻,2010020,新软占,佛山市农业科学研究所
广西,恒香优255,恒香A×恒恢255,籼型三系杂交稻,广东现代种业发展有限公司,桂审稻2024113号,桂审稻,2024113,恒香A,广东现代种业发展有限公司
广西,馥香两优19香,馥香S×19香,籼型两系杂交稻,江西科源种业有限公司等,桂审稻2023038号,桂审稻,2023038,馥香S,江西科源种业有限公司
广西,扬籼优713,扬籼7A×扬恢713,籼型三系杂交稻,江苏里下河地区农业科学研究所等,桂审稻2019082号,桂审稻,2019082,扬籼7A,江苏里下河地区农业科学研究所
广西,昌两优馥香占,昌S×馥香占,籼型两系杂交稻,广西恒茂农业科技有限公司等,桂审稻2021117号,桂审稻,2021117,昌S,广西恒茂农业科技有限公司
广西,国良优金丝,国良A×金丝,籼型三系杂交稻,广西国良种业有限公司,桂审稻2021164号,桂审稻,2021164,国良A,广西国良种业有限公司
广东,鹏优6228,鹏A×R6228,籼型三系杂交稻,深圳市兆农农业科技有限公司,粤审稻2016013,粤审稻,2016013,鹏A,深圳市兆农农业科技有限公司
广东,特优2068,龙特浦A×广恢2068,籼型三系杂交稻,广东省农业科学院水稻研究所等,粤审稻2013017,粤审稻,2013017,龙特浦A,广东省农业科学院水稻研究所
广西,邦两优922,邦S×R922,籼型两系杂交稻,广西兆和种业有限公司,桂审稻2024007号,桂审稻,2024007,邦S,广西兆和种业有限公司
广西,居里香两优2251,居里泰3S×泰恢香2251,籼型两系杂交稻,广西绿丰种业有限责任公司等,桂审稻2024077号,桂审稻,2024077,居里泰3S,广西绿丰种业有限责任公司
广西,泰优粤占,泰丰A×粤占,籼型三系杂交稻,湖南永益农业科技发展有限公司等,桂审稻2020038号,桂审稻,2020038,泰丰A,湖南永益农业科技发展有限公司
广西,乾两优香久久,乾S×香久久,籼型两系杂交稻,广西恒茂农业科技有限公司,桂审稻2021116号,桂审稻,2021116,乾S,广西恒茂农业科技有限公司
广东,特优608,龙特浦A×R608,籼型三系杂交稻,海南神农大丰种业科技股份有限公司,粤审稻2013016,粤审稻,2013016,龙特浦A,海南神农大丰种业科技股份有限公司
广东,深两优870,深08S×P5470,籼型两系杂交稻,广东兆华种业有限公司等,粤审稻2014037,粤审稻,2014037,深08S,广东兆华种业有限公司
广西,桂香99,巴太香占×象牙香占,籼型常规稻,广西壮族自治区农业科学院水稻研究所,桂审稻2020186号,桂审稻,2020186,巴太香占,广西壮族自治区农业科学院水稻研究所
广西,银两优822,银58S×YR0822,籼型两系杂交稻,湖北荃银高科种业有限公司等,桂审稻2022012号,桂审稻,2022012,银58S,湖北荃银高科种业有限公司
广西,甬优103,甬粳10号A×F275,籼粳交三系杂交稻,宁波种业股份有限公司等,桂审稻2024076号,桂审稻,2024076,甬粳10号A,宁波种业股份有限公司
广西,色香优粉丝,色香A×R粉丝,籼型三系杂交稻,广西绿海种业有限公司,桂审稻2022119号,桂审稻,2022119,色香A,广西绿海种业有限公司
广西,馥香两优香99,馥香S×恒恢香99,籼型两系杂交稻,广西恒茂农业科技有限公司等,桂审稻2023037号,桂审稻,2023037,馥香S,广西恒茂农业科技有限公司
广西,缘两优香丝,缘88S×R香丝,籼型两系杂交稻,广西荃鸿农业科技有限公司等,桂审稻2023105号,桂审稻,2023105,缘88S,广西荃鸿农业科技有限公司
广东,Ⅱ优128,Ⅱ-32A×广恢128,籼型三系杂交稻,广东省农业科学院水稻研究所,粤审稻1998005,粤审稻,1998005,Ⅱ-32A,广东省农业科学院水稻研究所
广西,乾两优香2,乾S×百恢2号,籼型两系杂交稻,广西恒茂农业科技有限公司等,桂审稻2021115号,桂审稻,2021115,乾S,广西恒茂农业科技有限公司
广西,瀚香优晶占,瀚香A×R晶占,籼型三系杂交稻,广西瀚林农业科技有限公司,桂审稻2021114号,桂审稻,2021114,瀚香A,广西瀚林农业科技有限公司
广西,增香优南香占,增香A×南香占,籼型三系杂交稻,广东华农大种业有限公司,桂审稻2024112号,桂审稻,2024112,增香A,广东华农大种业有限公司
广西,万川香占,中广香1号×桂恢760,籼型常规稻,广西万川种业有限公司等,桂审稻2021190号,桂审稻,2021190,中广香1号,广西万川种业有限公司
广东,固银占,固优占×银晶软占,籼型常规稻,广东省农业科学院水稻研究所,粤审稻2009022,粤审稻,2009022,固优占,广东省农业科学院水稻研究所
广西,粳香优甜丝,粳香A×R甜丝,籼型三系杂交稻,广西绿海种业有限公司,桂审稻2021163号,桂审稻,2021163,粳香A,广西绿海种业有限公司
广西,晶两优1212,晶4155S×R1212,籼型两系杂交稻,袁隆平农业高科技股份有限公司等,桂审稻2021025号,桂审稻,2021025,晶4155S,袁隆平农业高科技股份有限公司
广西,菁两优香蜜,菁香1S×香蜜蜜,籼型两系杂交稻,广西粮研农业科技有限公司,桂审稻2024061号,桂审稻,2024061,菁香1S,广西粮研农业科技有限公司
广西,五优玉占,五丰A×玉占,籼型三系杂交稻,湖南恒德种业科技有限公司等,桂审稻2020037号,桂审稻,2020037,五丰A,湖南恒德种业科技有限公司
广东,源丰占,丰丝占×香丝苗126/象牙软占,籼型常规稻,广东省农业科学院水稻研究所,粤审稻2010019,粤审稻,2010019,丰丝占,广东省农业科学院水稻研究所
广东,粤杂122,GD-1S×广恢122,籼型两系杂交稻,广东省农业科学院水稻研究所,粤审稻200115,粤审稻,200115,GD-1S,广东省农业科学院水稻研究所
广东,元两优1363,元丰9828S×T1363,籼型两系杂交稻,湛江元丰农业科技有限公司,粤审稻2011012,粤审稻,2011012,元丰9828S,湛江元丰农业科技有限公司
广西,共香优107,贡香A×创恢107,籼型三系杂交稻,湖南袁创超级稻技术有限公司,桂审稻2023003号,桂审稻,2023003,贡香A,湖南袁创超级稻技术有限公司
广西,众香优005,众香A×R005,籼型三系杂交稻,广西煜丰生物科技有限公司等,桂审稻2024060号,桂审稻,2024060,众香A,广西煜丰生物科技有限公司
广东,特优338,龙特浦A×华恢338,籼型三系杂交稻,华南农业大学农学院,粤审稻2013015,粤审稻,2013015,龙特浦A,华南农业大学农学院
广东,恒丰优387,恒丰A×R387,籼型三系杂交稻,湛江市农业科学研究所等,粤审稻2013014,粤审稻,2013014,恒丰A,湛江市农业科学研究所
广东,野籼占8号,野籼占6号,籼型常规稻,广东省惠州市农业科学研究所,粤审稻2005003,粤审稻,2005003,野籼占6号,广东省惠州市农业科学研究所
广西,悦两优6269,华悦468S×华恢6269,籼型两系杂交稻,湖南隆平高科种业科学研究院有限公司等,桂审稻2022031号,桂审稻,2022031,华悦468S,湖南隆平高科种业科学研究院有限公司
广东,胜优青占,胜A×金青占,籼型三系杂交稻,广州市金粤生物科技有限公司,粤审稻20180028,粤审稻,20180028,胜A,广州市金粤生物科技有限公司
广西,又香优922,又香A×R922,籼型三系杂交稻,广西兆和种业有限公司等,桂审稻2024006号,桂审稻,2024006,又香A,广西兆和种业有限公司
广西,旱优93,申旱3A×旱恢7193,籼型三系杂交稻,上海天谷生物科技股份有限公司,桂审稻2022030号,桂审稻,2022030,申旱3A,上海天谷生物科技股份有限公司
广西,桂源2号,百香139/七桂占×五山丝苗,籼型常规稻,广西国良种业有限公司,桂审稻2021189号,桂审稻,2021189,百香139/七桂占,广西国良种业有限公司
广西,桂田优3号,桂田A×鼎恢138,籼型三系杂交稻,广西鼎烽种业有限公司等,桂审稻2024059号,桂审稻,2024059,桂田A,广西鼎烽种业有限公司
广西,野糯优沱沱香2号,野糯A×R沱沱香2号,籼型三系杂交稻,广西绿海种业有限公司等,桂审稻2024058号,桂审稻,2024058,野糯A,广西绿海种业有限公司
广西,红香优2185,红香53A×象香恢2185,籼型三系杂交稻,南宁市西玉农作物研究所等,桂审稻2024057号,桂审稻,2024057,红香53A,南宁市西玉农作物研究所
广西,华浙优261,华浙2A×中恢261,籼型三系杂交稻,中国水稻研究所等,桂审稻2024056号,桂审稻,2024056,华浙2A,中国水稻研究所
广西,甜香优1170,甜香1A×内恢5170,籼型三系杂交稻,广西绿海种业有限公司等,桂审稻2021162号,桂审稻,2021162,甜香1A,广西绿海种业有限公司
广西,美香优又丝苗,美香A×又丝苗,籼型三系杂交稻,南宁谷源丰种业有限公司,桂审稻2024075号,桂审稻,2024075,美香A,南宁谷源丰种业有限公司
广东,博优9611,博A×G9611,籼型三系杂交稻,广州市金粤生物科技有限公司,粤审稻2011047,粤审稻,2011047,博A,广州市金粤生物科技有限公司
广西,好香优金星丝苗,好香A×R金星丝苗,籼型三系杂交稻,广西绿海种业有限公司,桂审稻2022118号,桂审稻,2022118,好香A,广西绿海种业有限公司
广西,名丰优合香,名丰A×坚恢合香,籼型三系杂交稻,广西瀚德农业科技有限公司,桂审稻2022087号,桂审稻,2022087,名丰A,广西瀚德农业科技有限公司
广西,博康优9873,博康A×R9873,籼型三系杂交稻,博白县农业科学研究所,桂审稻2022086号,桂审稻,2022086,博康A,博白县农业科学研究所
广西,泰优粤禾丝苗,泰丰A×粤禾丝苗,籼型三系杂交稻,广东省金稻种业有限公司等,桂审稻2022084号,桂审稻,2022084,泰丰A,广东省金稻种业有限公司
广东,丰泰占,泰澳丝苗×丰粤占,籼型常规稻,广东省农业科学院水稻研究所,粤审稻2009021,粤审稻,2009021,泰澳丝苗,广东省农业科学院水稻研究所
广东,胜巴丝苗,胜泰1号×增巴丝苗,籼型常规稻,华南农业大学农学院,粤审稻2005002,粤审稻,2005002,胜泰1号,华南农业大学农学院
广东,吉优916,吉丰A×广恢916,籼型三系杂交稻,广东省农业科学院水稻研究所等,粤审稻2016012,粤审稻,2016012,吉丰A,广东省农业科学院水稻研究所
广西,兰香两优578,兰香S×湛恢578,籼型两系杂交稻,湛江市裕丰农业科技有限公司等,桂审稻2024111号,桂审稻,2024111,兰香S,湛江市裕丰农业科技有限公司
广西,缘香优1918,缘香A×华恢1918,籼型三系杂交稻,北京金色农华种业科技股份有限公司,桂审稻2023104号,桂审稻,2023104,缘香A,北京金色农华种业科技股份有限公司
广东,泰丰优55,泰丰A×广恢55,籼型三系杂交稻,广东省农业科学院水稻研究所,粤审稻2011011,粤审稻,2011011,泰丰A,广东省农业科学院水稻研究所
广东,金农丝苗,金华软占×桂农占,籼型常规稻,广东省农业科学院水稻研究所,粤审稻2010018,粤审稻,2010018,金华软占,广东省农业科学院水稻研究所
广西,博香2009,柳香占×田东香,籼型常规稻,柳州市农夫种业有限公司,桂审稻2024055号,桂审稻,2024055,柳香占,柳州市农夫种业有限公司
广西,广丝香优3216,广丝香A×R216,籼型三系杂交稻,广西大学,桂审稻2021161号,桂审稻,2021161,广丝香A,广西大学
广西,苗两优510,绿苗S×510R,籼型两系杂交稻,贺州市农业科学院等,桂审稻2023002号,桂审稻,2023002,绿苗S,贺州市农业科学院
广西,壮香优白金5,壮香A×白金5,籼型三系杂交稻,广西白金种子股份有限公司,桂审稻2019081号,桂审稻,2019081,壮香A,广西白金种子股份有限公司
广西,广粮香占,黄壳香占×百香139,籼型常规稻,广西粮发种业有限公司,桂审稻2020185号,桂审稻,2020185,黄壳香占,广西粮发种业有限公司
广西,银香优锦丝占,银香A×锦丝占,籼型三系杂交稻,广西大学,桂审稻2021160号,桂审稻,2021160,银香A,广西大学
广西,广香优银丝占,广香A×R银丝占,籼型三系杂交稻,广西仙德农业科技有限公司,桂审稻2022117号,桂审稻,2022117,广香A,广西仙德农业科技有限公司
广东,银丰优666,银丰A×粤恢666,籼型三系杂交稻,广东粤良种业有限公司,粤审稻2014036,粤审稻,2014036,银丰A,广东粤良种业有限公司
广西,美香优桂福香,美香A×桂福香,籼型三系杂交稻,南宁谷源丰种业有限公司,桂审稻2024074号,桂审稻,2024074,美香A,南宁谷源丰种业有限公司
广东,汕优122,珍汕97A×广恢122,籼型三系杂交稻,广东省农业科学院水稻研究所,粤审稻200114,粤审稻,200114,珍汕97A,广东省农业科学院水稻研究所
广东,南丰糯,南丛3×三五糯,籼型常规稻,广东省农业科学院水稻研究所,粤审稻1998004,粤审稻,1998004,南丛3,广东省农业科学院水稻研究所
广东,合丰占,丰美占×广合占,籼型常规稻,广东省农业科学院水稻研究所,粤审稻2009020,粤审稻,2009020,丰美占,广东省农业科学院水稻研究所
广西,馥香两优8号,馥香S×恒恢8号,籼型两系杂交稻,广西恒茂农业科技有限公司等,桂审稻2023036号,桂审稻,2023036,馥香S,广西恒茂农业科技有限公司
广西,特优8689,龙特浦A×R8689,籼型三系杂交稻,广西万禾种业有限公司等,桂审稻2019055号,桂审稻,2019055,龙特浦A,广西万禾种业有限公司
广西,特优289,龙特甫A×R289,籼型三系杂交稻,广西万禾种业有限公司等,桂审稻2019054号,桂审稻,2019054,龙特甫A,广西万禾种业有限公司
广西,星火优168,星火A×R168,籼型三系杂交稻,广西绿丰种业有限责任公司,桂审稻2019053号,桂审稻,2019053,星火A,广西绿丰种业有限责任公司
广西,旺香优720,旺香A×苏恢720,籼型三系杂交稻,南宁市桂稻香农作物研究所等,桂审稻2022083号,桂审稻,2022083,旺香A,南宁市桂稻香农作物研究所
广西,丰顺优金香占,丰顺A×R051,籼型三系杂交稻,广西金卡农业科技有限公司,桂审稻2021113号,桂审稻,2021113,丰顺A,广西金卡农业科技有限公司
广东,天优173,天丰A×航恢173,籼型三系杂交稻,国家植物航天育种工程技术研究中心（华南农业大学）等,粤审稻2011046,粤审稻,2011046,天丰A,国家植物航天育种工程技术研究中心（华南农业大学）
广西,香禾优226,香禾A×广恢226,籼型三系杂交稻,广东省农业科学院水稻研究所,桂审稻2024054号,桂审稻,2024054,香禾A,广东省农业科学院水稻研究所
广东,培杂软香,培矮64S×软香占,籼型两系杂交稻,华南农业大学农学院,粤审稻2008019,粤审稻,2008019,培矮64S,华南农业大学农学院
广西,巡两优510,巡天13S×510R,籼型两系杂交稻,贺州市农业科学院等,桂审稻2023001号,桂审稻,2023001,巡天13S,贺州市农业科学院
广西,万太优美占,万太A×美占,籼型三系杂交稻,广西壮族自治区农业科学院水稻研究所,桂审稻2019080号,桂审稻,2019080,万太A,广西壮族自治区农业科学院水稻研究所
广西,仙优香占,仙A×R香占,籼型三系杂交稻,广西仙德农业科技有限公司,桂审稻2021159号,桂审稻,2021159,仙A,广西仙德农业科技有限公司
广西,万泰优998,万泰A×苏恢998,籼型三系杂交稻,南宁市桂稻香农作物研究所,桂审稻2024110号,桂审稻,2024110,万泰A,南宁市桂稻香农作物研究所
广西,珍香优郁香,珍香A×郁香,籼型三系杂交稻,南宁谷源丰种业有限公司,桂审稻2022116号,桂审稻,2022116,珍香A,南宁谷源丰种业有限公司
广西,众香优1615,众香A×R1615,籼型三系杂交稻,广西百香高科种业有限公司,桂审稻2023035号,桂审稻,2023035,众香A,广西百香高科种业有限公司
广西,文优6133,文6A×R6133,籼型三系杂交稻,广东华农大种业有限公司,桂审稻2020036号,桂审稻,2020036,文6A,广东华农大种业有限公司
广东,丰矮占5号,长丝占×丰青矮,籼型常规稻,广东省农业科学院水稻研究所,粤审稻1998003,粤审稻,1998003,长丝占,广东省农业科学院水稻研究所
广东,巴太香占,巴太早香5号,籼型常规稻,增城市农业科学研究所,粤审稻2005001,粤审稻,2005001,巴太早香5号,增城市农业科学研究所
广西,河香优1798,河香A×R1798,籼型三系杂交稻,广西农业科学院河池分院等,桂审稻2023034号,桂审稻,2023034,河香A,广西农业科学院河池分院
广东,博Ⅱ优312,博ⅡA×广恢312,籼型三系杂交稻,广东省农业科学院水稻研究所等,粤审稻2011045,粤审稻,2011045,博ⅡA,广东省农业科学院水稻研究所
广西,珉优1899,珉A×桂恢1899,籼型三系杂交稻,广西壮族自治区农业科学院,桂审稻2022082号,桂审稻,2022082,珉A,广西壮族自治区农业科学院
广东,广银占,杂交稻1号/特籼占×银花占,籼型常规稻,广东省农业科学院水稻研究所,粤审稻2009019,粤审稻,2009019,杂交稻1号/特籼占,广东省农业科学院水稻研究所
广东,中优238,中A×R238,籼型三系杂交稻,广东省肇庆市农业科学研究所等,粤审稻2004017,粤审稻,2004017,中A,广东省肇庆市农业科学研究所
广西,留香优又丝苗,留香A×又丝苗,籼型三系杂交稻,南宁谷源丰种业有限公司,桂审稻2024073号,桂审稻,2024073,留香A,南宁谷源丰种业有限公司
广西,桂野香占,野香占×柳香占,籼型常规稻,广西壮族自治区农业科学院水稻研究所,桂审稻2020184号,桂审稻,2020184,野香占,广西壮族自治区农业科学院水稻研究所
广西,特优1359,龙特甫A×R1359,籼型三系杂交稻,广西南宁良农种业有限公司,桂审稻2019079号,桂审稻,2019079,龙特甫A,广西南宁良农种业有限公司
广西,昌两优1028,昌S×恒恢1028,籼型两系杂交稻,广西恒茂农业科技有限公司,桂审稻2024072号,桂审稻,2024072,昌S,广西恒茂农业科技有限公司
广西,丰田优银香占,丰田1A×R161,籼型三系杂交稻,广西金卡农业科技有限公司,桂审稻2021112号,桂审稻,2021112,丰田1A,广西金卡农业科技有限公司
广西,籴优香占,籴A×R香占,籼型三系杂交稻,广西仙德农业科技有限公司等,桂审稻2021158号,桂审稻,2021158,籴A,广西仙德农业科技有限公司
广西,幸福优1899,幸福A×桂恢1899,籼型三系杂交稻,广西壮族自治区农业科学院,桂审稻2022081号,桂审稻,2022081,幸福A,广西壮族自治区农业科学院
广西,利香优钰丝,利香A×R钰丝,籼型三系杂交稻,广西农业职业技术大学,桂审稻2024071号,桂审稻,2024071,利香A,广西农业职业技术大学
广东,金稻优998,金稻13A×广恢998,籼型三系杂交稻,广东省农业科学院水稻研究所,粤审稻2010017,粤审稻,2010017,金稻13A,广东省农业科学院水稻研究所
广西,济优1127,济A×R1127,籼型三系杂交稻,安陆市兆农育种创新中心,桂审稻2021024号,桂审稻,2021024,济A,安陆市兆农育种创新中心
广西,泸香优玉稻,泸香618A×旌玉稻,籼型三系杂交稻,广西绿丰种业有限责任公司等,桂审稻2021157号,桂审稻,2021157,泸香618A,广西绿丰种业有限责任公司
广东,特籼占25,特青2号×粳籼89,籼型常规稻,广东省佛山市农业科学研究所,粤审稻1998002,粤审稻,1998002,特青2号,广东省佛山市农业科学研究所
广西,穗香优香丝,穗香A×屯恢香丝,籼型三系杂交稻,广西桂穗种业有限公司,桂审稻2021100号,桂审稻,2021100,穗香A,广西桂穗种业有限公司
广西,欣两优晚四号,欣9366S×欣恢2001,籼型两系杂交稻,安徽荃银欣隆种业有限公司,桂审稻2024005号,桂审稻,2024005,欣9366S,安徽荃银欣隆种业有限公司
广西,荃香优丝苗,荃香9A×五山丝苗,籼型三系杂交稻,安徽荃银高科种业股份有限公司等,桂审稻2024053号,桂审稻,2024053,荃香9A,安徽荃银高科种业股份有限公司
广西,甬优8806,甬粳88A×F7706,籼粳交三系杂交稻,宁波种业股份有限公司等,桂审稻2021156号,桂审稻,2021156,甬粳88A,宁波种业股份有限公司
广西,丰满优1158,丰满A×坚恢1158,籼型三系杂交稻,岑溪市振田水稻研究所,桂审稻2021155号,桂审稻,2021155,丰满A,岑溪市振田水稻研究所
广东,吉丰优3301,吉丰A×闽恢3301,籼型三系杂交稻,广东省农业科学院水稻研究所等,粤审稻2014035,粤审稻,2014035,吉丰A,广东省农业科学院水稻研究所
广西,鹏优国泰,鹏A×兆恢国泰,籼型三系杂交稻,湖北华昌农业科技有限公司等,桂审稻2022199号,桂审稻,2022199,鹏A,湖北华昌农业科技有限公司
广西,恒两优金农丝苗,恒59S×金农丝苗,籼型两系杂交稻,湖南恒德种业科技有限公司等,桂审稻2020035号,桂审稻,2020035,恒59S,湖南恒德种业科技有限公司
广东,安优208,安丰A×广恢208,籼型三系杂交稻,广东省农业科学院水稻研究所等,粤审稻2016011,粤审稻,2016011,安丰A,广东省农业科学院水稻研究所
广西,��优粳10,��A×屯恢粳10,籼型三系杂交稻,广西桂穗种业有限公司,桂审稻2021099号,桂审稻,2021099,��A,广西桂穗种业有限公司
广西,龙源优238,龙源A×R238,籼型三系杂交稻,广西万千种业有限公司,桂审稻2021154号,桂审稻,2021154,龙源A,广西万千种业有限公司
广西,欣两优晚一号,欣9366S×欣恢一号,籼型两系杂交稻,安徽荃银欣隆种业而有限公司,桂审稻2024004号,桂审稻,2024004,欣9366S,安徽荃银欣隆种业而有限公司
广东,华优香占,Y华农A×花香占,籼型三系杂交稻,华南农业大学农学院,粤审稻2008018,粤审稻,2008018,Y华农A,华南农业大学农学院
广西,特优168,龙特甫A×屯恢168,籼型三系杂交稻,广西壮族自治区博白县农业科学研究所,桂审稻2019052号,桂审稻,2019052,龙特甫A,广西壮族自治区博白县农业科学研究所
广西,顺丰优798,顺丰A×坚恢798,籼型三系杂交稻,岑溪市振田水稻研究所,桂审稻2021111号,桂审稻,2021111,顺丰A,岑溪市振田水稻研究所
广西,中浙优518,中浙A×R518,籼型三系杂交稻,浙江勿忘农种业股份有限公司等,桂审稻2022198号,桂审稻,2022198,中浙A,浙江勿忘农种业股份有限公司
广东,广8优98,广8A×粤恢98,籼型三系杂交稻,广东省农业科学院水稻研究所等,粤审稻2011010,粤审稻,2011010,广8A,广东省农业科学院水稻研究所
广东,玉两优16,玉S×N16,籼型两系杂交稻,广东省农业科学院水稻研究所,粤审稻2008017,粤审稻,2008017,玉S,广东省农业科学院水稻研究所
广西,软华优6100,G软华A×R6100,籼型三系杂交稻,广东华农大种业有限公司等,桂审稻2020034号,桂审稻,2020034,G软华A,广东华农大种业有限公司
广东,培两优3309,培矮64S×R3309,籼型两系杂交稻,清远市农业科学研究所,粤审稻2010016,粤审稻,2010016,培矮64S,清远市农业科学研究所
广西,A两优336,AT86S×TR336,籼型两系杂交稻,安徽桃花源农业科技有限责任公司等,桂审稻2021023号,桂审稻,2021023,AT86S,安徽桃花源农业科技有限责任公司
广西,旱两优8208,沪旱82S×旱恢808,籼型两系杂交稻,上海市农业生物基因中心,桂审稻2022029号,桂审稻,2022029,沪旱82S,上海市农业生物基因中心
广西,荃香优1292,荃香12A×YR9082,籼型三系杂交稻,安徽荃银高科种业股份有限公司等,桂审稻2024052号,桂审稻,2024052,荃香12A,安徽荃银高科种业股份有限公司
广西,桂田优8号,桂田A×鼎恢158,籼型三系杂交稻,广西鼎烽种业有限公司等,桂审稻2024070号,桂审稻,2024070,桂田A,广西鼎烽种业有限公司
广西,华泰优0759,华泰A×苏恢0759,籼型三系杂交稻,南宁市桂稻香农作物研究所,桂审稻2024109号,桂审稻,2024109,华泰A,南宁市桂稻香农作物研究所
广西,中浙优15,中浙A×D1415,籼型三系杂交稻,中国水稻研究所等,桂审稻2022197号,桂审稻,2022197,中浙A,中国水稻研究所
广西,穗香优666,穗香A×屯恢666,籼型三系杂交稻,陆川县穗园农业良种培育中心,桂审稻2021098号,桂审稻,2021098,穗香A,陆川县穗园农业良种培育中心
广西,苗两优92,绿苗S×R92,籼型两系杂交稻,贺州市农业科学院等,桂审稻2024003号,桂审稻,2024003,绿苗S,贺州市农业科学院
广西,留香优908,留香A×HR908,籼型三系杂交稻,南宁谷源丰种业有限公司等,桂审稻2022115号,桂审稻,2022115,留香A,南宁谷源丰种业有限公司
广西,10香优龙丝苗,10香A×龙丝苗,籼型三系杂交稻,南宁谷源丰种业有限公司,桂审稻2021153号,桂审稻,2021153,10香A,南宁谷源丰种业有限公司
广西,古香两优荃香丝,古香015S×TR荃香丝,籼型两系杂交稻,广西荃银农业科技有限公司,桂审稻2024051号,桂审稻,2024051,古香015S,广西荃银农业科技有限公司
广西,福兴优6559,福兴A×明恢6559,籼型三系杂交稻,福建六三种业有限责任公司等,桂审稻2024069号,桂审稻,2024069,福兴A,福建六三种业有限责任公司
广西,泰丰优736,泰丰A×广恢736,籼型三系杂交稻,四川农大高科农业有限责任公司等,桂审稻2020033号,桂审稻,2020033,泰丰A,四川农大高科农业有限责任公司
广西,喜两优超占,喜06S×喜超占,籼型两系杂交稻,安徽喜多收种业科技有限公司,桂审稻2022114号,桂审稻,2022114,喜06S,安徽喜多收种业科技有限公司
广西,科德优32,科德186A×容恢32,籼型三系杂交稻,容县种子公司等,桂审稻2019051号,桂审稻,2019051,科德186A,容县种子公司
广西,珍乡优1918,珍乡A×华恢1918,籼型三系杂交稻,北京金色农华种业科技股份有限公司,桂审稻2023103号,桂审稻,2023103,珍乡A,北京金色农华种业科技股份有限公司
广西,甬优6715,甬粳67A×F7715,籼粳交三系杂交稻,宁波种业股份有限公司,桂审稻2022028号,桂审稻,2022028,甬粳67A,宁波种业股份有限公司
广西,华泰优0771,华泰A×苏恢0771,籼型三系杂交稻,南宁市桂稻香农作物研究所,桂审稻2024108号,桂审稻,2024108,华泰A,南宁市桂稻香农作物研究所
广西,桂香优3号,桂香A×R223,籼型三系杂交稻,广西鹏韵种业有限责任公司,桂审稻2021110号,桂审稻,2021110,桂香A,广西鹏韵种业有限责任公司
广东,建优115,建A×R115,籼型三系杂交稻,广东源泰农业科技有限公司,粤审稻2010015,粤审稻,2010015,建A,广东源泰农业科技有限公司
广东,盛优8号,盛世A×粤恢8号,籼型三系杂交稻,广东省农业科学院水稻研究所,粤审稻2011009,粤审稻,2011009,盛世A,广东省农业科学院水稻研究所
广西,贝两优6697,贝S×R6697,籼型两系杂交稻,广西壮邦种业有限公司,桂审稻2021152号,桂审稻,2021152,贝S,广西壮邦种业有限公司
广西,恒早优丝禾,恒早A×粤良丝禾,籼型三系杂交稻,广西壹加恩农业科技有限公司等,桂审稻2024002号,桂审稻,2024002,恒早A,广西壹加恩农业科技有限公司
广东,吉优186,吉丰A×R186,籼型三系杂交稻,中国种子集团有限公司三亚分公司等,粤审稻2016010,粤审稻,2016010,吉丰A,中国种子集团有限公司三亚分公司
广西,珀优0898,珀A×苏恢0898,籼型三系杂交稻,南宁市桂稻香农作物研究所,桂审稻2024107号,桂审稻,2024107,珀A,南宁市桂稻香农作物研究所
广西,东香优丝苗,东香A×桂938,籼型三系杂交稻,广西壮族自治区农业科学院,桂审稻2024068号,桂审稻,2024068,东香A,广西壮族自治区农业科学院
广东,裕优9611,裕A×G9611,籼型三系杂交稻,广州市金粤生物科技有限公司,粤审稻2014034,粤审稻,2014034,裕A,广州市金粤生物科技有限公司
广西,泰丰优758,泰丰A×R758-811,籼型三系杂交稻,四川飞洋种业有限公司等,桂审稻2022196号,桂审稻,2022196,泰丰A,四川飞洋种业有限公司
广西,特优7671,龙特浦A×R7671,籼型三系杂交稻,广西国良种业有限公司,桂审稻2019078号,桂审稻,2019078,龙特浦A,广西国良种业有限公司
广东,粤香占,三二矮/清香占×丰青矮/广西香稻,籼型常规稻,广东省农业科学院水稻研究所,粤审稻1998001,粤审稻,1998001,三二矮/清香占,广东省农业科学院水稻研究所
广西,创宇9号,黄华占×中香1号,籼型常规稻,湖南省水稻研究所等,桂审稻2020032号,桂审稻,2020032,黄华占,湖南省水稻研究所
广西,熊两优香蜜,熊香S×R香蜜蜜,籼型两系杂交稻,广西粮研农业科技有限公司,桂审稻2024106号,桂审稻,2024106,熊香S,广西粮研农业科技有限公司
广东,天优826,天丰A×粤恢826,籼型三系杂交稻,广东省农业科学院水稻研究所等,粤审稻2011008,粤审稻,2011008,天丰A,广东省农业科学院水稻研究所
广西,珍香优908,珍香A×HR908,籼型三系杂交稻,南宁谷源丰种业有限公司等,桂审稻2022113号,桂审稻,2022113,珍香A,南宁谷源丰种业有限公司
广西,软丰优610,软丰A×桂610,籼型三系杂交稻,广西作物遗传改良生物技术重点开放实验室等,桂审稻2021151号,桂审稻,2021151,软丰A,广西作物遗传改良生物技术重点开放实验室
广东,卓优4号,卓A×H恢4号,籼型三系杂交稻,广东天弘种业有限公司,粤审稻2016009,粤审稻,2016009,卓A,广东天弘种业有限公司
广东,恒丰优华占,恒丰A×华占,籼型三系杂交稻,广东粤良种业有限公司等,粤审稻2014033,粤审稻,2014033,恒丰A,广东粤良种业有限公司
广西,叶两优香占,黄叶S×绿田香占,籼型两系杂交稻,贺州市农业科学院等,桂审稻2024050号,桂审稻,2024050,黄叶S,贺州市农业科学院
广西,桔两优京贵占,桔182S×京贵占,籼型两系杂交稻,江西先农种业有限公司,桂审稻2023102号,桂审稻,2023102,桔182S,江西先农种业有限公司
广东,特优808,龙特甫A×茂恢808,籼型三系杂交稻,广东华茂高科种业有限公司,粤审稻2010014,粤审稻,2010014,龙特甫A,广东华茂高科种业有限公司
广西,芳香优宁香丝苗,芳香A×宁香丝苗,籼型三系杂交稻,广东华农大种业有限公司等,桂审稻2024067号,桂审稻,2024067,芳香A,广东华农大种业有限公司
广西,荃9优巴丝香,荃香9A×巴丝152,籼型三系杂交稻,广西荃鸿农业科技有限公司等,桂审稻2021097号,桂审稻,2021097,荃香9A,广西荃鸿农业科技有限公司
广东,振优616,振丰A×粤恢616,籼型三系杂交稻,广东省农业科学院水稻研究所,粤审稻2011044,粤审稻,2011044,振丰A,广东省农业科学院水稻研究所
广东,黄籼占,丰丝占/特籼占25×黄华占,籼型常规稻,广东省农业科学院水稻研究所,粤审稻2009018,粤审稻,2009018,丰丝占/特籼占25,广东省农业科学院水稻研究所
广西,广福优1899,广福A×桂恢1899,籼型三系杂交稻,广西壮族自治区农业科学院,桂审稻2022080号,桂审稻,2022080,广福A,广西壮族自治区农业科学院
广东,博优263,博A×R263,籼型三系杂交稻,广东省肇庆市农业科学研究所,粤审稻2004016,粤审稻,2004016,博A,广东省肇庆市农业科学研究所
广西,桂乡优520,桂乡A×鼎恢520,籼型三系杂交稻,广西鼎烽种业有限公司,桂审稻2021109号,桂审稻,2021109,桂乡A,广西鼎烽种业有限公司
广西,金福优8339,金福A×萍恢8339,籼型三系杂交稻,萍乡市农业科学研究所,桂审稻2020031号,桂审稻,2020031,金福A,萍乡市农业科学研究所
广西,荷优8116,荷丰A×R8116,籼型三系杂交稻,江西博大种业有限公司等,桂审稻2022011号,桂审稻,2022011,荷丰A,江西博大种业有限公司
广东,金稻优122,金稻13A×广恢122,籼型三系杂交稻,广东省农业科学院水稻研究所等,粤审稻2008016,粤审稻,2008016,金稻13A,广东省农业科学院水稻研究所
广西,特优580,龙特浦A×容恢580,籼型三系杂交稻,容县种子公司,桂审稻2019050号,桂审稻,2019050,龙特浦A,容县种子公司
广西,良农香1号,七桂占×百香139/五山丝苗,籼型常规稻,广西南宁良农种业有限公司,桂审稻2021188号,桂审稻,2021188,七桂占,广西南宁良农种业有限公司
广西,禾两优676,禾9S×福恢676,籼型两系杂交稻,福建农林大学作物科学学院等,桂审稻2022195号,桂审稻,2022195,禾9S,福建农林大学作物科学学院
广东,培杂青珍,培矮64S×青珍8-2,籼型两系杂交稻,华南农业大学农学系,粤审稻200113,粤审稻,200113,培矮64S,华南农业大学农学系
广西,泰谷优466,泰谷A×荟恢466,籼型三系杂交稻,科荟种业股份有限公司,桂审稻2021022号,桂审稻,2021022,泰谷A,科荟种业股份有限公司
广东,Y两优农占,Y58S×桂农占,籼型两系杂交稻,紫金县兆农两系杂交水稻研发中心等,粤审稻2009017,粤审稻,2009017,Y58S,紫金县兆农两系杂交水稻研发中心
广东,盛优568,盛世A×粤恢568,籼型三系杂交稻,广东省农业科学院水稻研究所,粤审稻2011007,粤审稻,2011007,盛世A,广东省农业科学院水稻研究所
广西,13香优1918,13A×华恢1918,籼型三系杂交稻,北京金色农华种业科技股份有限公司,桂审稻2021150号,桂审稻,2021150,13A,北京金色农华种业科技股份有限公司
广西,吉祥优福香占,吉祥A×福香占,籼型三系杂交稻,广西壮族自治区农业科学院,桂审稻2024049号,桂审稻,2024049,吉祥A,广西壮族自治区农业科学院
广西,旌优7863,旌玉1A×R3263,籼型三系杂交稻,四川省农业科学院水稻高粱研究所等,桂审稻2022027号,桂审稻,2022027,旌玉1A,四川省农业科学院水稻高粱研究所
广西,湖广优241,湖广A×桂恢241,籼型三系杂交稻,广西壮族自治区农业科学院,桂审稻2024001号,桂审稻,2024001,湖广A,广西壮族自治区农业科学院
广东,天优578,天丰A×广恢578,籼型三系杂交稻,广东省农业科学院水稻研究所,粤审稻2008015,粤审稻,2008015,天丰A,广东省农业科学院水稻研究所
广西,幸福优1452,幸福A×桂恢1452,籼型三系杂交稻,广西壮族自治区农业科学院,桂审稻2023033号,桂审稻,2023033,幸福A,广西壮族自治区农业科学院
广西,五乡优208,五乡A×广恢208,籼型三系杂交稻,广东省农业科学院水稻研究所等,桂审稻2022010号,桂审稻,2022010,五乡A,广东省农业科学院水稻研究所
广东,优优4480,优ⅠA×R4480,籼型三系杂交稻,广东省农业科学院水稻研究所,粤审稻1997008,粤审稻,1997008,优ⅠA,广东省农业科学院水稻研究所
广西,百优9918,百A×白金9918,籼型三系杂交稻,广西南宁华优种子有限公司等,桂审稻2024105号,桂审稻,2024105,百A,广西南宁华优种子有限公司
广西,华盛优京贵占,华盛A×京贵占,籼型三系杂交稻,北京金色农华种业科技股份有限公司,桂审稻2021096号,桂审稻,2021096,华盛A,北京金色农华种业科技股份有限公司
广西,奥富优287,奥富A×奥R287,籼型三系杂交稻,湖南奥谱隆科技股份有限公司,桂审稻2023143号,桂审稻,2023143,奥富A,湖南奥谱隆科技股份有限公司
广东,华优008,Y华农A×佛恢008,籼型三系杂交稻,佛山市农业科学研究所等,粤审稻2010013,粤审稻,2010013,Y华农A,佛山市农业科学研究所
广东,Y两优602,Y58S×R602,籼型两系杂交稻,广州市农业科学研究所,粤审稻2009016,粤审稻,2009016,Y58S,广州市农业科学研究所
广西,葛68优623,葛68A×正恢623,籼型三系杂交稻,南宁市桂稻香农作物研究所等,桂审稻2019077号,桂审稻,2019077,葛68A,南宁市桂稻香农作物研究所
广西,梦丰优633,梦丰A×R633,籼型三系杂交稻,广西燕坤农业科技有限公司,桂审稻2022079号,桂审稻,2022079,梦丰A,广西燕坤农业科技有限公司
广西,桂福优福香占,桂福A×福香占,籼型三系杂交稻,广西壮族自治区农业科学院等,桂审稻2024048号,桂审稻,2024048,桂福A,广西壮族自治区农业科学院
广东,盛优668,盛世A×粤恢668,籼型三系杂交稻,广东省农业科学院水稻研究所,粤审稻2011006,粤审稻,2011006,盛世A,广东省农业科学院水稻研究所
广东,早优736,早丰A×广恢736,籼型三系杂交稻,广东省农业科学院水稻研究所等,粤审稻2016008,粤审稻,2016008,早丰A,广东省农业科学院水稻研究所
广西,珑两优520,珑S×正恢520,籼型两系杂交稻,广西桂稻香农作物研究所有限公司等,桂审稻2023099号,桂审稻,2023099,珑S,广西桂稻香农作物研究所有限公司
广西,软华优6111,G软华A×华恢6111,籼型三系杂交稻,华南农业大学,桂审稻2022026号,桂审稻,2022026,G软华A,华南农业大学
广东,农两优805,农1S×茂恢805,籼型两系杂交稻,广东华茂高科种业有限公司,粤审稻2011043,粤审稻,2011043,农1S,广东华茂高科种业有限公司
广西,桂禾香占,农香32×玉香占,籼型常规稻,湖南正隆农业科技有限公司等,桂审稻2021187号,桂审稻,2021187,农香32,湖南正隆农业科技有限公司
广西,桂香18,美香占2号×象牙香占,籼型常规稻,广西壮族自治区农业科学院水稻研究所,桂审稻2020183号,桂审稻,2020183,美香占2号,广西壮族自治区农业科学院水稻研究所
广西,华盛优1918,华盛A×华恢1918,籼型三系杂交稻,北京金色农华种业科技股份有限公司,桂审稻2021149号,桂审稻,2021149,华盛A,北京金色农华种业科技股份有限公司
广西,六福优977,六福A×奥R977,籼型三系杂交稻,湖南奥谱隆科技股份有限公司,桂审稻2023142号,桂审稻,2023142,六福A,湖南奥谱隆科技股份有限公司
广西,华浙优281,华浙2A×健R28,籼型三系杂交稻,湖南金健种业科技有限公司等,桂审稻2024066号,桂审稻,2024066,华浙2A,湖南金健种业科技有限公司
广西,万象优982,万象A×红R982,籼型三系杂交稻,江西红一种业科技股份有限公司,桂审稻2020030号,桂审稻,2020030,万象A,江西红一种业科技股份有限公司
广西,软华优815,G软华A×优恢815,籼型三系杂交稻,广西壮族自治区农业科学院水稻研究所等,桂审稻2022025号,桂审稻,2022025,G软华A,广西壮族自治区农业科学院水稻研究所
广西,沉香优又丝苗,沉香A×又丝苗,籼型三系杂交稻,南宁谷源丰种业有限公司,桂审稻2022112号,桂审稻,2022112,沉香A,南宁谷源丰种业有限公司
广西,余香优255,余香A×恒恢255,籼型三系杂交稻,广东现代种业发展有限公司,桂审稻2024065号,桂审稻,2024065,余香A,广东现代种业发展有限公司
广西,晶油香139,百香139×桂禾丰,籼型常规稻,广西博士园种业有限公司,桂审稻2021186号,桂审稻,2021186,百香139,广西博士园种业有限公司
广西,五优6133,五丰A×R6133,籼型三系杂交稻,广东华农大种业有限公司等,桂审稻2019020号,桂审稻,2019020,五丰A,广东华农大种业有限公司
广西,羽香优098,羽香A×F098,籼型三系杂交稻,广西联航种业有限公司,桂审稻2024104号,桂审稻,2024104,羽香A,广西联航种业有限公司
广西,川康优6308,川康606A×蜀恢308,籼型三系杂交稻,四川农业大学水稻研究所等,桂审稻2022024号,桂审稻,2022024,川康606A,四川农业大学水稻研究所
广东,吉田优622,吉田A×泰622,籼型三系杂交稻,广东源泰农业科技有限公司等,粤审稻2016007,粤审稻,2016007,吉田A,广东源泰农业科技有限公司
广东,丰优88,丰7A×R88,籼型三系杂交稻,合肥丰乐种业股份有限公司,粤审稻2010012,粤审稻,2010012,丰7A,合肥丰乐种业股份有限公司
广西,桃湘优188,桃湘A×R188,籼型三系杂交稻,湖南桃花源农业科技股份有限公司,桂审稻2020029号,桂审稻,2020029,桃湘A,湖南桃花源农业科技股份有限公司
广西,鄂香优华占,鄂香4A×华占,籼型三系杂交稻,江西汇丰源种业有限公司等,桂审稻2020028号,桂审稻,2020028,鄂香4A,江西汇丰源种业有限公司
广西,隆优534,隆香634A×R534,籼型三系杂交稻,袁隆平农业高科技股份有限公司等,桂审稻2020027号,桂审稻,2020027,隆香634A,袁隆平农业高科技股份有限公司
广东,培杂28,培矮64S×R8258,籼型两系杂交稻,华南农业大学农学系,粤审稻200112,粤审稻,200112,培矮64S,华南农业大学农学系
广西,闽两优5466,闽1303S×荟恢466,籼型两系杂交稻,科荟种业股份有限公司等,桂审稻2021021号,桂审稻,2021021,闽1303S,科荟种业股份有限公司
广西,华盛优382,华盛A×ZR382,籼型三系杂交稻,北京金色农华种业科技股份有限公司,桂审稻2023101号,桂审稻,2023101,华盛A,北京金色农华种业科技股份有限公司
广西,恒丰优1082,恒丰A×桂1082,籼型三系杂交稻,广西壮族自治区农业科学院等,桂审稻2022023号,桂审稻,2022023,恒丰A,广西壮族自治区农业科学院
广西,特优809,龙特甫A×屯恢809,籼型三系杂交稻,广西桂穗种业有限公司,桂审稻2019049号,桂审稻,2019049,龙特甫A,广西桂穗种业有限公司
广东,天优128,天丰A×广恢128,籼型三系杂交稻,广东省农业科学院水稻研究所,粤审稻2008014,粤审稻,2008014,天丰A,广东省农业科学院水稻研究所
广西,荔香优628,荔香A×R628,籼型三系杂交稻,广西荔川种业有限公司等,桂审稻2023100号,桂审稻,2023100,荔香A,广西荔川种业有限公司
广西,惠泽玉丝,农香16/丰富占×力源占2号,籼型常规稻,广西惠泽种业发展有限公司,桂审稻2021185号,桂审稻,2021185,农香16/丰富占,广西惠泽种业发展有限公司
广东,华两优689,N68S×华恢689,籼型两系杂交稻,华南农业大学农学院,粤审稻2011042,粤审稻,2011042,N68S,华南农业大学农学院
广西,五优1179,五丰A×航恢1179,籼型三系杂交稻,国家植物航天育种工程技术研究中心（华南农业大学）,桂审稻2019019号,桂审稻,2019019,五丰A,国家植物航天育种工程技术研究中心（华南农业大学）
广西,广香优10号,广香A×R10号,籼型三系杂交稻,广西仙德农业科技有限公司,桂审稻2023032号,桂审稻,2023032,广香A,广西仙德农业科技有限公司
广西,旱优217,沪旱21A×旱恢1517,籼型三系杂交稻,广西嘉穗农业发展有限公司等,桂审稻2022078号,桂审稻,2022078,沪旱21A,广西嘉穗农业发展有限公司
广东,Ⅱ优3550,Ⅱ-32A×广恢3550,籼型三系杂交稻,广东省农业科学院水稻研究所等,粤审稻1997006,粤审稻,1997006,Ⅱ-32A,广东省农业科学院水稻研究所
广西,桂乡优1761,桂乡A×鼎恢1761,籼型三系杂交稻,广西鼎烽种业有限公司,桂审稻2021108号,桂审稻,2021108,桂乡A,广西鼎烽种业有限公司
广西,西太优2号,西太A×正恢2号,籼型三系杂交稻,南宁市桂稻香农作物研究所,桂审稻2024103号,桂审稻,2024103,西太A,南宁市桂稻香农作物研究所
广东,中优117,中9A×常恢117,籼型三系杂交稻,湖南金健种业有限责任公司等,粤审稻2009015,粤审稻,2009015,中9A,湖南金健种业有限责任公司
广西,两优H108,K12S×H108,籼型两系杂交稻,南平市农业科学研究所等,桂审稻2022194号,桂审稻,2022194,K12S,南平市农业科学研究所
广东,玉两优28,玉S×N28,籼型两系杂交稻,广东省农业科学院水稻研究所,粤审稻2010011,粤审稻,2010011,玉S,广东省农业科学院水稻研究所
广西,奇两优329,传奇667S×优恢329,籼型两系杂交稻,广西南宁华稻种业有限责任公司等,桂审稻2024064号,桂审稻,2024064,传奇667S,广西南宁华稻种业有限责任公司
广西,泰优农39,泰丰A×农香39,籼型三系杂交稻,湖南金色农丰种业有限公司等,桂审稻2022009号,桂审稻,2022009,泰丰A,湖南金色农丰种业有限公司
广东,泰丰优2213,泰丰A×广恢2213,籼型三系杂交稻,广东省农业科学院水稻研究所,粤审稻2011005,粤审稻,2011005,泰丰A,广东省农业科学院水稻研究所
广东,华优213,Y华农A×航恢213,籼型三系杂交稻,国家植物航天育种工程技术研究中心（华南农业大学）等,粤审稻2011041,粤审稻,2011041,Y华农A,国家植物航天育种工程技术研究中心（华南农业大学）
广西,桂丰香占,柳丰香占×玉香油占,籼型常规稻,广西壮族自治区农业科学院水稻研究所,桂审稻2020182号,桂审稻,2020182,柳丰香占,广西壮族自治区农业科学院水稻研究所
广西,珉优1936,珉A×桂恢1936,籼型三系杂交稻,广西壮族自治区农业科学院,桂审稻2024047号,桂审稻,2024047,珉A,广西壮族自治区农业科学院
广西,胜香优8688,胜香A×R8688,籼型三系杂交稻,广西万禾种业有限公司等,桂审稻2022077号,桂审稻,2022077,胜香A,广西万禾种业有限公司
广西,甬优4919,甬粳49A×F9019,籼粳交三系杂交稻,宁波种业股份有限公司,桂审稻2021107号,桂审稻,2021107,甬粳49A,宁波种业股份有限公司
广西,甜优1号,甜A×正恢177,籼型三系杂交稻,南宁市桂稻香农作物研究所等,桂审稻2019076号,桂审稻,2019076,甜A,南宁市桂稻香农作物研究所
广西,卓两优1126,卓201S×R1126,籼型两系杂交稻,湖南农业大学,桂审稻2024102号,桂审稻,2024102,卓201S,湖南农业大学
广西,杉谷优533,杉谷A×荟恢533,籼型三系杂交稻,福建省农业科学院生物技术研究所等,桂审稻2022022号,桂审稻,2022022,杉谷A,福建省农业科学院生物技术研究所
广西,壮美香丝,金龙丝苗×五山丝苗,籼型常规稻,广西川桂种业有限公司,桂审稻2021184号,桂审稻,2021184,金龙丝苗,广西川桂种业有限公司
广西,耘两优玖48,耘9S×玖48,籼型两系杂交稻,湖南金色农丰种业有限公司等,桂审稻2022008号,桂审稻,2022008,耘9S,湖南金色农丰种业有限公司
广东,博优3550,博A×广恢3550,籼型三系杂交稻,广东省农业科学院水稻研究所等,粤审稻1997005,粤审稻,1997005,博A,广东省农业科学院水稻研究所
广西,鄂丰丝苗,鄂早18/合丰占×合丰占,籼型常规稻,武汉亘谷源生态农业科技有限公司等,桂审稻2022193号,桂审稻,2022193,鄂早18/合丰占,武汉亘谷源生态农业科技有限公司
广西,奥香优润香,奥香A×奥恢润香,籼型三系杂交稻,四川农业大学水稻研究所等,桂审稻2022076号,桂审稻,2022076,奥香A,四川农业大学水稻研究所
广西,中浙优H7,中浙A×恢7,籼型三系杂交稻,中国水稻研究所等,桂审稻2021106号,桂审稻,2021106,中浙A,中国水稻研究所
广西,振优1918,振295A×华恢1918,籼型三系杂交稻,湖南金色农华种业科技有限公司,桂审稻2024101号,桂审稻,2024101,振295A,湖南金色农华种业科技有限公司
广西,胜优19香,胜A×19香,籼型三系杂交稻,广东鲜美种苗股份有限公司等,桂审稻2022075号,桂审稻,2022075,胜A,广东鲜美种苗股份有限公司
广东,五优155,五丰A×R155,籼型三系杂交稻,广东恒昊农业有限公司等,粤审稻2016006,粤审稻,2016006,五丰A,广东恒昊农业有限公司
广东,建优841,建A×R841,籼型三系杂交稻,广东源泰农业科技有限公司,粤审稻2011040,粤审稻,2011040,建A,广东源泰农业科技有限公司
广西,华夏香丝,农香32×粤抗1122,籼型常规稻,湖北华之夏种子有限责任公司等,桂审稻2024046号,桂审稻,2024046,农香32,湖北华之夏种子有限责任公司
广东,特优524,龙特甫A×R524,籼型三系杂交稻,汕头市农业科学研究所,粤审稻1997004,粤审稻,1997004,龙特甫A,汕头市农业科学研究所
广西,华丽丝苗,合丰占×绿恢698,籼型常规稻,广西绿丰种业有限责任公司,桂审稻2021183号,桂审稻,2021183,合丰占,广西绿丰种业有限责任公司
广西,吉优1918,吉丰A×华恢1918,籼型三系杂交稻,北京金色农华种业科技股份有限公司等,桂审稻2021148号,桂审稻,2021148,吉丰A,北京金色农华种业科技股份有限公司
广西,芯香两优京贵占,芯香S×京贵占,籼型两系杂交稻,北京金色农华种业科技股份有限公司等,桂审稻2024100号,桂审稻,2024100,芯香S,北京金色农华种业科技股份有限公司
广西,玖香优叁香,玖香A×富恢303,籼型三系杂交稻,南宁市桂稻香农作物研究所等,桂审稻2023098号,桂审稻,2023098,玖香A,南宁市桂稻香农作物研究所
广西,泰优298,泰2A×R98,籼型三系杂交稻,广西绿丰种业有限责任公司等,桂审稻2022074号,桂审稻,2022074,泰2A,广西绿丰种业有限责任公司
广西,嘉丰优2号,嘉禾212A×P025,籼粳交三系杂交稻,浙江可得丰种业有限公司等,桂审稻2022192号,桂审稻,2022192,嘉禾212A,浙江可得丰种业有限公司
广西,佳龙优华占,佳龙A×华占,籼型三系杂交稻,中国水稻研究所等,桂审稻2022007号,桂审稻,2022007,佳龙A,中国水稻研究所
广西,原香优京贵占,原香39A×京贵占,籼型三系杂交稻,湖南金色农华种业科技有限公司,桂审稻2024099号,桂审稻,2024099,原香39A,湖南金色农华种业科技有限公司
广西,扬泰优128,扬泰A×HR128,籼型三系杂交稻,袁隆平农业高科技股份有限公司等,桂审稻2022021号,桂审稻,2022021,扬泰A,袁隆平农业高科技股份有限公司
广西,显两优167,显16S×R167,籼型两系杂交稻,江西天涯种业有限公司,桂审稻2021147号,桂审稻,2021147,显16S,江西天涯种业有限公司
广西,味香两优莹丝苗,味香07S×莹香丝苗,籼型两系杂交稻,广西芯安种业有限公司等,桂审稻2024098号,桂审稻,2024098,味香07S,广西芯安种业有限公司
广西,甬优香92,甬粳67A×香F18,籼粳交三系杂交稻,宁波种业股份有限公司等,桂审稻2022073号,桂审稻,2022073,甬粳67A,宁波种业股份有限公司
广西,金两优2168,金3S×广恢2168,籼型两系杂交稻,广西南宁华稻种业有限责任公司,桂审稻2019075号,桂审稻,2019075,金3S,广西南宁华稻种业有限责任公司
广西,鑫丰优989,鑫丰A×R989,籼型三系杂交稻,广西百香高科种业有限公司等,桂审稻2021105号,桂审稻,2021105,鑫丰A,广西百香高科种业有限公司
广西,鹏优1269,鹏A×R1269,籼型三系杂交稻,合肥丰乐种业股份有限公司等,桂审稻2021020号,桂审稻,2021020,鹏A,合肥丰乐种业股份有限公司
广西,俊香优8688,俊香A×R8688,籼型三系杂交稻,广西万禾种业有限公司,桂审稻2022072号,桂审稻,2022072,俊香A,广西万禾种业有限公司
广西,桔两优623,桔182S×R1623,籼型两系杂交稻,江西先农种业有限公司,桂审稻2023031号,桂审稻,2023031,桔182S,江西先农种业有限公司
广西,芯野66,鄂丰丝苗×泰丰香占,籼型常规稻,玉林市农业科学院等,桂审稻2021182号,桂审稻,2021182,鄂丰丝苗,玉林市农业科学院
广西,和丰香雅丝,和鑫5号×泰丰丝苗,籼型常规稻,广西中惠农业科技有限公司等,桂审稻2021181号,桂审稻,2021181,和鑫5号,广西中惠农业科技有限公司
广西,桃秀优169,桃秀A×R169,籼型三系杂交稻,湖南桃花源农业科技股份有限公司等,桂审稻2024045号,桂审稻,2024045,桃秀A,湖南桃花源农业科技股份有限公司
广西,科德优118,科德186A×R118,籼型三系杂交稻,广西仙德农业科技有限公司,桂审稻2019018号,桂审稻,2019018,科德186A,广西仙德农业科技有限公司
广西,金灿99,万香油占,籼型常规稻,广西鼎烽种业有限公司,桂审稻2020181号,桂审稻,2020181,万香油占,广西鼎烽种业有限公司
广西,桃优京贵占,桃农1A×京贵占,籼型三系杂交稻,北京金色农华种业科技股份有限公司等,桂审稻2021095号,桂审稻,2021095,桃农1A,北京金色农华种业科技股份有限公司
广东,天优4133,天丰A×R4133,籼型三系杂交稻,广东省农业科学院水稻研究所,粤审稻2010010,粤审稻,2010010,天丰A,广东省农业科学院水稻研究所
广西,广8优15香,广8A×15香,籼型三系杂交稻,广西兆和种业有限公司等,桂审稻2022111号,桂审稻,2022111,广8A,广西兆和种业有限公司
广西,圳两优2018,圳S×R2018,籼型两系杂交稻,长沙利诚种业有限公司,桂审稻2021146号,桂审稻,2021146,圳S,长沙利诚种业有限公司
广西,青香优19香,青香A×19香,籼型三系杂交稻,广东鲜美种苗股份有限公司等,桂审稻2022071号,桂审稻,2022071,青香A,广东鲜美种苗股份有限公司
广西,原优5009,原香39A×HR5009,籼型三系杂交稻,袁隆平农业高科技股份有限公司等,桂审稻2022020号,桂审稻,2022020,原香39A,袁隆平农业高科技股份有限公司
广西,玖两优黄莉占,33S×黄莉占,籼型两系杂交稻,湖南隆平种业有限公司等,桂审稻2020026号,桂审稻,2020026,33S,湖南隆平种业有限公司
广西,咏绿优5153,咏绿A×R5153,籼型三系杂交稻,广西大学等,桂审稻2022110号,桂审稻,2022110,咏绿A,广西大学
广西,金泽优爽美丝苗,金泽A×爽美丝苗,籼型三系杂交稻,南宁谷源丰种业有限公司,桂审稻2022109号,桂审稻,2022109,金泽A,南宁谷源丰种业有限公司
广西,广8优郁香,广8A×郁香,籼型三系杂交稻,广西兆和种业有限公司等,桂审稻2019048号,桂审稻,2019048,广8A,广西兆和种业有限公司
广东,汕优4480,珍汕97A×R4480,籼型三系杂交稻,广东省农业科学院水稻研究所,粤审稻1997003,粤审稻,1997003,珍汕97A,广东省农业科学院水稻研究所
广西,协禾优香55,协禾A×香55,籼型三系杂交稻,安徽荃银高科种业股份有限公司等,桂审稻2024097号,桂审稻,2024097,协禾A,安徽荃银高科种业股份有限公司
广西,甬优6719,甬粳67A×F9019,籼粳交三系杂交稻,宁波种业股份有限公司,桂审稻2021104号,桂审稻,2021104,甬粳67A,宁波种业股份有限公司
广东,培杂南胜,培矮64S×南胜3,籼型两系杂交稻,中国科学院华南植物研究所,粤审稻200111,粤审稻,200111,培矮64S,中国科学院华南植物研究所
广西,桃秀优112,桃秀A×R112,籼型三系杂交稻,湖南桃花源农业科技股份有限公司,桂审稻2024044号,桂审稻,2024044,桃秀A,湖南桃花源农业科技股份有限公司
广东,湛优2009,湛A×弘恢2009,籼型三系杂交稻,广东海洋大学农业生物技术研究所等,粤审稻2011039,粤审稻,2011039,湛A,广东海洋大学农业生物技术研究所
广西,万香九九,黄占/固优占×田东香,籼型常规稻,广西万禾种业有限公司等,桂审稻2021180号,桂审稻,2021180,黄占/固优占,广西万禾种业有限公司
广西,泰优新华粘,泰丰A×新华粘,籼型三系杂交稻,湖南永益农业科技发展有限公司等,桂审稻2021019号,桂审稻,2021019,泰丰A,湖南永益农业科技发展有限公司
广西,百香优纳丝苗,百香A×R纳丝苗,籼型三系杂交稻,广西百香高科种业有限公司,桂审稻2023030号,桂审稻,2023030,百香A,广西百香高科种业有限公司
广西,饭晶优1770,饭晶A×R1770,籼型三系杂交稻,广西大学等,桂审稻2022006号,桂审稻,2022006,饭晶A,广西大学
广西,珑两优123,珑S×正恢123,籼型两系杂交稻,广西桂稻香农作物研究所有限公司等,桂审稻2023097号,桂审稻,2023097,珑S,广西桂稻香农作物研究所有限公司
广西,兆优6377,兆A×R6377,籼型三系杂交稻,安陆市兆农育种创新中心等,桂审稻2023141号,桂审稻,2023141,兆A,安陆市兆农育种创新中心
广东,金两优油占,金粤S1×N1,籼型两系杂交稻,广东省农业科学院水稻研究所,粤审稻2008013,粤审稻,2008013,金粤S1,广东省农业科学院水稻研究所
广东,中优223,中A×R223,籼型三系杂交稻,中国科学院华南植物研究所,粤审稻200110,粤审稻,200110,中A,中国科学院华南植物研究所
广西,丽香优558,丽香A×R558,籼型三系杂交稻,广西百香高科种业有限公司,桂审稻2019017号,桂审稻,2019017,丽香A,广西百香高科种业有限公司
广东,五优1173,五丰A×航恢1173,籼型三系杂交稻,国家植物航天育种工程技术研究中心（华南农业大学）,粤审稻2016005,粤审稻,2016005,五丰A,国家植物航天育种工程技术研究中心（华南农业大学）
广西,佩香优郁香,佩香A×郁香,籼型三系杂交稻,广西兆和种业有限公司,桂审稻2024063号,桂审稻,2024063,佩香A,广西兆和种业有限公司
广西,闻香优8688,闻香A×R8688,籼型三系杂交稻,广西万禾种业有限公司,桂审稻2022070号,桂审稻,2022070,闻香A,广西万禾种业有限公司
广西,兰香优御丝,兰香A×R御丝,籼型三系杂交稻,广西绿丰种业有限责任公司等,桂审稻2022069号,桂审稻,2022069,兰香A,广西绿丰种业有限责任公司
广西,先仙优5105,先仙A×R5105,籼型三系杂交稻,广西大学等,桂审稻2022068号,桂审稻,2022068,先仙A,广西大学
广东,美油占,五山油占×美丝占,籼型常规稻,广东省农业科学院水稻研究所,粤审稻2011004,粤审稻,2011004,五山油占,广东省农业科学院水稻研究所
广西,Y两优油占,Y58S×粤金油占,籼型两系杂交稻,广东省农业科学院水稻研究所,桂审稻2022191号,桂审稻,2022191,Y58S,广东省农业科学院水稻研究所
广西,泰优553,泰丰A×R553,籼型三系杂交稻,湖南金健种业科技有限公司等,桂审稻2020025号,桂审稻,2020025,泰丰A,湖南金健种业科技有限公司
广西,富美占,黄丝占×合丰占,籼型常规稻,广西恒茂农业科技有限公司等,桂审稻2020180号,桂审稻,2020180,黄丝占,广西恒茂农业科技有限公司
广东,天优199,天丰A×广恢199,籼型三系杂交稻,广东省农业科学院水稻研究所,粤审稻2010009,粤审稻,2010009,天丰A,广东省农业科学院水稻研究所
广西,桂稻香优1号,桂稻香A×正恢117,籼型三系杂交稻,南宁桂稻香农作物研究所等,桂审稻2023096号,桂审稻,2023096,桂稻香A,南宁桂稻香农作物研究所
广西,原香优908,原香39A×HR908,籼型三系杂交稻,广西壮邦种业有限公司等,桂审稻2022067号,桂审稻,2022067,原香39A,广西壮邦种业有限公司
广西,金珍优早丝,金珍A×R早丝,籼型三系杂交稻,江西金山种业有限公司等,桂审稻2022019号,桂审稻,2022019,金珍A,江西金山种业有限公司
广西,昌盛优980,昌盛843A×JD980,籼型三系杂交稻,江西先农种业有限公司等,桂审稻2021018号,桂审稻,2021018,昌盛843A,江西先农种业有限公司
广东,丰矮占1号,长丝占×丰青矮,籼型常规稻,广东省农业科学院水稻研究所,粤审稻1997002,粤审稻,1997002,长丝占,广东省农业科学院水稻研究所
广西,博Ⅲ优1873,博ⅢA×R1873,籼型三系杂交稻,博白县农业科学研究所,桂审稻2021145号,桂审稻,2021145,博ⅢA,博白县农业科学研究所
广东,博Ⅱ优15,博ⅡA×HR15,籼型三系杂交稻,湛江海洋大学杂交水稻研究室,粤审稻200109,粤审稻,200109,博ⅡA,湛江海洋大学杂交水稻研究室
广东,内香优3618,内香3A×R3618,籼型三系杂交稻,德农正成种业有限公司,粤审稻2010008,粤审稻,2010008,内香3A,德农正成种业有限公司
广东,南桂占,佳辐早占/丰华占×黄丝占,籼型常规稻,广东省农业科学院水稻研究所,粤审稻2016004,粤审稻,2016004,佳辐早占/丰华占,广东省农业科学院水稻研究所
广西,广粮新桂,N2-5×珍桂矮1号,籼型常规稻,广西粮发种业有限公司,桂审稻2022066号,桂审稻,2022066,N2-5,广西粮发种业有限公司
广西,邦两优908,邦S×HR908,籼型两系杂交稻,广西兆和种业有限公司等,桂审稻2022005号,桂审稻,2022005,邦S,广西兆和种业有限公司
广西,秀玉88,广源占5号×野合占,籼型常规稻,广西鼎烽种业有限公司,桂审稻2020179号,桂审稻,2020179,广源占5号,广西鼎烽种业有限公司
广西,广星优秀占,广星A×广恢秀占,籼型三系杂交稻,广东省农业科学院水稻研究所等,桂审稻2023095号,桂审稻,2023095,广星A,广东省农业科学院水稻研究所
广西,鑫丰优纳丝,鑫丰A×R纳丝,籼型三系杂交稻,广西百香高科种业有限公司等,桂审稻2021103号,桂审稻,2021103,鑫丰A,广西百香高科种业有限公司
广西,五优5013,五丰A×R5013,籼型三系杂交稻,湖南省水稻研究所等,桂审稻2020024号,桂审稻,2020024,五丰A,湖南省水稻研究所
广东,Y两优187,Y58S×∧-187,籼型两系杂交稻,中国种子集团公司,粤审稻2011038,粤审稻,2011038,Y58S,中国种子集团公司
广西,吉香优金香,吉香A×金香,籼型三系杂交稻,广西燕坤农业科技有限公司,桂审稻2024043号,桂审稻,2024043,吉香A,广西燕坤农业科技有限公司
广西,顺优油占,顺A×油占,籼型三系杂交稻,广西仙德农业科技有限公司,桂审稻2019016号,桂审稻,2019016,顺A,广西仙德农业科技有限公司
广西,五乡优398,五乡A×广恢398,籼型三系杂交稻,江西省天仁种业有限公司等,桂审稻2022018号,桂审稻,2022018,五乡A,江西省天仁种业有限公司
广西,丰泽优798,丰泽A×坚恢798,籼型三系杂交稻,岑溪市振田水稻研究所,桂审稻2019074号,桂审稻,2019074,丰泽A,岑溪市振田水稻研究所
广西,华浙优336,华浙2A×16T－336,籼型三系杂交稻,西科农业集团股份有限公司等,桂审稻2021017号,桂审稻,2021017,华浙2A,西科农业集团股份有限公司
广西,10香优雅丝香,10香A×雅丝香,籼型三系杂交稻,南宁谷源丰种业有限公司,桂审稻2024062号,桂审稻,2024062,10香A,南宁谷源丰种业有限公司
广东,粤特13,粤广13×玉香油占,籼型常规稻,广东省农业科学院水稻研究所,粤审稻2011003,粤审稻,2011003,粤广13,广东省农业科学院水稻研究所
广西,明两优468,明香10S×顺恢468,籼型两系杂交稻,蒙自和顺农业科技开发有限公司等,桂审稻2022190号,桂审稻,2022190,明香10S,蒙自和顺农业科技开发有限公司
广西,粮发香油占,黄壳香占×马坝银占,籼型常规稻,广西粮发种业有限公司,桂审稻2021179号,桂审稻,2021179,黄壳香占,广西粮发种业有限公司
广西,穗香优桂香占,穗香A×屯恢桂香占,籼型三系杂交稻,广西桂穗种业有限公司等,桂审稻2021102号,桂审稻,2021102,穗香A,广西桂穗种业有限公司
广西,五优116,五丰A×R116,籼型三系杂交稻,中国农业科学院深圳农业基因组研究所,桂审稻2022004号,桂审稻,2022004,五丰A,中国农业科学院深圳农业基因组研究所
广东,华航38号,航香48×黄莉占,籼型常规稻,国家植物航天育种工程技术研究中心（华南农业大学）,粤审稻2016003,粤审稻,2016003,航香48,国家植物航天育种工程技术研究中心（华南农业大学）
广西,桂丰30,兆香1号×南红占/玉香油占,籼型常规稻,广西壮族自治区农业科学院水稻研究所,桂审稻2020178号,桂审稻,2020178,兆香1号,广西壮族自治区农业科学院水稻研究所
广西,广星优938,广星A×正恢938,籼型三系杂交稻,广西桂稻香农作物研究所有限公司等,桂审稻2023094号,桂审稻,2023094,广星A,广西桂稻香农作物研究所有限公司
广西,可香优客香丝,可香A×屯恢客香丝,籼型三系杂交稻,陆川县穗园农业良种培育中心,桂审稻2021101号,桂审稻,2021101,可香A,陆川县穗园农业良种培育中心
广西,两优583,Y58S×中恢7207,籼型两系杂交稻,中国水稻研究所等,桂审稻2022158号,桂审稻,2022158,Y58S,中国水稻研究所
广西,泰优3216,泰32A×泰恢9516,籼型三系杂交稻,泸州泰丰种业有限公司等,桂审稻2023140号,桂审稻,2023140,泰32A,泸州泰丰种业有限公司
广东,丰莉丝苗,丰秀占×茉莉丝苗/广超丝苗,籼型常规稻,广东省农业科学院水稻研究所,粤审稻2011002,粤审稻,2011002,丰秀占,广东省农业科学院水稻研究所
广西,泰两优5187,泰5S×泰恢187,籼型两系杂交稻,四川泰隆汇智生物科技有限公司,桂审稻2022189号,桂审稻,2022189,泰5S,四川泰隆汇智生物科技有限公司
广西,宏丰优8523,宏丰A×R8523,籼型三系杂交稻,博白县农业科学研究所,桂审稻2021144号,桂审稻,2021144,宏丰A,博白县农业科学研究所
广东,华航1号,特籼占13,籼型常规稻,华南农业大学农学院,粤审稻200108,粤审稻,200108,特籼占13,华南农业大学农学院
广西,野香优700,野香A×R700,籼型三系杂交稻,广西绿海种业有限公司,桂审稻2019015号,桂审稻,2019015,野香A,广西绿海种业有限公司
广东,三源93,600×七桂早25,籼型常规稻,广东省佛山市农业科学研究所,粤审稻1997001,粤审稻,1997001,600,广东省佛山市农业科学研究所
广西,河丰稻445,桂禾丰×桂育9号,籼型常规稻,河池市农业科学研究所等,桂审稻2020177号,桂审稻,2020177,桂禾丰,河池市农业科学研究所
广东,科两优901,元丰9918S×R901,籼型两系杂交稻,湛江元丰农业科技有限公司,粤审稻2011037,粤审稻,2011037,元丰9918S,湛江元丰农业科技有限公司
广东,农晶丝苗,三农选×粤晶丝苗2号,籼型常规稻,佛山市农业科学研究所,粤审稻2016002,粤审稻,2016002,三农选,佛山市农业科学研究所
广西,吉田优701,吉田A×泰701,籼型三系杂交稻,连山壮族瑶族自治县农业科学研究所等,桂审稻2020023号,桂审稻,2020023,吉田A,连山壮族瑶族自治县农业科学研究所
广东,天优华占,天丰A×华占,籼型三系杂交稻,中国水稻研究所等,粤审稻2011036,粤审稻,2011036,天丰A,中国水稻研究所
广东,深优9789,深97A×R89,籼型三系杂交稻,广西百色隆源农业科技有限公司,粤审稻2011035,粤审稻,2011035,深97A,广西百色隆源农业科技有限公司
广西,香两优663,香S×R663,籼型两系杂交稻,广西瑞特种子有限责任公司,桂审稻2022157号,桂审稻,2022157,香S,广西瑞特种子有限责任公司
广西,名丰优1158,名丰A×坚恢1158,籼型三系杂交稻,广西绿丰种业有限责任公司,桂审稻2022156号,桂审稻,2022156,名丰A,广西绿丰种业有限责任公司
广西,玖两优金2号,33S×金恢2号,籼型两系杂交稻,深圳市金谷美香实业有限公司等,桂审稻2020022号,桂审稻,2020022,33S,深圳市金谷美香实业有限公司
广东,黄软占,黄丝占×茉莉软占,籼型常规稻,广东省农业科学院水稻研究所,粤审稻2011001,粤审稻,2011001,黄丝占,广东省农业科学院水稻研究所
广西,泰香199,川香29A×泰恢199,籼型三系杂交稻,四川泰隆农业科技有限公司,桂审稻2022188号,桂审稻,2022188,川香29A,四川泰隆农业科技有限公司
广东,七秀占3号,七山占×新秀299,籼型常规稻,广东省农业科学院水稻研究所,粤审稻1996007,粤审稻,1996007,七山占,广东省农业科学院水稻研究所
广西,奇两优香丝苗,传奇667S×香丝苗,籼型两系杂交稻,广西南宁华稻种业有限责任公司等,桂审稻2024042号,桂审稻,2024042,传奇667S,广西南宁华稻种业有限责任公司
广西,爽优808,爽A×屯恢808,籼型三系杂交稻,广西桂穗种业有限公司,桂审稻2017037号,桂审稻,2017037,爽A,广西桂穗种业有限公司
广西,桂锦丝苗,R1238×R137,籼型常规稻,广西大学,桂审稻2020176号,桂审稻,2020176,R1238,广西大学
广东,裕优132,裕A×JY132,籼型三系杂交稻,广州市金粤生物科技有限公司,粤审稻2011034,粤审稻,2011034,裕A,广州市金粤生物科技有限公司
广东,天优688,天丰A×广恢688,籼型三系杂交稻,广东省农业科学院水稻研究所,粤审稻2008012,粤审稻,2008012,天丰A,广东省农业科学院水稻研究所
广西,九优27占,荃9311A×27占,籼型三系杂交稻,安徽荃银高科种业股份有限公司等,桂审稻2023139号,桂审稻,2023139,荃9311A,安徽荃银高科种业股份有限公司
广西,粮发长粒香,黄壳香占×长粒香,籼型常规稻,广西粮发种业有限公司,桂审稻2022065号,桂审稻,2022065,黄壳香占,广西粮发种业有限公司
广西,中特优38,中特A×恒恢38,籼型三系杂交稻,广西桂先种业有限公司等,桂审稻2019014号,桂审稻,2019014,中特A,广西桂先种业有限公司
广东,深优9516,深95A×R7116,籼型三系杂交稻,清华大学深圳研究生院,粤审稻2010042,粤审稻,2010042,深95A,清华大学深圳研究生院
广东,粤新油占,粤金油占×齐华占,籼型常规稻,广东省农业科学院水稻研究所,粤审稻2016001,粤审稻,2016001,粤金油占,广东省农业科学院水稻研究所
广西,特优365,龙特浦A×桂365,籼型三系杂交稻,广西万川种业有限公司等,桂审稻2019047号,桂审稻,2019047,龙特浦A,广西万川种业有限公司
广西,软华优630,G软华A×优恢630,籼型三系杂交稻,广西鼎烽种业有限公司,桂审稻2022108号,桂审稻,2022108,G软华A,广西鼎烽种业有限公司
广西,泰优3125,泰2A×泰恢3125,籼型三系杂交稻,泸州泰丰种业有限公司,桂审稻2021016号,桂审稻,2021016,泰2A,泸州泰丰种业有限公司
广西,穗香优天成,穗香A×屯恢天成,籼型三系杂交稻,广西桂穗种业有限公司等,桂审稻2021143号,桂审稻,2021143,穗香A,广西桂穗种业有限公司
广东,深优9512,深95A×R8112,籼型三系杂交稻,清华大学深圳研究生院,粤审稻2011033,粤审稻,2011033,深95A,清华大学深圳研究生院
广西,鑫两优6832,蜀鑫6S-8×FR321,籼型两系杂交稻,福建丰田种业有限公司等,桂审稻2022187号,桂审稻,2022187,蜀鑫6S-8,福建丰田种业有限公司
广西,华优8210,华浙2A×R8210,籼型三系杂交稻,江西省超级水稻研究发展中心等,桂审稻2021094号,桂审稻,2021094,华浙2A,江西省超级水稻研究发展中心
广西,特优5118,龙特浦A×R5118,籼型三系杂交稻,广西万千种业有限公司,桂审稻2019073号,桂审稻,2019073,龙特浦A,广西万千种业有限公司
广西,又香优15香,又香A×15香,籼型三系杂交稻,广西兆和种业有限公司等,桂审稻2022003号,桂审稻,2022003,又香A,广西兆和种业有限公司
广东,三源921,新会野生稻/341//834×株6,籼型常规稻,佛山市农业科学研究所,粤审稻1996006,粤审稻,1996006,新会野生稻/341//834,佛山市农业科学研究所
广西,丰田优051,丰田1A×桂恢051,籼型三系杂交稻,广西壮族自治区农业科学院水稻研究所,桂审稻2020175号,桂审稻,2020175,丰田1A,广西壮族自治区农业科学院水稻研究所
广西,龙两优月牙丝苗,龙18S×月牙丝苗,籼型两系杂交稻,垦丰长江种业科技有限公司,桂审稻2023138号,桂审稻,2023138,龙18S,垦丰长江种业科技有限公司
广西,丰顺优银香丝苗,丰顺A×R161,籼型三系杂交稻,广西金卡农业科技有限公司,桂审稻2022155号,桂审稻,2022155,丰顺A,广西金卡农业科技有限公司
广西,香两优1618,香S×R1618,籼型两系杂交稻,中国水稻研究所等,桂审稻2020021号,桂审稻,2020021,香S,中国水稻研究所
广东,五优613,五丰A×粤恢613,籼型三系杂交稻,广东省农业科学院水稻研究所等,粤审稻2011032,粤审稻,2011032,五丰A,广东省农业科学院水稻研究所
广西,奇两优翠香,传奇667S×优恢翠香,籼型两系杂交稻,广西南宁华稻种业有限责任公司等,桂审稻2024041号,桂审稻,2024041,传奇667S,广西南宁华稻种业有限责任公司
广西,穗香糯719,桂D1号×博白香糯/玉林长糯,籼型常规稻,广西金百禾种业有限公司,桂审稻2018124号,桂审稻,2018124,桂D1号,广西金百禾种业有限公司
广东,粤杂763,GD-7S×W763,籼型两系杂交稻,广东省农业科学院水稻研究所等,粤审稻2008011,粤审稻,2008011,GD-7S,广东省农业科学院水稻研究所
广东,华优625,Y华农A×华恢625,籼型三系杂交稻,华南农业大学农学院,粤审稻2010007,粤审稻,2010007,Y华农A,华南农业大学农学院
广西,珍丰优香丝苗,珍丰A×米岗香丝苗,籼型三系杂交稻,广东现代种业发展有限公司等,桂审稻2023093号,桂审稻,2023093,珍丰A,广东现代种业发展有限公司
广西,昌盛优989,昌盛843A×金R989,籼型三系杂交稻,江西天涯种业有限公司等,桂审稻2021093号,桂审稻,2021093,昌盛843A,江西天涯种业有限公司
广东,粤丰占,粤香占×丰矮占,籼型常规稻,广东省农业科学院水稻研究所,粤审稻200107,粤审稻,200107,粤香占,广东省农业科学院水稻研究所
广西,灵丰808,灵丰A×屯恢808,籼型三系杂交稻,广西桂穗种业有限公司,桂审稻2017036号,桂审稻,2017036,灵丰A,广西桂穗种业有限公司
广西,振两优1151,振湘S×华恢1151,籼型两系杂交稻,湖南隆平高科种业科学研究院有限公司等,桂审稻2022107号,桂审稻,2022107,振湘S,湖南隆平高科种业科学研究院有限公司
广西,金象优715,金象A×恒恢715,籼型三系杂交稻,广东现代种业发展有限公司等,桂审稻2021015号,桂审稻,2021015,金象A,广东现代种业发展有限公司
广西,旱优711,沪旱7A×旱恢711,籼型三系杂交稻,上海天谷生物科技股份有限公司,桂审稻2022064号,桂审稻,2022064,沪旱7A,上海天谷生物科技股份有限公司
广东,聚两优751,GD-7S×V5128,籼型两系杂交稻,广东省农业科学院水稻研究所,粤审稻2010041,粤审稻,2010041,GD-7S,广东省农业科学院水稻研究所
广西,可香优618,可香A×屯恢618,籼型三系杂交稻,陆川县穗园农业良种培育中心,桂审稻2021142号,桂审稻,2021142,可香A,陆川县穗园农业良种培育中心
广东,顺两优1179,顺农16S×航恢1179,籼型两系杂交稻,广东华农大种业有限公司,粤审稻2015059,粤审稻,2015059,顺农16S,广东华农大种业有限公司
广西,普两优5128,普S×R5128,籼型两系杂交稻,广西绿丰种业有限责任公司等,桂审稻2024040号,桂审稻,2024040,普S,广西绿丰种业有限责任公司
广西,甬优1507,甬粳15A×F307,籼型三系杂交稻,宁波种业股份有限公司等,桂审稻2024039号,桂审稻,2024039,甬粳15A,宁波种业股份有限公司
广西,恒两优新华粘,恒59S×新华粘,籼型两系杂交稻,湖南恒德种业科技有限公司等,桂审稻2022186号,桂审稻,2022186,恒59S,湖南恒德种业科技有限公司
广西,乾两优华占,乾S×华占,籼型两系杂交稻,广西恒茂农业科技有限公司等,桂审稻2019046号,桂审稻,2019046,乾S,广西恒茂农业科技有限公司
广西,国良优958,国良A×R958,籼型三系杂交稻,广西国良种业有限公司,桂审稻2022154号,桂审稻,2022154,国良A,广西国良种业有限公司
广西,旌早优明珍,旌早1A×旌晶明珍,籼型三系杂交稻,广西万川种业有限公司等,桂审稻2022063号,桂审稻,2022063,旌早1A,广西万川种业有限公司
广西,特优8688,龙特浦A×R8688,籼型三系杂交稻,广西万禾种业有限公司等,桂审稻2024038号,桂审稻,2024038,龙特浦A,广西万禾种业有限公司
广西,桂玉丝香,野香占×百香139/超泰香米,籼型常规稻,广西壮族自治区农业科学院水稻研究所,桂审稻2021178号,桂审稻,2021178,野香占,广西壮族自治区农业科学院水稻研究所
广西,天优1251,天丰A×R1251,籼型三系杂交稻,江西科源种业有限公司等,桂审稻2011021号,桂审稻,2011021,天丰A,江西科源种业有限公司
广西,广信优5113,广信A×R5113,籼型三系杂交稻,广西兆和种业有限公司,桂审稻2011020号,桂审稻,2011020,广信A,广西兆和种业有限公司
广西,繁优609,繁源A×帮恢609,籼型三系杂交稻,重庆帮豪种业有限责任公司等,桂审稻2020230号,桂审稻,2020230,繁源A,重庆帮豪种业有限责任公司
广西,泸优727,泸06A×成恢727,籼型三系杂交稻,四川省农业科学院水稻高粱研究所等,桂审稻2020229号,桂审稻,2020229,泸06A,四川省农业科学院水稻高粱研究所
广西,五优071,五丰A×YR071,籼型三系杂交稻,广西荃鸿农业科技有限公司等,桂审稻2019013号,桂审稻,2019013,五丰A,广西荃鸿农业科技有限公司
广东,珍优680,珍丰A×R680,籼型三系杂交稻,华南师范大学生命科学学院,粤审稻2015058,粤审稻,2015058,珍丰A,华南师范大学生命科学学院
广西,穗香糯603,桂D1号×科香糯/金香糯,籼型常规稻,广西金百禾种业有限公司,桂审稻2018123号,桂审稻,2018123,桂D1号,广西金百禾种业有限公司
广西,上优香巴巴,上A×香巴巴,籼型三系杂交稻,广西恒茂农业科技有限公司等,桂审稻2022062号,桂审稻,2022062,上A,广西恒茂农业科技有限公司
广西,壮两优747,壮S×R747,籼型两系杂交稻,南宁谷源丰种业有限公司,桂审稻2022153号,桂审稻,2022153,壮S,南宁谷源丰种业有限公司
广西,丝香优908,丝香A×HR908,籼型三系杂交稻,广西兆和种业有限公司等,桂审稻2022002号,桂审稻,2022002,丝香A,广西兆和种业有限公司
广西,瑞优189,瑞丰3A×瑞恢189,籼型三系杂交稻,重庆永梁宏生态农业有限公司,桂审稻2020228号,桂审稻,2020228,瑞丰3A,重庆永梁宏生态农业有限公司
广西,冈优916,冈901A×蜀恢2516,籼型三系杂交稻,重庆金穗种业有限责任公司等,桂审稻2020227号,桂审稻,2020227,冈901A,重庆金穗种业有限责任公司
广东,丰软占,丰八占×佛山油占,籼型常规稻,佛山市农业科学研究所,粤审稻2011031,粤审稻,2011031,丰八占,佛山市农业科学研究所
广西,欣两优1号,W6364S×欣恢一号,籼型两系杂交稻,安徽荃银欣隆种业有限公司,桂审稻2022185号,桂审稻,2022185,W6364S,安徽荃银欣隆种业有限公司
广西,中浙优惠占,中浙A×惠占,籼型三系杂交稻,中国水稻研究所等,桂审稻2022106号,桂审稻,2022106,中浙A,中国水稻研究所
广西,宜优1787,宜香1A×德恢1787,籼型三系杂交稻,四川省农业科学院水稻高粱研究所等,桂审稻2023137号,桂审稻,2023137,宜香1A,四川省农业科学院水稻高粱研究所
广东,丰八占,丰矮占1号×28占,籼型常规稻,广东省农业科学院水稻研究所,粤审稻200106,粤审稻,200106,丰矮占1号,广东省农业科学院水稻研究所
广西,特优913,龙特浦A×R913,籼型三系杂交稻,广西博士园种业有限公司,桂审稻2019072号,桂审稻,2019072,龙特浦A,广西博士园种业有限公司
广西,野香优863,野香A×R863,籼型三系杂交稻,广西绿海种业有限公司,桂审稻2011019号,桂审稻,2011019,野香A,广西绿海种业有限公司
广西,昌盛优244,昌盛843A×C244,籼型三系杂交稻,江西天涯种业有限公司,桂审稻2021092号,桂审稻,2021092,昌盛843A,江西天涯种业有限公司
广西,长田优9号,长田A×红R9号,籼型三系杂交稻,江西红一种业科技股份有限公司,桂审稻2021014号,桂审稻,2021014,长田A,江西红一种业科技股份有限公司
广东,天优312,天丰A×广恢312,籼型三系杂交稻,广东省农业科学院水稻研究所,粤审稻2008010,粤审稻,2008010,天丰A,广东省农业科学院水稻研究所
广西,穗香黑糯,桂D1号×玉林黑糯/科香糯,籼型常规稻,广西金百禾种业有限公司,桂审稻2018122号,桂审稻,2018122,桂D1号,广西金百禾种业有限公司
广西,灵丰691,灵丰A×屯恢691,籼型三系杂交稻,广西桂穗种业有限公司,桂审稻2017035号,桂审稻,2017035,灵丰A,广西桂穗种业有限公司
广西,秀优1652,秀A×R1652,籼型三系杂交稻,广西桂稻香农作物研究所有限公司等,桂审稻2020174号,桂审稻,2020174,秀A,广西桂稻香农作物研究所有限公司
广东,泰丰优128,泰丰A×广恢128,籼型三系杂交稻,广东省农业科学院水稻研究所,粤审稻2010040,粤审稻,2010040,泰丰A,广东省农业科学院水稻研究所
广东,华籼占,粳籼89×袋鼠占,籼型常规稻,华南农业大学农学系,粤审稻1996005,粤审稻,1996005,粳籼89,华南农业大学农学系
广西,18优28,18A×Q恢28,籼型三系杂交稻,重庆中一种业有限公司,桂审稻2020226号,桂审稻,2020226,18A,重庆中一种业有限公司
广西,特优9983,龙特浦A×R983,籼型三系杂交稻,南宁市桂福园农业有限公司,桂审稻2019045号,桂审稻,2019045,龙特浦A,南宁市桂福园农业有限公司
广西,可香优826,可香A×屯恢826,籼型三系杂交稻,广西桂穗种业有限公司等,桂审稻2021141号,桂审稻,2021141,可香A,广西桂穗种业有限公司
广西,胜优油香,胜A×广恢油香,籼型三系杂交稻,广东省农业科学院水稻研究所,桂审稻2023092号,桂审稻,2023092,胜A,广东省农业科学院水稻研究所
广西,灵丰优粳16,灵丰A×屯恢粳16(R),籼型三系杂交稻,广西桂穗种业有限公司,桂审稻2019012号,桂审稻,2019012,灵丰A,广西桂穗种业有限公司
广西,那谷香,桂禾丰×百香139/桂恢110,籼型常规稻,广西壮族自治区农业科学院水稻研究所,桂审稻2021177号,桂审稻,2021177,桂禾丰,广西壮族自治区农业科学院水稻研究所
广西,深优9583,深95A×R7183,籼型三系杂交稻,国家杂交水稻工程技术研究中心清华深圳龙岗研究所,桂审稻2011018号,桂审稻,2011018,深95A,国家杂交水稻工程技术研究中心清华深圳龙岗研究所
广西,美香两优香丝,美香S×香丝,籼型两系杂交稻,广西壮邦种业有限公司,桂审稻2019011号,桂审稻,2019011,美香S,广西壮邦种业有限公司
广西,瀚金香丝苗,泰国丝苗×七桂占,籼型常规稻,广西瀚林农业科技有限公司,桂审稻2022152号,桂审稻,2022152,泰国丝苗,广西瀚林农业科技有限公司
广东,七桂优306,七桂A×明汉恢306,籼型三系杂交稻,杨明汉水稻研究有限公司,粤审稻2010039,粤审稻,2010039,七桂A,杨明汉水稻研究有限公司
广西,华浙优261,华浙2A×中恢261,籼型三系杂交稻,中国水稻研究所等,桂审稻2022184号,桂审稻,2022184,华浙2A,中国水稻研究所
广西,稻香优008,稻香A×R008,籼型三系杂交稻,广西桂穗种业有限公司,桂审稻2018054号,桂审稻,2018054,稻香A,广西桂穗种业有限公司
广西,平丰优香占,平丰A×野香占,籼型三系杂交稻,广西壮族自治区农业科学院,桂审稻2022105号,桂审稻,2022105,平丰A,广西壮族自治区农业科学院
广西,恒丰优5052,恒丰A×R5052,籼型三系杂交稻,广西大学等,桂审稻2021013号,桂审稻,2021013,恒丰A,广西大学
广东,天优2352,天丰A×汕恢2352,籼型三系杂交稻,汕头市农业科学研究所等,粤审稻2010038,粤审稻,2010038,天丰A,汕头市农业科学研究所
广西,昱香两优香99,昱香S×恒恢香99,籼型两系杂交稻,广西恒茂农业科技有限公司等,桂审稻2022061号,桂审稻,2022061,昱香S,广西恒茂农业科技有限公司
广西,珍香优2009,珍香A×R2009,籼型三系杂交稻,广西兆和种业有限公司,桂审稻2024037号,桂审稻,2024037,珍香A,广西兆和种业有限公司
广西,花香优717,花香A×桂恢717,籼型三系杂交稻,广西农业科学院水稻研究所等,桂审稻2019071号,桂审稻,2019071,花香A,广西农业科学院水稻研究所
广西,东两优814,东81S×丙4114,籼型两系杂交稻,南宁市桂福园农业有限公司等,桂审稻2019044号,桂审稻,2019044,东81S,南宁市桂福园农业有限公司
广西,泰优油香,泰丰A×广恢油香,籼型三系杂交稻,江西现代种业股份有限公司等,桂审稻2023091号,桂审稻,2023091,泰丰A,江西现代种业股份有限公司
广东,茉莉新占,茉莉占×丰矮占5号,籼型常规稻,广东省农业科学院水稻研究所,粤审稻200105,粤审稻,200105,茉莉占,广东省农业科学院水稻研究所
广东,宏优387,宏A×R387,籼型三系杂交稻,湛江神禾生物技术有限公司,粤审稻2010006,粤审稻,2010006,宏A,湛江神禾生物技术有限公司
广东,粤杂583,GD-5S×W1283,籼型两系杂交稻,广东省农业科学院水稻研究所,粤审稻2008009,粤审稻,2008009,GD-5S,广东省农业科学院水稻研究所
广西,旺乡优298,旺乡A×正恢298,籼型三系杂交稻,南宁市桂稻香农作物研究所等,桂审稻2021091号,桂审稻,2021091,旺乡A,南宁市桂稻香农作物研究所
广西,恒丰优郁香,恒丰A×郁香,籼型三系杂交稻,广西兆和种业有限公司等,桂审稻2019010号,桂审稻,2019010,恒丰A,广西兆和种业有限公司
广西,神农优228,神农2A×Q恢28,籼型三系杂交稻,重庆中一种业有限公司,桂审稻2020225号,桂审稻,2020225,神农2A,重庆中一种业有限公司
广西,灵丰963,灵丰A×屯恢963,籼型三系杂交稻,广西桂穗种业有限公司,桂审稻2017034号,桂审稻,2017034,灵丰A,广西桂穗种业有限公司
广东,珍优7116,珍丰A×R7116,籼型三系杂交稻,梅州市华丰种业有限公司,粤审稻2015057,粤审稻,2015057,珍丰A,梅州市华丰种业有限公司
广西,中浙优华湘占,中浙A×R华湘占,籼型三系杂交稻,浙江勿忘农种业股份有限公司等,桂审稻2022183号,桂审稻,2022183,中浙A,浙江勿忘农种业股份有限公司
广西,H两优991,HD9802S×R991,籼型两系杂交稻,广西兆和种业有限公司,桂审稻2011017号,桂审稻,2011017,HD9802S,广西兆和种业有限公司
广西,中浙优24,中浙2A×恢24,籼型三系杂交稻,中国水稻研究所等,桂审稻2022104号,桂审稻,2022104,中浙2A,中国水稻研究所
广西,名丰优5279,名丰A×坚恢5279,籼型三系杂交稻,岑溪市振田水稻研究所,桂审稻2021012号,桂审稻,2021012,名丰A,岑溪市振田水稻研究所
广西,新星珍牙,粤新占×R412,籼型常规稻,安徽新安种业有限公司,桂审稻2022151号,桂审稻,2022151,粤新占,安徽新安种业有限公司
广西,壮香优金香,壮香A×白金金香,籼型三系杂交稻,广西白金种子股份有限公司,桂审稻2021090号,桂审稻,2021090,壮香A,广西白金种子股份有限公司
广西,博优009,博A×屯恢009,籼型三系杂交稻,广西桂穗种业有限公司,桂审稻2017033号,桂审稻,2017033,博A,广西桂穗种业有限公司
广西,粉之稻,桂朝2号×合丰占/珍桂矮,籼型常规稻,广西金百禾种业有限公司,桂审稻2018121号,桂审稻,2018121,桂朝2号,广西金百禾种业有限公司
广东,广源占5号,金科占121选×矮秀占,籼型常规稻,广州市农业科学研究所,粤审稻2008008,粤审稻,2008008,金科占121选,广州市农业科学研究所
广西,新星5号,粤新占×R889,籼型常规稻,安徽新安种业有限公司,桂审稻2022150号,桂审稻,2022150,粤新占,安徽新安种业有限公司
广西,Q优12,Q4A×R1222,籼型三系杂交稻,重庆中一种业有限公司等,桂审稻2020224号,桂审稻,2020224,Q4A,重庆中一种业有限公司
广东,博Ⅱ优116,博ⅡA×R7116,籼型三系杂交稻,广东现代耕耘种业有限公司,粤审稻2015056,粤审稻,2015056,博ⅡA,广东现代耕耘种业有限公司
广西,雅香优郁香,雅香A×郁香,籼型三系杂交稻,南宁谷源丰种业有限公司,桂审稻2021011号,桂审稻,2021011,雅香A,南宁谷源丰种业有限公司
广西,特优155,龙特甫A×桂R155,籼型三系杂交稻,广西大学等,桂审稻2019070号,桂审稻,2019070,龙特甫A,广西大学
广西,广和优郁香,广和A×郁香,籼型三系杂交稻,广西兆和种业有限公司等,桂审稻2019009号,桂审稻,2019009,广和A,广西兆和种业有限公司
广西,富香优168,86A×华占/测205,籼型三系杂交稻,广西联创生态农业开发有限公司,桂审稻2021089号,桂审稻,2021089,86A,广西联创生态农业开发有限公司
广西,�Q香优纳丝苗,�Q香A×R纳丝苗,籼型三系杂交稻,广西百香高科种业有限公司,桂审稻2022103号,桂审稻,2022103,�Q香A,广西百香高科种业有限公司
广西,邦两优309,邦S×兆恢309,籼型两系杂交稻,广西兆和种业有限公司,桂审稻2021010号,桂审稻,2021010,邦S,广西兆和种业有限公司
广东,广银软占,小银软占,籼型常规稻,广东省农业科学院水稻研究所,粤审稻2008007,粤审稻,2008007,小银软占,广东省农业科学院水稻研究所
广东,广籼粘3号,0203/九七香1号×五山油占,籼型常规稻,广州市农业科学研究院,粤审稻2010005,粤审稻,2010005,0203/九七香1号,广州市农业科学研究院
广西,和两优晶丝,和2S×R晶占,籼型两系杂交稻,湖南桃花源农业科技股份有限公司等,桂审稻2023136号,桂审稻,2023136,和2S,湖南桃花源农业科技股份有限公司
广西,农两优315,农1S×茂恢315,籼型两系杂交稻,广东华茂高科种业有限公司,桂审稻2011016号,桂审稻,2011016,农1S,广东华茂高科种业有限公司
广西,百香糯33,桂D1号×科香糯/博白糯,籼型常规稻,广西百香高科种业有限公司,桂审稻2018120号,桂审稻,2018120,桂D1号,广西百香高科种业有限公司
广东,珍优160,珍丰A×R160,籼型三系杂交稻,仲恺农业工程学院农学院,粤审稻2015055,粤审稻,2015055,珍丰A,仲恺农业工程学院农学院
广东,中二软占,粳籼21×长丝占,籼型常规稻,广东省农业科学院水稻研究所,粤审稻200104,粤审稻,200104,粳籼21,广东省农业科学院水稻研究所
广西,粳香优海丝,粳香A×R海丝,籼型三系杂交稻,广西绿海种业有限公司,桂审稻2019069号,桂审稻,2019069,粳香A,广西绿海种业有限公司
广西,灵丰优009,灵丰A×屯恢009,籼型三系杂交稻,广西桂穗种业有限公司等,桂审稻2017032号,桂审稻,2017032,灵丰A,广西桂穗种业有限公司
广西,中兴优1006,中兴A×T裕丝～2,籼型三系杂交稻,陆川县穗园农业良种培育中心,桂审稻2021140号,桂审稻,2021140,中兴A,陆川县穗园农业良种培育中心
广西,顺丰优1158,顺丰A×坚恢1158,籼型三系杂交稻,岑溪市振田水稻研究所,桂审稻2020173号,桂审稻,2020173,顺丰A,岑溪市振田水稻研究所
广西,华浙优223,华浙2A×D23,籼型三系杂交稻,中国水稻研究所等,桂审稻2022182号,桂审稻,2022182,华浙2A,中国水稻研究所
广西,丝丰占,桂育7号×导96,籼型常规稻,广西壮族自治区农业科学院,桂审稻2022102号,桂审稻,2022102,桂育7号,广西壮族自治区农业科学院
广西,粮发紫香,湖北香紫稻×紫香稻9号,籼型常规稻,广西粮发种业有限公司,桂审稻2022101号,桂审稻,2022101,湖北香紫稻,广西粮发种业有限公司
广西,满香优306,满香16A×R306,籼型三系杂交稻,广西五泰种子有限公司,桂审稻2022001号,桂审稻,2022001,满香16A,广西五泰种子有限公司
广西,更香优10号,更香A×绿恢R10号,籼型三系杂交稻,广西绿海种业有限公司,桂审稻2023090号,桂审稻,2023090,更香A,广西绿海种业有限公司
广西,百香长糯,桂D1号×西乡糯,籼型常规稻,广西百香高科种业有限公司,桂审稻2018119号,桂审稻,2018119,桂D1号,广西百香高科种业有限公司
广东,野丰占,丰丝占×野丝占,籼型常规稻,佛山市农业科学研究所,粤审稻2010004,粤审稻,2010004,丰丝占,佛山市农业科学研究所
广西,原香优金丝苗,原香39A×金丝苗,籼型三系杂交稻,广西壮邦种业有限公司等,桂审稻2024036号,桂审稻,2024036,原香39A,广西壮邦种业有限公司
广西,鼎香占,丰矮占1号×玉美占,籼型常规稻,广西鼎烽种业有限公司,桂审稻2021176号,桂审稻,2021176,丰矮占1号,广西鼎烽种业有限公司
广西,旺两优98丝苗,W115S×粤恢98丝苗,籼型两系杂交稻,湖南袁创超级稻技术有限公司等,桂审稻2021065号,桂审稻,2021065,W115S,湖南袁创超级稻技术有限公司
广东,特籼占13,特青2号×粳籼89,籼型常规稻,广东省佛山市农业科学研究所,粤审稻1996004,粤审稻,1996004,特青2号,广东省佛山市农业科学研究所
广西,华浙优581,华浙2A×桂恢581,籼型三系杂交稻,广西壮族自治区农业科学院等,桂审稻2022149号,桂审稻,2022149,华浙2A,广西壮族自治区农业科学院
广西,粮两优香妃娜,粮28S×香妃娜,籼型两系杂交稻,广西粮发种业有限公司,桂审稻2022060号,桂审稻,2022060,粮28S,广西粮发种业有限公司
广西,原香优桂福香,原香39A×桂福香,籼型三系杂交稻,广西壮邦种业有限公司,桂审稻2021009号,桂审稻,2021009,原香39A,广西壮邦种业有限公司
广西,香占优8号,香占A×R8号,籼型三系杂交稻,广西绿海种业有限公司,桂审稻2017031号,桂审稻,2017031,香占A,广西绿海种业有限公司
广西,五丰优009,五丰A×R009,籼型三系杂交稻,广西智友生物科技股份有限公司等,桂审稻2018053号,桂审稻,2018053,五丰A,广西智友生物科技股份有限公司
广西,V两优1111,V33S×R1111,籼型两系杂交稻,广西百香高科种业有限公司,桂审稻2019043号,桂审稻,2019043,V33S,广西百香高科种业有限公司
广西,隆晶优8129,隆晶4302A×华恢8129,籼型三系杂交稻,袁隆平农业高科技股份有限公司等,桂审稻2019042号,桂审稻,2019042,隆晶4302A,袁隆平农业高科技股份有限公司
广西,发两优香妃娜,发9S×香妃娜,籼型两系杂交稻,广西粮发种业有限公司,桂审稻2022100号,桂审稻,2022100,发9S,广西粮发种业有限公司
广西,欣25优801,欣6025A×YHR801,籼型三系杂交稻,安徽荃银欣隆种业有限公司,桂审稻2023135号,桂审稻,2023135,欣6025A,安徽荃银欣隆种业有限公司
广西,中广122,凤香丝苗2号×桂恢760,籼型常规稻,广西壮族自治区农业科学院水稻研究所等,桂审稻2021175号,桂审稻,2021175,凤香丝苗2号,广西壮族自治区农业科学院水稻研究所
广东,粳珍占4号,粳籼89×珍桂矮1号,籼型常规稻,惠州市农业科学研究所,粤审稻200103,粤审稻,200103,粳籼89,惠州市农业科学研究所
广西,特优600,龙特甫A×蜀恢600,籼型三系杂交稻,四川荣稻科技有限公司等,桂审稻2021064号,桂审稻,2021064,龙特甫A,四川荣稻科技有限公司
广西,色香优7号,色香A×绿恢R007,籼型三系杂交稻,广西绿海种业有限公司,桂审稻2023089号,桂审稻,2023089,色香A,广西绿海种业有限公司
广西,��丰优838,��丰A×辐恢838,籼型三系杂交稻,广西壮族自治区农业科学院水稻研究所,桂审稻2021088号,桂审稻,2021088,��丰A,广西壮族自治区农业科学院水稻研究所
广西,鑫两优318,蜀鑫6S×鑫恢318,籼型两系杂交稻,合肥市蜀香种子有限公司,桂审稻2020223号,桂审稻,2020223,蜀鑫6S,合肥市蜀香种子有限公司
广西,丰源优219,丰源A×gc219,籼型三系杂交稻,袁隆平农业高科技股份有限公司,桂审稻2011015号,桂审稻,2011015,丰源A,袁隆平农业高科技股份有限公司
广东,合美占,丰美占×合丝占,籼型常规稻,广东省农业科学院水稻研究所,粤审稻2008006,粤审稻,2008006,丰美占,广东省农业科学院水稻研究所
广西,广8优305,广8A×广恢305,籼型三系杂交稻,广西兆和种业有限公司等,桂审稻2019008号,桂审稻,2019008,广8A,广西兆和种业有限公司
广东,七袋占1号,袋鼠占2号×七黄占3号,籼型常规稻,广东省农业科学院水稻研究所,粤审稻1996003,粤审稻,1996003,袋鼠占2号,广东省农业科学院水稻研究所
广西,特优919,龙特浦A×R919,籼型三系杂交稻,广西绿海种业有限公司,桂审稻2019068号,桂审稻,2019068,龙特浦A,广西绿海种业有限公司
广东,七番占,三七早/922//澳雪占×番粳籼,籼型常规稻,佛山市农业科学研究所,粤审稻2010003,粤审稻,2010003,三七早/922//澳雪占,佛山市农业科学研究所
广西,皇两优香16,皇12S×粮发香R16,籼型两系杂交稻,广西粮发种业有限公司,桂审稻2024035号,桂审稻,2024035,皇12S,广西粮发种业有限公司
广西,昱香两优香丝,昱香S×粮发香丝,籼型两系杂交稻,广西恒茂农业科技有限公司等,桂审稻2022059号,桂审稻,2022059,昱香S,广西恒茂农业科技有限公司
广西,泰优2068,泰丰A×广恢2068,籼型三系杂交稻,广西恒茂农业科技有限公司等,桂审稻2018052号,桂审稻,2018052,泰丰A,广西恒茂农业科技有限公司
广西,华中优1号,华中1A×恢16,籼粳交三系杂交稻,浙江勿忘农种业股份有限公司,桂审稻2021223号,桂审稻,2021223,华中1A,浙江勿忘农种业股份有限公司
广西,广和优305,广和A×广恢305,籼型三系杂交稻,贺州市农业科学院等,桂审稻2019007号,桂审稻,2019007,广和A,贺州市农业科学院
广西,景圻优1936,景圻A×桂恢1936,籼型三系杂交稻,广西万川种业有限公司,桂审稻2021063号,桂审稻,2021063,景圻A,广西万川种业有限公司
广西,粤农丝苗,黄华占×粤泰13,籼型常规稻,广东省农业科学院水稻研究所,桂审稻2017030号,桂审稻,2017030,黄华占,广东省农业科学院水稻研究所
广西,龙两优1616,龙S×R1616,籼型两系杂交稻,中农常乐(深圳)生物育种技术有限公司等,桂审稻2018051号,桂审稻,2018051,龙S,中农常乐(深圳)生物育种技术有限公司
广西,桂育15,黄华占/力源占1号×野丰占,籼型常规稻,广西壮族自治区农业科学院水稻研究所,桂审稻2021174号,桂审稻,2021174,黄华占/力源占1号,广西壮族自治区农业科学院水稻研究所
广西,华浙优华湘占,华浙2A×R华湘占,籼型三系杂交稻,浙江勿忘农种业股份有限公司等,桂审稻2022148号,桂审稻,2022148,华浙2A,浙江勿忘农种业股份有限公司
广东,溪野占10,山溪占6号×野马占380,籼型常规稻,佛山市农业科学研究所,粤审稻200102,粤审稻,200102,山溪占6号,佛山市农业科学研究所
广西,丽香优纳丝,丽香A×R纳丝,籼型三系杂交稻,广西百香高科种业有限公司,桂审稻2019067号,桂审稻,2019067,丽香A,广西百香高科种业有限公司
广西,华优钰禾,华浙2A×钰禾,籼型三系杂交稻,中国水稻研究所等,桂审稻2021062号,桂审稻,2021062,华浙2A,中国水稻研究所
广西,纳优6618,纳A×R6618,籼型三系杂交稻,广东华农大种业有限公司等,桂审稻2022058号,桂审稻,2022058,纳A,广东华农大种业有限公司
广西,美丝优香泰占,美丝A×香泰占,籼型三系杂交稻,广西大学,桂审稻2021087号,桂审稻,2021087,美丝A,广西大学
广西,珍香优11香,珍香A×11香,籼型三系杂交稻,南宁谷源丰种业有限公司,桂审稻2020172号,桂审稻,2020172,珍香A,南宁谷源丰种业有限公司
广西,二两优3401,2301S×WR3401,籼型两系杂交稻,唐建忠,桂审稻2011014号,桂审稻,2011014,2301S,唐建忠
广西,美香两优贡丝香,美香S×贡丝香,籼型两系杂交稻,广西壮邦种业有限公司,桂审稻2021139号,桂审稻,2021139,美香S,广西壮邦种业有限公司
广西,河农丝占,农丰202×柳红占,籼型常规稻,广西农业科学院河池分院等,桂审稻2022181号,桂审稻,2022181,农丰202,广西农业科学院河池分院
广西,沉香优雅丝香,沉香A×雅丝香,籼型三系杂交稻,南宁谷源丰种业有限公司,桂审稻2021008号,桂审稻,2021008,沉香A,南宁谷源丰种业有限公司
广西,百丰香糯,科香糯×桂D1号/博白香糯,籼型常规稻,广西百香高科种业有限公司,桂审稻2018118号,桂审稻,2018118,科香糯,广西百香高科种业有限公司
广西,桂野丰,丰华占×旱野,籼型常规稻,广西农业科学院水稻研究所,桂审稻2017029号,桂审稻,2017029,丰华占,广西农业科学院水稻研究所
广西,巡两优78,巡天13S×R78,籼型两系杂交稻,贺州市绿田农作物研究所,桂审稻2017028号,桂审稻,2017028,巡天13S,贺州市绿田农作物研究所
广西,秀优297,秀A×桂恢297,籼型三系杂交稻,广西农业科学院水稻研究所,桂审稻2017027号,桂审稻,2017027,秀A,广西农业科学院水稻研究所
广西,悦香优89,悦香A×R89,籼型三系杂交稻,广西皓凯生物科技有限公司等,桂审稻2018050号,桂审稻,2018050,悦香A,广西皓凯生物科技有限公司
广东,粤广丝苗,粤丰占/中二软占×五丰占/粤泰占//长丝占,籼型常规稻,广东省农业科学院水稻研究所,粤审稻2008005,粤审稻,2008005,粤丰占/中二软占,广东省农业科学院水稻研究所
广西,亿丰优798,亿丰A×坚恢798,籼型三系杂交稻,岑溪市朝阳农业科技有限公司,桂审稻2019041号,桂审稻,2019041,亿丰A,岑溪市朝阳农业科技有限公司
广西,更香优9号,更香A×绿恢R9号,籼型三系杂交稻,广西绿海种业有限公司,桂审稻2023088号,桂审稻,2023088,更香A,广西绿海种业有限公司
广西,冈8优316,冈48A×蜀恢316,籼型三系杂交稻,四川华元博冠生物育种有限责任公司等,桂审稻2020222号,桂审稻,2020222,冈48A,四川华元博冠生物育种有限责任公司
广西,永丰优8563,永丰A×R8563,籼型三系杂交稻,广西兆和种业有限公司,桂审稻2017026号,桂审稻,2017026,永丰A,广西兆和种业有限公司
广西,留香优荔丝16,留香A×荔丝16,籼型三系杂交稻,南宁谷源丰种业有限公司,桂审稻2024034号,桂审稻,2024034,留香A,南宁谷源丰种业有限公司
广西,野香优2998,野香A×R2998,籼型三系杂交稻,广西绿海种业有限公司,桂审稻2011013号,桂审稻,2011013,野香A,广西绿海种业有限公司
广西,玉香优美珍,旌玉2A×旌晶美珍,籼型三系杂交稻,广西万川种业有限公司等,桂审稻2021061号,桂审稻,2021061,旌玉2A,广西万川种业有限公司
广东,粤野占26,粤桂146/粤山142//野粳籼×特籼占13,籼型常规稻,佛山市农业科学研究所,粤审稻200101,粤审稻,200101,粤桂146/粤山142//野粳籼,佛山市农业科学研究所
广东,竹优61,竹籼A×R61,籼型三系杂交稻,湛江农业专科学校,粤审稻1996002,粤审稻,1996002,竹籼A,湛江农业专科学校
广西,贡香两优粤香晶丝,贡1S×粤香晶丝,籼型两系杂交稻,广西壮邦种业有限公司,桂审稻2021007号,桂审稻,2021007,贡1S,广西壮邦种业有限公司
广西,野香优333,野香A×R333,籼型三系杂交稻,广西绿海种业有限公司,桂审稻2023087号,桂审稻,2023087,野香A,广西绿海种业有限公司
广西,美香两优欣香丝,美香S×欣香丝,籼型两系杂交稻,广西南宁依久农业发展有限公司等,桂审稻2021138号,桂审稻,2021138,美香S,广西南宁依久农业发展有限公司
广东,培杂粤马,培矮64S×粤马占,籼型两系杂交稻,中国科学院华南植物研究所,粤审稻2000007,粤审稻,2000007,培矮64S,中国科学院华南植物研究所
广西,浙粳优1578,浙粳7A×浙恢1578,籼粳交三系杂交稻,浙江勿忘农种业股份有限公司等,桂审稻2021222号,桂审稻,2021222,浙粳7A,浙江勿忘农种业股份有限公司
广西,色香优116,色香A×R116,籼型三系杂交稻,广西绿海种业有限公司,桂审稻2021086号,桂审稻,2021086,色香A,广西绿海种业有限公司
广东,培杂山青,培矮64S×山青11,籼型两系杂交稻,茂名市两系杂交稻攻关协作组,粤审稻1996001,粤审稻,1996001,培矮64S,茂名市两系杂交稻攻关协作组
广西,柳丰莉占,农香16/005×黄莉占,籼型常规稻,广西农业科学院柳州分院等,桂审稻2022180号,桂审稻,2022180,农香16/005,广西农业科学院柳州分院
广西,名丰优798,名丰A×坚恢798,籼型三系杂交稻,广西绿丰种业有限责任公司,桂审稻2021060号,桂审稻,2021060,名丰A,广西绿丰种业有限责任公司
广西,旱优73,沪旱7A×旱恢3号,籼型三系杂交稻,上海市农业生物基因中心等,桂审稻2021221号,桂审稻,2021221,沪旱7A,上海市农业生物基因中心
广西,特优玉3号,龙特甫A×玉恢3号,籼型三系杂交稻,广西玉穗种业有限公司,桂审稻2011012号,桂审稻,2011012,龙特甫A,广西玉穗种业有限公司
广西,特优639,龙特浦A×福恢639,籼型三系杂交稻,福建禾丰种业股份有限公司等,桂审稻2019040号,桂审稻,2019040,龙特浦A,福建禾丰种业股份有限公司
广西,野香优贵禾,野香A×贵禾,籼型三系杂交稻,贵州省农作物品种资源研究所等,桂审稻2023086号,桂审稻,2023086,野香A,贵州省农作物品种资源研究所
广西,芸香优馥香丝,芸香A×馥香丝,籼型三系杂交稻,南宁谷源丰种业有限公司,桂审稻2021137号,桂审稻,2021137,芸香A,南宁谷源丰种业有限公司
广西,瑞优121,瑞A×R121,籼型三系杂交稻,南宁永泰种业有限公司,桂审稻2022057号,桂审稻,2022057,瑞A,南宁永泰种业有限公司
广西,贝两优郁香,贝S×郁香,籼型两系杂交稻,广西壮邦种业有限公司,桂审稻2021059号,桂审稻,2021059,贝S,广西壮邦种业有限公司
广东,籼小占,粳籼570×马坝小占,籼型常规稻,佛山市农业科学研究所,粤审稻1995003,粤审稻,1995003,粳籼570,佛山市农业科学研究所
广西,喜两优丝苗,喜06S×五山丝苗,籼型两系杂交稻,安徽喜多收种业科技有限公司等,桂审稻2021220号,桂审稻,2021220,喜06S,安徽喜多收种业科技有限公司
广东,博优122,博A×广恢122,籼型三系杂交稻,广东省农业科学院水稻研究所,粤审稻2000006,粤审稻,2000006,博A,广东省农业科学院水稻研究所
广西,青香优138,青香A×R138,籼型三系杂交稻,四川奥力星农业科技有限公司等,桂审稻2022147号,桂审稻,2022147,青香A,四川奥力星农业科技有限公司
广西,粳香优莉丝,粳香A×R莉丝,籼型三系杂交稻,广西绿海种业有限公司,桂审稻2021085号,桂审稻,2021085,粳香A,广西绿海种业有限公司
广西,隆两优3463,隆科638S×R3463,籼型两系杂交稻,袁隆平农业高科技股份有限公司等,桂审稻2019195号,桂审稻,2019195,隆科638S,袁隆平农业高科技股份有限公司
广西,蓉3优918,343A×天恢918,籼型三系杂交稻,武胜县农业科学研究所,桂审稻2020221号,桂审稻,2020221,343A,武胜县农业科学研究所
广西,桂育17,桂选17×力源占1号,籼型常规稻,广西壮族自治区农业科学院水稻研究所,桂审稻2021173号,桂审稻,2021173,桂选17,广西壮族自治区农业科学院水稻研究所
广西,特优1029,龙特甫A×R1029,籼型三系杂交稻,广西仙德农业科技有限公司,桂审稻2019066号,桂审稻,2019066,龙特甫A,广西仙德农业科技有限公司
广西,隆优丝苗,隆香634A×黄粤丝苗,籼型三系杂交稻,袁隆平农业高科技股份有限公司等,桂审稻2021006号,桂审稻,2021006,隆香634A,袁隆平农业高科技股份有限公司
广西,泰丰优8号,泰丰A×中恢7273,籼型三系杂交稻,中国水稻研究所等,桂审稻2022056号,桂审稻,2022056,泰丰A,中国水稻研究所
广西,巧两优丝苗,喜08S×五山丝苗,籼型两系杂交稻,安徽喜多收种业科技有限公司等,桂审稻2021219号,桂审稻,2021219,喜08S,安徽喜多收种业科技有限公司
广西,玖两优鹏2号,33S×鹏恢2号,籼型两系杂交稻,湖南省水稻研究所等,桂审稻2019006号,桂审稻,2019006,33S,湖南省水稻研究所
广西,博优1598,博A×R1598,籼型三系杂交稻,广西稻花源农业科技有限公司,桂审稻2018019号,桂审稻,2018019,博A,广西稻花源农业科技有限公司
广西,龙丰优9115,龙丰A×桂9115,籼型三系杂交稻,广西壮族自治区农业科学院水稻研究所,桂审稻2018018号,桂审稻,2018018,龙丰A,广西壮族自治区农业科学院水稻研究所
广西,荃香优822,荃香9A×YR0822,籼型三系杂交稻,安徽荃银高科种业股份有限公司等,桂审稻2018017号,桂审稻,2018017,荃香9A,安徽荃银高科种业股份有限公司
广西,巡两优75,巡天15S×75R,籼型两系杂交稻,贺州市绿田农作物研究所等,桂审稻2018016号,桂审稻,2018016,巡天15S,贺州市绿田农作物研究所
广西,桂育糯188,桂D1号//黑糯/红香占×桂D1号//黑糯/科香糯,籼型常规稻,广西壮族自治区农业科学院水稻研究所,桂审稻2018117号,桂审稻,2018117,桂D1号//黑糯/红香占,广西壮族自治区农业科学院水稻研究所
广西,丰田优663,丰田1A×桂恢663,籼型三系杂交稻,广西农业科学院水稻研究所,桂审稻2017025号,桂审稻,2017025,丰田1A,广西农业科学院水稻研究所
广西,竞优977,竞优A×正恢977,籼型三系杂交稻,湖南正隆农业科技有限公司等,桂审稻2018049号,桂审稻,2018049,竞优A,湖南正隆农业科技有限公司
广西,长泰优298,长泰A×ZR298,籼型三系杂交稻,北京金色农华种业科技股份有限公司等,桂审稻2018015号,桂审稻,2018015,长泰A,北京金色农华种业科技股份有限公司
广西,又香优郁香,又香A×郁香,籼型三系杂交稻,广西兆和种业有限公司等,桂审稻2021058号,桂审稻,2021058,又香A,广西兆和种业有限公司
广西,青香优香占,青香A×奥香占,籼型三系杂交稻,四川奥力星农业科技有限公司等,桂审稻2022146号,桂审稻,2022146,青香A,四川奥力星农业科技有限公司
广西,又香优雅丝香,又香A×雅丝香,籼型三系杂交稻,广西兆和种业有限公司,桂审稻2020171号,桂审稻,2020171,又香A,广西兆和种业有限公司
广东,黄粳占,茉莉新占///绿黄占/台粳6//粤航1号×黄华占,籼型常规稻,广东省农业科学院水稻研究所,粤审稻2008004,粤审稻,2008004,茉莉新占///绿黄占/台粳6//粤航1号,广东省农业科学院水稻研究所
广西,深两优876,深08S×P376,籼型两系杂交稻,江西洪崖种业有限责任公司,桂审稻2019194号,桂审稻,2019194,深08S,江西洪崖种业有限责任公司
广西,荔香998,R998×田东香占,籼型常规稻,广西绿丰种业有限责任公司,桂审稻2022179号,桂审稻,2022179,R998,广西绿丰种业有限责任公司
广西,万太优3158,万太A×桂3158,籼型三系杂交稻,广西壮族自治区农业科学院水稻研究所,桂审稻2018014号,桂审稻,2018014,万太A,广西壮族自治区农业科学院水稻研究所
广西,恒丰优1899,恒丰A×桂恢1899,籼型三系杂交稻,广西壮族自治区农业科学院水稻研究所,桂审稻2021084号,桂审稻,2021084,恒丰A,广西壮族自治区农业科学院水稻研究所
广西,遥香优郁香,遥香A×郁香,籼型三系杂交稻,南宁谷源丰种业有限公司,桂审稻2021136号,桂审稻,2021136,遥香A,南宁谷源丰种业有限公司
广西,荃两优丝苗,荃211S×五山丝苗,籼型两系杂交稻,安徽荃银高科种业股份有限公司等,桂审稻2021218号,桂审稻,2021218,荃211S,安徽荃银高科种业股份有限公司
广东,培杂茂选,培矮64S×茂选,籼型两系杂交稻,茂名市两系杂交稻研究发展中心,粤审稻2000005,粤审稻,2000005,培矮64S,茂名市两系杂交稻研究发展中心
广东,澳青占,青六矮1号×澳洲袋鼠丝苗,籼型常规稻,广东省农业科学院水稻研究所,粤审稻1995002,粤审稻,1995002,青六矮1号,广东省农业科学院水稻研究所
广西,色香优5号,色香A×绿恢R5号,籼型三系杂交稻,广西绿海种业有限公司,桂审稻2023085号,桂审稻,2023085,色香A,广西绿海种业有限公司
广西,壮香优1205,壮香A×白金1205,籼型三系杂交稻,广西白金种子股份有限公司等,桂审稻2019039号,桂审稻,2019039,壮香A,广西白金种子股份有限公司
广西,乾两优香巴巴,乾S×香巴巴,籼型两系杂交稻,广西恒茂农业科技有限公司等,桂审稻2022099号,桂审稻,2022099,乾S,广西恒茂农业科技有限公司
广西,嘉禾优7245,嘉禾212A×中恢7245,籼粳交三系杂交稻,中国水稻研究所等,桂审稻2020220号,桂审稻,2020220,嘉禾212A,中国水稻研究所
广西,中浙2优12,中浙12A×华恢12,籼型三系杂交稻,中国水稻研究所,桂审稻2017024号,桂审稻,2017024,中浙12A,中国水稻研究所
广西,桂农丰,桂禾丰×野香占,籼型常规稻,广西壮族自治区农业科学院水稻研究所,桂审稻2021172号,桂审稻,2021172,桂禾丰,广西壮族自治区农业科学院水稻研究所
广西,泰嘉香9号,象牙香占×田东香2号,籼型常规稻,广西博士园种业有限公司,桂审稻2022178号,桂审稻,2022178,象牙香占,广西博士园种业有限公司
广西,葛68优1058,葛68A×正恢1058,籼型三系杂交稻,海南神农基因科技股份有限公司等,桂审稻2018048号,桂审稻,2018048,葛68A,海南神农基因科技股份有限公司
广西,葛68优9938,葛68A×正恢9938,籼型三系杂交稻,崇左市农业科学研究所等,桂审稻2018013号,桂审稻,2018013,葛68A,崇左市农业科学研究所
广西,裕丰优158,裕丰1A×R158,籼型三系杂交稻,广西皓凯生物科技有限公司等,桂审稻2019065号,桂审稻,2019065,裕丰1A,广西皓凯生物科技有限公司
广西,穗香优红香丝,穗香A×T红-4,籼型三系杂交稻,陆川县穗园农业良种培育中心,桂审稻2021083号,桂审稻,2021083,穗香A,陆川县穗园农业良种培育中心
广西,隆两优黄莉占,隆科638S×黄莉占,籼型两系杂交稻,袁隆平农业高科技股份有限公司等,桂审稻2019193号,桂审稻,2019193,隆科638S,袁隆平农业高科技股份有限公司
广西,百香优纳丝,百香A×R纳丝,籼型三系杂交稻,广西百香高科种业有限公司等,桂审稻2021005号,桂审稻,2021005,百香A,广西百香高科种业有限公司
广西,昌两优香丝,昌S×粮发香丝,籼型两系杂交稻,广西恒茂农业科技有限公司等,桂审稻2022098号,桂审稻,2022098,昌S,广西恒茂农业科技有限公司
广西,神9优28,神9A×Q恢28,籼型三系杂交稻,重庆中一种业有限公司等,桂审稻2018012号,桂审稻,2018012,神9A,重庆中一种业有限公司
广西,信优糯721,信3122Awx×信糯恢721,籼型三系杂交稻,信阳市农业科学院,桂审稻2022145号,桂审稻,2022145,信3122Awx,信阳市农业科学院
广西,可香优紫金,可香A×T紫金,籼型三系杂交稻,陆川县穗园农业良种培育中心,桂审稻2021082号,桂审稻,2021082,可香A,陆川县穗园农业良种培育中心
广西,泰优7203,泰32A×泰恢7203,籼型三系杂交稻,泸州泰丰种业有限公司,桂审稻2021217号,桂审稻,2021217,泰32A,泸州泰丰种业有限公司
广东,培杂茂三,培矮64S×茂3,籼型两系杂交稻,茂名市两系杂交稻研究发展中心,粤审稻2000004,粤审稻,2000004,培矮64S,茂名市两系杂交稻研究发展中心
广西,丰顺优珍香,丰顺A×R6534,籼型三系杂交稻,广西泰都农业科技有限公司等,桂审稻2022097号,桂审稻,2022097,丰顺A,广西泰都农业科技有限公司
广西,桂育黑糯,桂D1号//黑糯/红香占×桂D1号//黑糯/丰耘糯,籼型常规稻,广西壮族自治区农业科学院水稻研究所,桂审稻2018116号,桂审稻,2018116,桂D1号//黑糯/红香占,广西壮族自治区农业科学院水稻研究所
广西,晶两优华占,晶4155S×华占,籼型两系杂交稻,袁隆平农业高科技股份有限公司等,桂审稻2019192号,桂审稻,2019192,晶4155S,袁隆平农业高科技股份有限公司
广西,清香优华占,清香A×华占,籼型三系杂交稻,广西皓凯生物科技有限公司等,桂审稻2018047号,桂审稻,2018047,清香A,广西皓凯生物科技有限公司
广东,培杂67,培矮64S×G67,籼型两系杂交稻,华南农业大学农学系,粤审稻2000003,粤审稻,2000003,培矮64S,华南农业大学农学系
广西,雅香2号,象牙香占×宣香2号,籼型常规稻,广西博士园种业有限公司,桂审稻2022177号,桂审稻,2022177,象牙香占,广西博士园种业有限公司
广西,永优328,永A×R328,籼型三系杂交稻,南宁永泰种业有限公司等,桂审稻2022096号,桂审稻,2022096,永A,南宁永泰种业有限公司
广西,特优3528,特A×R3528,籼型三系杂交稻,广西瀚林农业科技有限公司,桂审稻2018046号,桂审稻,2018046,特A,广西瀚林农业科技有限公司
广西,和两优1086,和620S×泰恢1086,籼型两系杂交稻,四川泰隆汇智生物科技有限公司,桂审稻2018045号,桂审稻,2018045,和620S,四川泰隆汇智生物科技有限公司
广西,中映优98,中映A×恒恢98,籼型三系杂交稻,广西桂先种业有限公司等,桂审稻2019064号,桂审稻,2019064,中映A,广西桂先种业有限公司
广西,福两优366,SE21S×R366,籼型两系杂交稻,福建省农业科学院福州国家水稻改良分中心等,桂审稻2019191号,桂审稻,2019191,SE21S,福建省农业科学院福州国家水稻改良分中心
广西,阳丰优538,阳丰A×R538,籼型三系杂交稻,广西瀚林农业科技有限公司,桂审稻2017023号,桂审稻,2017023,阳丰A,广西瀚林农业科技有限公司
广西,科两优10号,科S×湘恢10号,籼型两系杂交稻,湖南科裕隆种业有限公司,桂审稻2020219号,桂审稻,2020219,科S,湖南科裕隆种业有限公司
广西,荃9优801,荃香9A×YHR801,籼型三系杂交稻,安徽荃银欣隆种业有限公司等,桂审稻2020218号,桂审稻,2020218,荃香9A,安徽荃银欣隆种业有限公司
广西,发优香占,发A×R香占,籼型三系杂交稻,南宁瑞乐农业科技有限公司,桂审稻2022095号,桂审稻,2022095,发A,南宁瑞乐农业科技有限公司
广西,桂丰18,桂禾丰×美香占,籼型常规稻,广西壮族自治区农业科学院水稻研究所,桂审稻2021171号,桂审稻,2021171,桂禾丰,广西壮族自治区农业科学院水稻研究所
广西,泰优6355,泰丰A×广恢6355,籼型三系杂交稻,广东省农业科学院水稻研究所等,桂审稻2022144号,桂审稻,2022144,泰丰A,广东省农业科学院水稻研究所
广西,泸优100,泸香618A×绿恢100,籼型三系杂交稻,广西绿丰种业有限责任公司等,桂审稻2021081号,桂审稻,2021081,泸香618A,广西绿丰种业有限责任公司
广西,留香优20,留香A×荔香20,籼型三系杂交稻,广西兆和种业有限公 司,桂审稻2024033号,桂审稻,2024033,留香A,广西兆和种业有限公 司
广东,黄丝占,黄华占×茉莉丝苗,籼型常规稻,广东省农业科学院水稻研究所,粤审稻2008003,粤审稻,2008003,黄华占,广东省农业科学院水稻研究所
广西,桂硒红占,黄优占×武宣红米,籼型常规稻,广西壮族自治区农业科学院水稻研究所,桂审稻2018115号,桂审稻,2018115,黄优占,广西壮族自治区农业科学院水稻研究所
广西,菁美丝香,黄壳香占×长丝占,籼型常规稻,广西粮研农业科技有限公司,桂审稻2022176号,桂审稻,2022176,黄壳香占,广西粮研农业科技有限公司
广西,闻香优616,闻香A×R616,籼型三系杂交稻,广西万禾种业有限公司等,桂审稻2017022号,桂审稻,2017022,闻香A,广西万禾种业有限公司
广西,泰优桂香占,泰29A×桂香华占,籼型三系杂交稻,泸州泰丰种业有限公司等,桂审稻2021004号,桂审稻,2021004,泰29A,泸州泰丰种业有限公司
广西,米两优89,米S×R香8,籼型两系杂交稻,桂林米高农业开发有限公司,桂审稻2017002号,桂审稻,2017002,米S,桂林米高农业开发有限公司
广西,五丰优248,五丰A×R248,籼型三系杂交稻,中国农业科学院深圳农业基因组研究所,桂审稻2022055号,桂审稻,2022055,五丰A,中国农业科学院深圳农业基因组研究所
广西,魅两优美香新占,魅051S×美香新占,籼型两系杂交稻,湖北华之夏种子有限责任公司等,桂审稻2021057号,桂审稻,2021057,魅051S,湖北华之夏种子有限责任公司
广西,色香优3号,色香A×绿恢R3号,籼型三系杂交稻,广西绿海种业有限公司,桂审稻2023084号,桂审稻,2023084,色香A,广西绿海种业有限公司
广西,特优363,龙特甫A×R6,籼型三系杂交稻,广西瑞恒种业有限公司,桂审稻2011011号,桂审稻,2011011,龙特甫A,广西瑞恒种业有限公司
广西,甬优8611,甬粳86A×F9011,籼粳交三系杂交稻,宁波种业股份有限公司等,桂审稻2021056号,桂审稻,2021056,甬粳86A,宁波种业股份有限公司
广西,嘉禾优9号,嘉禾112A×中恢7279,籼型三系杂交稻,中国水稻研究所等,桂审稻2022094号,桂审稻,2022094,嘉禾112A,中国水稻研究所
广西,特优638,龙特浦A×屯恢638,籼型三系杂交稻,广西桂穗种业有限公司,桂审稻2018044号,桂审稻,2018044,龙特浦A,广西桂穗种业有限公司
广西,特优嘉早,龙特浦A×嘉早,籼型三系杂交稻,广西皓凯生物科技有限公司等,桂审稻2019063号,桂审稻,2019063,龙特浦A,广西皓凯生物科技有限公司
广西,色香优68,色香A×R68,籼型三系杂交稻,广西绿海种业有限公司,桂审稻2023083号,桂审稻,2023083,色香A,广西绿海种业有限公司
广西,畅优1452,畅A×桂恢1452,籼型三系杂交稻,广西壮族自治区农业科学院,桂审稻2023082号,桂审稻,2023082,畅A,广西壮族自治区农业科学院
广西,吉祥优1452,吉祥A×桂恢1452,籼型三系杂交稻,广西壮族自治区农业科学院,桂审稻2023081号,桂审稻,2023081,吉祥A,广西壮族自治区农业科学院
广西,深优星占,深95A×星占,籼型三系杂交稻,江西华昊水稻协同创新科技有限公司等,桂审稻2019038号,桂审稻,2019038,深95A,江西华昊水稻协同创新科技有限公司
广东,博优210,博A×R210,籼型三系杂交稻,中国科学院华南植物研究所,粤审稻1995001,粤审稻,1995001,博A,中国科学院华南植物研究所
广西,那香优金丝雀,那香107A×象香恢R1989,籼型三系杂交稻,广西普思农业发展有限公司等,桂审稻2021080号,桂审稻,2021080,那香107A,广西普思农业发展有限公司
广西,V两优777,V33S×R777,籼型两系杂交稻,广西百香高科种业有限公司,桂审稻2018011号,桂审稻,2018011,V33S,广西百香高科种业有限公司
广西,灵丰896,灵丰A×屯恢896,籼型三系杂交稻,广西桂穗种业有限公司,桂审稻2018043号,桂审稻,2018043,灵丰A,广西桂穗种业有限公司
广西,臻香优野珍,臻香A×野珍,籼型三系杂交稻,广西鼎烽种业有限公司,桂审稻2021003号,桂审稻,2021003,臻香A,广西鼎烽种业有限公司
广西,川优5727,川345A×成恢727,籼型三系杂交稻,中国种子集团有限公司等,桂审稻2021216号,桂审稻,2021216,川345A,中国种子集团有限公司
广西,旺两优1118,旺S×R1118,籼型两系杂交稻,广西瑞特种子有限责任公司等,桂审稻2018042号,桂审稻,2018042,旺S,广西瑞特种子有限责任公司
广西,香两优246,香S×R246,籼型两系杂交稻,广西瑞特种子有限责任公司,桂审稻2022054号,桂审稻,2022054,香S,广西瑞特种子有限责任公司
广西,兴湘优银针,兴湘A×惠恢银针,籼型三系杂交稻,广西中惠农业科技有限公司等,桂审稻2021079号,桂审稻,2021079,兴湘A,广西中惠农业科技有限公司
广西,岚香优168,岚香A×R1638,籼型三系杂交稻,广西南泥湾种业有限公司等,桂审稻2023080号,桂审稻,2023080,岚香A,广西南泥湾种业有限公司
广西,雅香优908,雅香A×HR908,籼型三系杂交稻,南宁谷源丰种业有限公司等,桂审稻2024032号,桂审稻,2024032,雅香A,南宁谷源丰种业有限公司
广西,永3优292,永3A×H292,籼型三系杂交稻,海南神农基因科技股份有限公司,桂审稻2017001号,桂审稻,2017001,永3A,海南神农基因科技股份有限公司
广西,华浙优71,华浙A×华恢71,籼型三系杂交稻,中国水稻研究所等,桂审稻2020217号,桂审稻,2020217,华浙A,中国水稻研究所
广西,旺两优911,W115S×创恢911,籼型两系杂交稻,湖南袁创超级稻技术有限公司,桂审稻2021002号,桂审稻,2021002,W115S,湖南袁创超级稻技术有限公司
广西,农香32,AF6-82/R80×AF6-82/R80//三合占/农香16,籼型常规稻,湖南省水稻研究所,桂审稻2020216号,桂审稻,2020216,AF6-82/R80,湖南省水稻研究所
广西,丝香优香丝,丝香A×香丝,籼型三系杂交稻,广西兆和种业有限公司等,桂审稻2020170号,桂审稻,2020170,丝香A,广西兆和种业有限公司
广东,矮三芦占,丛芦549×三黄占,籼型常规稻,广东省农业科学院水稻研究所,粤审稻1994005,粤审稻,1994005,丛芦549,广东省农业科学院水稻研究所
广西,特优8009,龙特甫A×R8009,籼型三系杂交稻,广西万禾种业有限公司等,桂审稻2021055号,桂审稻,2021055,龙特甫A,广西万禾种业有限公司
广西,甬优7753,甬粳77A×F6853,籼粳交三系杂交稻,宁波市种子有限公司,桂审稻2018010号,桂审稻,2018010,甬粳77A,宁波市种子有限公司
广西,荃优1393,荃9311A×盐恢1393,籼型三系杂交稻,盐城明天种业科技有限公司等,桂审稻2020215号,桂审稻,2020215,荃9311A,盐城明天种业科技有限公司
广西,荣两优99,荣8S×荣恢1099,籼型两系杂交稻,四川荣稻科技有限公司等,桂审稻2021054号,桂审稻,2021054,荣8S,四川荣稻科技有限公司
广西,龙两优237,龙S×R237,籼型两系杂交稻,中国农业科学院作物科学研究所等,桂审稻2018009号,桂审稻,2018009,龙S,中国农业科学院作物科学研究所
广西,欣荣优829,欣荣A×R829,籼型三系杂交稻,桂林市农业科学研究中心等,桂审稻2021001号,桂审稻,2021001,欣荣A,桂林市农业科学研究中心
广西,惠泽8号,桂育2号×黄华占,籼型常规稻,广西壮族自治区农业科学院水稻研究所,桂审稻2016018号,桂审稻,2016018,桂育2号,广西壮族自治区农业科学院水稻研究所
广西,丰糯1号,佛山糯稻×田东大糯稻,籼型常规稻,广西皓凯生物科技有限公司等,桂审稻2018114号,桂审稻,2018114,佛山糯稻,广西皓凯生物科技有限公司
广西,广优2215,广211A×R2215,籼型三系杂交稻,广西博士园种业有限公司,桂审稻2022053号,桂审稻,2022053,广211A,广西博士园种业有限公司
广西,悦香优8689,悦香A×R8689,籼型三系杂交稻,广西万禾种业有限公司等,桂审稻2019062号,桂审稻,2019062,悦香A,广西万禾种业有限公司
广西,广中优5098,广中A×R5098,籼型三系杂交稻,广西大学等,桂审稻2021078号,桂审稻,2021078,广中A,广西大学
广西,留香优兆香丝苗,留香A×兆香丝苗,籼型三系杂交稻,南宁谷源丰种业有限公司,桂审稻2021077号,桂审稻,2021077,留香A,南宁谷源丰种业有限公司
广西,恒丰优柳香,恒丰A×柳香,籼型三系杂交稻,广西壮邦种业有限公司,桂审稻2021076号,桂审稻,2021076,恒丰A,广西壮邦种业有限公司
广西,林优1005,林A×R1005,籼型三系杂交稻,广西瑞特种子有限责任公司等,桂审稻2018041号,桂审稻,2018041,林A,广西瑞特种子有限责任公司
广西,清香优2号,清香A×R瑞恢2号,籼型三系杂交稻,广西皓凯生物科技有限公司等,桂审稻2019061号,桂审稻,2019061,清香A,广西皓凯生物科技有限公司
广西,荃优123,荃9311A×R123,籼型三系杂交稻,广西恒茂农业科技有限公司等,桂审稻2019060号,桂审稻,2019060,荃9311A,广西恒茂农业科技有限公司
广西,美香优908,美香A×HR908,籼型三系杂交稻,南宁谷源丰种业有限公司等,桂审稻2024031号,桂审稻,2024031,美香A,南宁谷源丰种业有限公司
广西,贡香两优欣香丝,贡1S×欣香丝,籼型两系杂交稻,广西武宣仙香源农业开发有限公司等,桂审稻2021075号,桂审稻,2021075,贡1S,广西武宣仙香源农业开发有限公司
广西,丹香优珍粮,丹香12A×象恢香苗R133,籼型三系杂交稻,广西普思农业发展有限公司等,桂审稻2021074号,桂审稻,2021074,丹香12A,广西普思农业发展有限公司
广西,尚两优818,尚83S×R818,籼型两系杂交稻,南宁市桂福园农业有限公司等,桂审稻2019005号,桂审稻,2019005,尚83S,南宁市桂福园农业有限公司
广西,润优华占,润A×华占,籼型三系杂交稻,江西省天仁种业有限公司等,桂审稻2019037号,桂审稻,2019037,润A,江西省天仁种业有限公司
广西,菁华粉稻,中嘉早17×珍桂矮1号,籼型常规稻,广西粮研农业科技有限公司,桂审稻2022175号,桂审稻,2022175,中嘉早17,广西粮研农业科技有限公司
广西,特优791,龙特浦A×R791,籼型三系杂交稻,广西智友生物科技股份有限公司,桂审稻2018040号,桂审稻,2018040,龙特浦A,广西智友生物科技股份有限公司
广西,广8优3711,广8A×蜀恢3711,籼型三系杂交稻,广西兆和种业有限公司等,桂审稻2018039号,桂审稻,2018039,广8A,广西兆和种业有限公司
广西,丝香优溢香,丝香A×溢香,籼型三系杂交稻,广西兆和种业有限公司等,桂审稻2023079号,桂审稻,2023079,丝香A,广西兆和种业有限公司
广西,旌优华珍,旌3A×华珍,籼型三系杂交稻,四川绿丹至诚种业有限公司等,桂审稻2020235号,桂审稻,2020235,旌3A,四川绿丹至诚种业有限公司
广西,Y两优1500,Y58S×H1500,籼型两系杂交稻,定远双丰农业科学研究中心等,桂审稻2019190号,桂审稻,2019190,Y58S,定远双丰农业科学研究中心
广西,金玉优397,金玉A×R397,籼型三系杂交稻,广西五泰种子有限公司等,桂审稻2017021号,桂审稻,2017021,金玉A,广西五泰种子有限公司
广西,南晶香占,南晶占×象牙香占,籼型常规稻,广东省农业科学院水稻研究所等,桂审稻2022174号,桂审稻,2022174,南晶占,广东省农业科学院水稻研究所
广西,惠两优419,530S×R419,籼型两系杂交稻,湖南省春云农业科技股份有限公司,桂审稻2020234号,桂审稻,2020234,530S,湖南省春云农业科技股份有限公司
广西,科两优3219,科S×湘恢3219,籼型两系杂交稻,湖南科裕隆种业有限公司,桂审稻2020233号,桂审稻,2020233,科S,湖南科裕隆种业有限公司
广西,科两优1号,科S×湘恢1号,籼型两系杂交稻,湖南科裕隆种业有限公司,桂审稻2020232号,桂审稻,2020232,科S,湖南科裕隆种业有限公司
广西,桂红糯1号,象州农家红米×金香糯,籼型常规稻,广西壮族自治区农业科学院水稻研究所,桂审稻2018113号,桂审稻,2018113,象州农家红米,广西壮族自治区农业科学院水稻研究所
广西,陶香优馥香丝,陶香A×馥香丝,籼型三系杂交稻,南宁谷源丰种业有限公司,桂审稻2023078号,桂审稻,2023078,陶香A,南宁谷源丰种业有限公司
广西,邦两优15香,邦S×15香,籼型两系杂交稻,广西兆和种业有限公司等,桂审稻2024030号,桂审稻,2024030,邦S,广西兆和种业有限公司
广西,泰丰优2213,泰丰A×广恢2213,籼型三系杂交稻,广东省农业科学院水稻研究所,桂审稻2019036号,桂审稻,2019036,泰丰A,广东省农业科学院水稻研究所
广西,嘉禾优7245,嘉禾212A×中恢7245,籼粳交三系杂交稻,中国水稻研究所等,桂审稻2022093号,桂审稻,2022093,嘉禾212A,中国水稻研究所
广西,19香,固广占×象牙香占,籼型常规稻,广东省农业科学院水稻研究所,桂审稻2022173号,桂审稻,2022173,固广占,广东省农业科学院水稻研究所
广西,特优922,龙特甫A×R922,籼型三系杂交稻,广西兆和种业有限公司,桂审稻2011010号,桂审稻,2011010,龙特甫A,广西兆和种业有限公司
广东,华粳籼74,CPSLO17/毫格劳×新秀299,籼型常规稻,华南农业大学农学系,粤审稻2000002,粤审稻,2000002,CPSLO17/毫格劳,华南农业大学农学系
广西,两优758,620S×测758,籼型两系杂交稻,广西皓凯生物科技有限公司等,桂审稻2019059号,桂审稻,2019059,620S,广西皓凯生物科技有限公司
广西,泰优1002,泰丰A×广恢1002,籼型三系杂交稻,广东省金稻种业有限公司等,桂审稻2022143号,桂审稻,2022143,泰丰A,广东省金稻种业有限公司
广西,禾两优9009,禾9S×南恢009,籼型两系杂交稻,福建禾丰种业股份有限公司等,桂审稻2021053号,桂审稻,2021053,禾9S,福建禾丰种业股份有限公司
广西,旺两优338,旺9S×旺恢338,籼型两系杂交稻,福建旺穗种业有限公司等,桂审稻2020231号,桂审稻,2020231,旺9S,福建旺穗种业有限公司
广西,万象优111,万象A×中恢111,籼型三系杂交稻,江西红一种业科技股份有限公司等,桂审稻2021215号,桂审稻,2021215,万象A,江西红一种业科技股份有限公司
广西,五优3301,五丰A×闽恢3301,籼型三系杂交稻,广东省农业科学院水稻研究所等,桂审稻2019189号,桂审稻,2019189,五丰A,广东省农业科学院水稻研究所
广西,荃优665,荃9311A×R665,籼型三系杂交稻,湖南金健种业科技有限公司等,桂审稻2019058号,桂审稻,2019058,荃9311A,湖南金健种业科技有限公司
广西,深两优31,深08S×华航31,籼型两系杂交稻,四川泰隆农业科技有限公司等,桂审稻2018008号,桂审稻,2018008,深08S,四川泰隆农业科技有限公司
广西,秀厢优345香,秀厢A×桂恢345,籼型三系杂交稻,广西壮族自治区农业科学院,桂审稻2022142号,桂审稻,2022142,秀厢A,广西壮族自治区农业科学院
广东,胜优2号,双青21×丛型3号,籼型常规稻,广东省农业科学院水稻研究所,粤审稻1994004,粤审稻,1994004,双青21,广东省农业科学院水稻研究所
广西,坤两优22,坤S×G022,籼型两系杂交稻,广西恒茂农业科技有限公司等,桂审稻2018112号,桂审稻,2018112,坤S,广西恒茂农业科技有限公司
广西,岳优518,岳4A×R518,籼型三系杂交稻,湖南金健种业有限责任公司,桂审稻2019035号,桂审稻,2019035,岳4A,湖南金健种业有限责任公司
广西,两优709,中3S×华占,籼型两系杂交稻,中国水稻研究所等,桂审稻2022092号,桂审稻,2022092,中3S,中国水稻研究所
广西,芳香优华珍,芳香A×苏恢华珍,籼型三系杂交稻,广西桂稻香农作物研究所有限公司等,桂审稻2022141号,桂审稻,2022141,芳香A,广西桂稻香农作物研究所有限公司
广西,龙丰优826,龙丰A×桂826,籼型三系杂交稻,广西农业科学院水稻研究所,桂审稻2017020号,桂审稻,2017020,龙丰A,广西农业科学院水稻研究所
广西,又香优荔香20,又香A×荔香20,籼型三系杂交稻,广西壮邦种业有限公司等,桂审稻2024029号,桂审稻,2024029,又香A,广西壮邦种业有限公司
广西,圻优166,664A×16R-16,籼型三系杂交稻,广西万川种业有限公司等,桂审稻2019004号,桂审稻,2019004,664A,广西万川种业有限公司
广西,丝香优龙丝苗,丝香A×龙丝苗,籼型三系杂交稻,广东省农业科学院水稻研究所等,桂审稻2021073号,桂审稻,2021073,丝香A,广东省农业科学院水稻研究所
广西,宜香9683,宜香1A×R9683,籼型三系杂交稻,广西万禾种业有限公司,桂审稻2011009号,桂审稻,2011009,宜香1A,广西万禾种业有限公司
广西,和鑫5号,银黄壳油占×和丰占,籼型常规稻,广西荃鸿种业发展有限公司,桂审稻2016017号,桂审稻,2016017,银黄壳油占,广西荃鸿种业发展有限公司
广西,又香优溢香,又香A×溢香,籼型三系杂交稻,广西兆和种业有限公司等,桂审稻2023077号,桂审稻,2023077,又香A,广西兆和种业有限公司
广西,智两优5478,智农S×荟恢478,籼型两系杂交稻,广西桂先种业有限公司等,桂审稻2019057号,桂审稻,2019057,智农S,广西桂先种业有限公司
广西,悦香优289,悦香A×R289,籼型三系杂交稻,广西万禾种业有限公司等,桂审稻2019056号,桂审稻,2019056,悦香A,广西万禾种业有限公司
广东,绿源占1号,绿珍占8号×三源92,籼型常规稻,广东省农业科学院水稻研究所,粤审稻2000001,粤审稻,2000001,绿珍占8号,广东省农业科学院水稻研究所
广西,吉两优37号,吉7128S×TR1837,籼型两系杂交稻,南宁市桂福园农业有限公司等,桂审稻2018038号,桂审稻,2018038,吉7128S,南宁市桂福园农业有限公司
广西,禾两优臻占,禾9S×明轮臻占,籼型两系杂交稻,广西万川种业有限公司等,桂审稻2024028号,桂审稻,2024028,禾9S,广西万川种业有限公司
广西,伍两优钰占,晶4155S×钰占,籼型两系杂交稻,袁隆平农业高科技股份有限公司等,桂审稻2024027号,桂审稻,2024027,晶4155S,袁隆平农业高科技股份有限公司
广西,川浙优908,川浙A×丰恢908,籼型三系杂交稻,安徽丰大种业股份有限公司等,桂审稻2020020号,桂审稻,2020020,川浙A,安徽丰大种业股份有限公司
广东,汕优96,珍汕97A×R96,籼型三系杂交稻,广东省农业科学院水稻研究所,粤审稻1994003,粤审稻,1994003,珍汕97A,广东省农业科学院水稻研究所
广西,甜优翡翠,甜A×苏恢翡翠,籼型三系杂交稻,广西桂稻香农作物研究所有限公司等,桂审稻2022140号,桂审稻,2022140,甜A,广西桂稻香农作物研究所有限公司
广西,贵银香131,八桂香×玉丰占/柳沙油占,籼型常规稻,广西南宁联航农业科技有限公司,桂审稻2022172号,桂审稻,2022172,八桂香,广西南宁联航农业科技有限公司
广西,锦两优华占,锦4128S×华占,籼型两系杂交稻,袁隆平农业高科技股份有限公司等,桂审稻2018007号,桂审稻,2018007,锦4128S,袁隆平农业高科技股份有限公司
广西,6两优9368,6311S×恢9368,籼型两系杂交稻,南京神州种业有限公司,桂审稻2011008号,桂审稻,2011008,6311S,南京神州种业有限公司
广西,晶两优1125,晶4155S×R1125,籼型两系杂交稻,袁隆平农业高科技股份有限公司等,桂审稻2021214号,桂审稻,2021214,晶4155S,袁隆平农业高科技股份有限公司
广西,华浙优1号,华浙A×恢1,籼型三系杂交稻,中国水稻研究所等,桂审稻2020214号,桂审稻,2020214,华浙A,中国水稻研究所
广西,珍野优108,珍野A×测108,籼型三系杂交稻,广西兆和种业有限公司等,桂审稻2017019号,桂审稻,2017019,珍野A,广西兆和种业有限公司
广东,山溪占11,山溪占175×籼黄占8号,籼型常规稻,佛山市农业科学研究所,粤审稻1999008,粤审稻,1999008,山溪占175,佛山市农业科学研究所
广西,丰田优9011,丰田1A×桂恢9011,籼型三系杂交稻,广西壮族自治区农业科学院水稻研究所,桂审稻2016016号,桂审稻,2016016,丰田1A,广西壮族自治区农业科学院水稻研究所
广西,显两优822,显矮148S×YR0822,籼型两系杂交稻,广西荃鸿农业科技有限公司等,桂审稻2019125号,桂审稻,2019125,显矮148S,广西荃鸿农业科技有限公司
广西,丝香优郁香,丝香A×郁香,籼型三系杂交稻,广西兆和种业有限公司等,桂审稻2020169号,桂审稻,2020169,丝香A,广西兆和种业有限公司
广东,梅优524,梅青早A×R524,籼型三系杂交稻,汕头市农业科学研究所,粤审稻1994002,粤审稻,1994002,梅青早A,汕头市农业科学研究所
广西,徽两优001,1892S×R001,籼型两系杂交稻,安徽理想种业有限公司等,桂审稻2019188号,桂审稻,2019188,1892S,安徽理想种业有限公司
广西,良丰优339,良丰A×桂339,籼型三系杂交稻,广西农业科学院水稻研究所,桂审稻2011007号,桂审稻,2011007,良丰A,广西农业科学院水稻研究所
广西,晶两优1377,晶4155S×R1377,籼型两系杂交稻,袁隆平农业高科技股份有限公司等,桂审稻2021213号,桂审稻,2021213,晶4155S,袁隆平农业高科技股份有限公司
广西,福泰优8号,福泰1A×福恢8号,籼型三系杂交稻,广西米高农业开发有限公司,桂审稻2022139号,桂审稻,2022139,福泰1A,广西米高农业开发有限公司
广东,绿黄占,七袋占1号×绿珍占8号,籼型常规稻,广东省农业科学院水稻研究所,粤审稻1999007,粤审稻,1999007,七袋占1号,广东省农业科学院水稻研究所
广西,新丰3号,美占×F3303,籼型常规稻,广西麟丰种业有限公司,桂审稻2022171号,桂审稻,2022171,美占,广西麟丰种业有限公司
广西,田两优705,绿田S×705R,籼型两系杂交稻,贺州市绿田农作物研究所,桂审稻2018006号,桂审稻,2018006,绿田S,贺州市绿田农作物研究所
广西,瑞两优1819,瑞S×R1819,籼型两系杂交稻,广西瑞特种子有限责任公司,桂审稻2022091号,桂审稻,2022091,瑞S,广西瑞特种子有限责任公司
广西,坤两优3号,坤S×恒恢3号,籼型两系杂交稻,广西恒茂农业科技有限公司等,桂审稻2018111号,桂审稻,2018111,坤S,广西恒茂农业科技有限公司
广西,上优香8,上A×恒恢8号,籼型三系杂交稻,广西恒茂农业科技有限公司等,桂审稻2021072号,桂审稻,2021072,上A,广西恒茂农业科技有限公司
广西,深两优332,深08S×R332,籼型两系杂交稻,深圳市兆农农业科技有限公司,桂审稻2019187号,桂审稻,2019187,深08S,深圳市兆农农业科技有限公司
广西,竞优153,竞优A×桂恢153,籼型三系杂交稻,广西壮族自治区农业科学院水稻研究所,桂审稻2018005号,桂审稻,2018005,竞优A,广西壮族自治区农业科学院水稻研究所
广西,信两优625,信99S×华恢625,籼型两系杂交稻,华南农业大学农学院,桂审稻2016015号,桂审稻,2016015,信99S,华南农业大学农学院
广西,吉田优粤农丝苗,吉田A×粤农丝苗,籼型三系杂交稻,北京金色农华种业科技股份有限公司等,桂审稻2020019号,桂审稻,2020019,吉田A,北京金色农华种业科技股份有限公司
广西,永3优华占,永3A×华占,籼型三系杂交稻,湖南神农大丰种业科技有限责任公司,桂审稻2019034号,桂审稻,2019034,永3A,湖南神农大丰种业科技有限责任公司
广东,广优159,丛广41A×R159,籼型三系杂交稻,湛江农业专科学校,粤审稻1994001,粤审稻,1994001,丛广41A,湛江农业专科学校
广西,韵两优827,韵2013S×R827,籼型两系杂交稻,袁隆平农业高科技股份有限公司等,桂审稻2020213号,桂审稻,2020213,韵2013S,袁隆平农业高科技股份有限公司
广西,科两优105,科S×L-105,籼型两系杂交稻,江西惠农种业有限公司,桂审稻2019186号,桂审稻,2019186,科S,江西惠农种业有限公司
广西,悦香优6188,悦香A×R6188,籼型三系杂交稻,广西万禾种业有限公司等,桂审稻2019124号,桂审稻,2019124,悦香A,广西万禾种业有限公司
广东,胜泰1号,胜优2号×泰引1号,籼型常规稻,广东省农业科学院水稻研究所,粤审稻1999006,粤审稻,1999006,胜优2号,广东省农业科学院水稻研究所
广西,隆优丝占,隆香634A×丝占,籼型三系杂交稻,广西恒茂农业科技有限公司等,桂审稻2019003号,桂审稻,2019003,隆香634A,广西恒茂农业科技有限公司
广西,深两优898,深08S×P3398,籼型两系杂交稻,广东兆华种业有限公司,桂审稻2020212号,桂审稻,2020212,深08S,广东兆华种业有限公司
广西,百香优125,百香A×R125,籼型三系杂交稻,广西百香高科种业有限公司,桂审稻2017018号,桂审稻,2017018,百香A,广西百香高科种业有限公司
广西,禾两优1560,禾9S×金恢1560,籼型两系杂交稻,福建禾丰种业股份有限公司等,桂审稻2021052号,桂审稻,2021052,禾9S,福建禾丰种业股份有限公司
广西,晶两优534,晶4155S×R534,籼型两系杂交稻,袁隆平农业高科技股份有限公司等,桂审稻2018037号,桂审稻,2018037,晶4155S,袁隆平农业高科技股份有限公司
广西,玖两优292,33S×H292,籼型两系杂交稻,海南神农基因科技股份有限公司,桂审稻2018004号,桂审稻,2018004,33S,海南神农基因科技股份有限公司
广西,银丰优1238,银丰A×R1238,籼型三系杂交稻,广西仙德农业科技有限公司等,桂审稻2016014号,桂审稻,2016014,银丰A,广西仙德农业科技有限公司
广西,10香优郁香,10香A×郁香,籼型三系杂交稻,南宁谷源丰种业有限公司,桂审稻2020168号,桂审稻,2020168,10香A,南宁谷源丰种业有限公司
广西,Y两优1928,Y58S×R1928,籼型两系杂交稻,湖南天盛生物科技有限公司等,桂审稻2019185号,桂审稻,2019185,Y58S,湖南天盛生物科技有限公司
广西,赣73优明占,赣73A×改良的双抗明占,籼型三系杂交稻,三明市农业科学研究院等,桂审稻2021212号,桂审稻,2021212,赣73A,三明市农业科学研究院
广西,上优馥香占,上A×馥香占,籼型三系杂交稻,广西恒茂农业科技有限公司等,桂审稻2021071号,桂审稻,2021071,上A,广西恒茂农业科技有限公司
广西,针香优溢香,针香A×溢香,籼型三系杂交稻,南宁谷源丰种业有限公司,桂审稻2023076号,桂审稻,2023076,针香A,南宁谷源丰种业有限公司
广西,中昊优T37,中昊A×恒恢T37,籼型三系杂交稻,广西桂先种业有限公司等,桂审稻2019123号,桂审稻,2019123,中昊A,广西桂先种业有限公司
广西,秦优866,秦早A×R866,籼型三系杂交稻,江西金信种业有限公司,桂审稻2019033号,桂审稻,2019033,秦早A,江西金信种业有限公司
广东,丰澳占,澳青占×丰青矮,籼型常规稻,广东省农业科学院水稻研究所,粤审稻1999005,粤审稻,1999005,澳青占,广东省农业科学院水稻研究所
广西,春两优29,春S×R29,籼型两系杂交稻,贺州市农业科学院等,桂审稻2020018号,桂审稻,2020018,春S,贺州市农业科学院
广西,五优886,五丰A×R886,籼型三系杂交稻,中国农业科学院深圳农业基因研究所,桂审稻2022090号,桂审稻,2022090,五丰A,中国农业科学院深圳农业基因研究所
广东,广优4号,丛广41A×青六矮1号,籼型三系杂交稻,广东省农业科学院水稻研究所,粤审稻1993001,粤审稻,1993001,丛广41A,广东省农业科学院水稻研究所
广西,深两优841,深08S×R1341,籼型两系杂交稻,湖南隆平种业有限公司,桂审稻2019184号,桂审稻,2019184,深08S,湖南隆平种业有限公司
广西,早丰优33,早丰A×E33-1,籼型三系杂交稻,北京金色农华种业科技股份有限公司等,桂审稻2019002号,桂审稻,2019002,早丰A,北京金色农华种业科技股份有限公司
广西,畅优1082,畅A×桂1082,籼型三系杂交稻,广西壮族自治区农业科学院水稻研究所,桂审稻2021051号,桂审稻,2021051,畅A,广西壮族自治区农业科学院水稻研究所
广西,深两优五山丝苗,深08S×五山丝苗,籼型两系杂交稻,江西天涯种业有限公司等,桂审稻2021211号,桂审稻,2021211,深08S,江西天涯种业有限公司
广西,坤两优1号,坤S×丙4114,籼型两系杂交稻,广西恒茂农业科技有限公司等,桂审稻2018110号,桂审稻,2018110,坤S,广西恒茂农业科技有限公司
广西,中研优739,中1A×泰739,籼型三系杂交稻,广东源泰农业科技有限公司等,桂审稻2016013号,桂审稻,2016013,中1A,广东源泰农业科技有限公司
广西,野香优红占,野香A×R红占,籼型三系杂交稻,广西绿海种业有限公司,桂审稻2019160号,桂审稻,2019160,野香A,广西绿海种业有限公司
广西,旌优781,旌7A×德恢381,籼型三系杂交稻,四川省农业科学院水稻高粱研究所,桂审稻2020211号,桂审稻,2020211,旌7A,四川省农业科学院水稻高粱研究所
广西,留香优15香,留香A×15香,籼型三系杂交稻,南宁谷源丰种业有限公司,桂审稻2020167号,桂审稻,2020167,留香A,南宁谷源丰种业有限公司
广西,桂两优5号,桂科-2S×桂539,籼型两系杂交稻,广西壮族自治区农业科学院水稻研究所,桂审稻2019001号,桂审稻,2019001,桂科-2S,广西壮族自治区农业科学院水稻研究所
广西,欣荣优粤农丝苗,欣荣A×粤农丝苗,籼型三系杂交稻,北京金色农华种业科技股份有限公司等,桂审稻2020017号,桂审稻,2020017,欣荣A,北京金色农华种业科技股份有限公司
广西,坤两优8号,坤S×恒恢8号,籼型两系杂交稻,广西恒茂农业科技有限公司等,桂审稻2019159号,桂审稻,2019159,坤S,广西恒茂农业科技有限公司
广西,T两优华占,T108S×华占,籼型两系杂交稻,福建旺福农业发展有限公司等,桂审稻2021050号,桂审稻,2021050,T108S,福建旺福农业发展有限公司
广西,又香优海香,又香A×海香,籼型三系杂交稻,广西兆和种业有限公司等,桂审稻2023075号,桂审稻,2023075,又香A,广西兆和种业有限公司
广西,忠糯1号,忠糯-1A×糯恢99-26,籼型三系杂交稻,重庆皇华种子有限公司,桂审稻2011006号,桂审稻,2011006,忠糯-1A,重庆皇华种子有限公司
广西,立丰优276,立丰A×JR276,籼型三系杂交稻,岑溪市振田水稻研究所,桂审稻2017017号,桂审稻,2017017,立丰A,岑溪市振田水稻研究所
广东,优优3550,优ⅠA×广恢3550,籼型三系杂交稻,广东省茂名市农业局杂优站,粤审稻1999004,粤审稻,1999004,优ⅠA,广东省茂名市农业局杂优站
广西,赣两优2303,赣68S×现恢早2303,籼型两系杂交稻,江西现代种业股份有限公司,桂审稻2018003号,桂审稻,2018003,赣68S,江西现代种业股份有限公司
广西,广稻优3318,广稻A×R3318,籼型三系杂交稻,广西大学等,桂审稻2022138号,桂审稻,2022138,广稻A,广西大学
广西,乾两优8号,乾S×恒恢8号,籼型两系杂交稻,广西恒茂农业科技有限公司等,桂审稻2018036号,桂审稻,2018036,乾S,广西恒茂农业科技有限公司
广西,香两优5号,香S×R5号,籼型两系杂交稻,广西瑞特种子有限责任公司等,桂审稻2022089号,桂审稻,2022089,香S,广西瑞特种子有限责任公司
广西,圣优108,圣丰2A×H108,籼型三系杂交稻,福建省建阳春天种业有限公司,桂审稻2019183号,桂审稻,2019183,圣丰2A,福建省建阳春天种业有限公司
广西,桂丰9号,缅甸常规稻×FG86,籼型常规稻,广西皓凯生物科技有限公司等,桂审稻2022170号,桂审稻,2022170,缅甸常规稻,广西皓凯生物科技有限公司
广西,兆两优9389,272S×R9389,籼型两系杂交稻,广西兆和种业有限公司,桂审稻2016012号,桂审稻,2016012,272S,广西兆和种业有限公司
广西,韵两优丝苗,韵2013S×黄粤丝苗,籼型两系杂交稻,袁隆平农业高科技股份有限公司等,桂审稻2021210号,桂审稻,2021210,韵2013S,袁隆平农业高科技股份有限公司
广东,陆青早1号,陆桂早2号×青谷矮3号,籼型常规稻,广东省农业科学院水稻研究所,粤审稻1992006,粤审稻,1992006,陆桂早2号,广东省农业科学院水稻研究所
广西,�挠�9901,��A×R9901,籼型三系杂交稻,广西百香高科种业有限公司,桂审稻2016011号,桂审稻,2016011,��A,广西百香高科种业有限公司
广西,坤两优华占,坤S×华占,籼型两系杂交稻,广西恒茂农业科技有限公司等,桂审稻2019158号,桂审稻,2019158,坤S,广西恒茂农业科技有限公司
广西,绿海优688,绿海A×R688,籼型三系杂交稻,广西绿海种业有限公司,桂审稻2018109号,桂审稻,2018109,绿海A,广西绿海种业有限公司
广西,卓优4号,卓A×H恢4号,籼型三系杂交稻,广东天弘种业有限公司,桂审稻2018139号,桂审稻,2018139,卓A,广东天弘种业有限公司
广西,又香优香丝苗,又香A×香丝苗,籼型三系杂交稻,广西兆和种业有限公司等,桂审稻2023074号,桂审稻,2023074,又香A,广西兆和种业有限公司
广东,三五糯,省糯3号×HB580,籼型常规稻,广东省农业科学院水稻研究所,粤审稻1992005,粤审稻,1992005,省糯3号,广东省农业科学院水稻研究所
广西,恒丰优426,恒丰A×粤恢426,籼型三系杂交稻,广东粤良种业有限公司,桂审稻2017016号,桂审稻,2017016,恒丰A,广东粤良种业有限公司
广西,泰优丽香占,泰2A×丽香占,籼型三系杂交稻,泸州泰丰种业有限公司等,桂审稻2021070号,桂审稻,2021070,泰2A,泸州泰丰种业有限公司
广西,益和优333,益和A×R333,籼型三系杂交稻,广西兆和种业有限公司,桂审稻2016010号,桂审稻,2016010,益和A,广西兆和种业有限公司
广西,丰田优981,丰田1A×桂981,籼型三系杂交稻,广西壮族自治区农业科学院水稻研究所,桂审稻2016009号,桂审稻,2016009,丰田1A,广西壮族自治区农业科学院水稻研究所
广西,徽两优183,1892S×R183,籼型两系杂交稻,广西大学等,桂审稻2020016号,桂审稻,2020016,1892S,广西大学
广西,百香优9978,百香A×R9978,籼型三系杂交稻,广西百香高科种业有限公司,桂审稻2016008号,桂审稻,2016008,百香A,广西百香高科种业有限公司
广西,群优1660,群A×R1660,籼型三系杂交稻,岑溪市朝阳农业科技有限公司,桂审稻2016007号,桂审稻,2016007,群A,岑溪市朝阳农业科技有限公司
广西,良相优玉稻,良相A×旌玉稻,籼型三系杂交稻,广西绿丰种业有限责任公司等,桂审稻2021049号,桂审稻,2021049,良相A,广西绿丰种业有限责任公司
广西,农香优雅占,农香A×雅占,籼型三系杂交稻,江西天涯种业有限公司等,桂审稻2019182号,桂审稻,2019182,农香A,江西天涯种业有限公司
广西,乾两优2号,乾S×P5662,籼型两系杂交稻,广西恒茂农业科技有限公司等,桂审稻2018035号,桂审稻,2018035,乾S,广西恒茂农业科技有限公司
广西,余香优126,余香A×R126,籼型三系杂交稻,广西皓凯生物科技有限公司等,桂审稻2023073号,桂审稻,2023073,余香A,广西皓凯生物科技有限公司
广西,昱香两优8号,昱香S×恒恢8号,籼型两系杂交稻,广西恒茂农业科技有限公司等,桂审稻2021069号,桂审稻,2021069,昱香S,广西恒茂农业科技有限公司
广西,欣荣优6307,欣荣A×R6307,籼型三系杂交稻,桂林市农业科学院等,桂审稻2018002号,桂审稻,2018002,欣荣A,桂林市农业科学院
广西,晶两优1206,晶4155S×R1206,籼型两系杂交稻,袁隆平农业高科技股份有限公司等,桂审稻2021209号,桂审稻,2021209,晶4155S,袁隆平农业高科技股份有限公司
广西,瑞两优1616,瑞S×R1616,籼型两系杂交稻,广西瑞特种子有限责任公司,桂审稻2018108号,桂审稻,2018108,瑞S,广西瑞特种子有限责任公司
广西,良相优868,良相A×R868,籼型三系杂交稻,广西绿丰种业有限责任公司等,桂审稻2021048号,桂审稻,2021048,良相A,广西绿丰种业有限责任公司
广西,宏泰优621,宏泰A×R621,籼型三系杂交稻,广西农业科学院水稻研究所等,桂审稻2019122号,桂审稻,2019122,宏泰A,广西农业科学院水稻研究所
广西,五优376,五丰A×广恢376,籼型三系杂交稻,广东省农业科学院水稻研究所,桂审稻2018138号,桂审稻,2018138,五丰A,广东省农业科学院水稻研究所
广西,更香优703,更香A×R703,籼型三系杂交稻,广西绿海种业有限公司,桂审稻2020160号,桂审稻,2020160,更香A,广西绿海种业有限公司
广西,五优369,五丰A×R369,籼型三系杂交稻,湖南泰邦农业科技股份有限公司等,桂审稻2018137号,桂审稻,2018137,五丰A,湖南泰邦农业科技股份有限公司
广西,高峰优1号,高峰A×R1,籼型三系杂交稻,广西绿海种业有限公司,桂审稻2020159号,桂审稻,2020159,高峰A,广西绿海种业有限公司
广西,恒丰优华占,恒丰A×华占,籼型三系杂交稻,广东粤良种业有限公司等,桂审稻2016006号,桂审稻,2016006,恒丰A,广东粤良种业有限公司
广西,兰香优577,兰香A×R577,籼型三系杂交稻,广西佳万家农业科技有限公司等,桂审稻2023072号,桂审稻,2023072,兰香A,广西佳万家农业科技有限公司
广西,��1优1068,��1A×R1068,籼型三系杂交稻,广西百香高科种业有限公司,桂审稻2020158号,桂审稻,2020158,��1A,广西百香高科种业有限公司
广西,泰优398,泰丰A×广恢398,籼型三系杂交稻,广东省农业科学院水稻研究所,桂审稻2018136号,桂审稻,2018136,泰丰A,广东省农业科学院水稻研究所
广西,隆8优丝苗,隆8A×黄粤丝苗,籼型三系杂交稻,袁隆平农业高科技股份有限公司等,桂审稻2021208号,桂审稻,2021208,隆8A,袁隆平农业高科技股份有限公司
广西,昱香两优馥香占,昱香S×馥香占,籼型两系杂交稻,袁隆平农业高科技股份有限公司等,桂审稻2021068号,桂审稻,2021068,昱香S,袁隆平农业高科技股份有限公司
广西,骏香23,沪旱稻×黄华占/96占,籼型常规稻,广西万禾种业有限公司等,桂审稻2019157号,桂审稻,2019157,沪旱稻,广西万禾种业有限公司
广西,正湘优1130,正湘A×正恢1130,籼型三系杂交稻,崇左市农业科学研究所等,桂审稻2018107号,桂审稻,2018107,正湘A,崇左市农业科学研究所
广西,创两优4418,创5S×4418,籼型两系杂交稻,江西天涯种业有限公司,桂审稻2019181号,桂审稻,2019181,创5S,江西天涯种业有限公司
广西,满香优905,满香16A×R905,籼型三系杂交稻,广西仙德农业科技有限公司,桂审稻2020015号,桂审稻,2020015,满香16A,广西仙德农业科技有限公司
广西,H两优5872,HD9802S×R5872,籼型两系杂交稻,广西兆和种业有限公司,桂审稻2017015号,桂审稻,2017015,HD9802S,广西兆和种业有限公司
广西,渝香203,宜香1A×渝恢2103,籼型三系杂交稻,重庆再生稻研究中心等,桂审稻2020210号,桂审稻,2020210,宜香1A,重庆再生稻研究中心
广西,欣荣优0861,欣荣A×R0861,籼型三系杂交稻,北京金色农华种业科技股份有限公司等,桂审稻2018034号,桂审稻,2018034,欣荣A,北京金色农华种业科技股份有限公司
广西,耀丰优129,耀丰A×R129,籼型三系杂交稻,广西南宁良农种业有限公司,桂审稻2018106号,桂审稻,2018106,耀丰A,广西南宁良农种业有限公司
广西,巡两优705,巡天15S×R7051,籼型两系杂交稻,广西绿田种业有限公司,桂审稻2016005号,桂审稻,2016005,巡天15S,广西绿田种业有限公司
广西,丰惠2668,桂林农家品种×黄壳油占,籼型常规稻,广西中惠农业科技有限公司等,桂审稻2019156号,桂审稻,2019156,桂林农家品种,广西中惠农业科技有限公司
广西,梦两优534,梦S×R534,籼型两系杂交稻,湖南隆平种业有限公司等,桂审稻2021207号,桂审稻,2021207,梦S,湖南隆平种业有限公司
广西,浙两优576,浙科52S×R恢576,籼型两系杂交稻,浙江农科种业有限公司等,桂审稻2021047号,桂审稻,2021047,浙科52S,浙江农科种业有限公司
广西,旌优华占,旌9A×华占,籼型三系杂交稻,四川省农业科学院水稻高粱研究所等,桂审稻2017014号,桂审稻,2017014,旌9A,四川省农业科学院水稻高粱研究所
广西,软华优55,G软华A×R55,籼型三系杂交稻,华南农业大学农学院,桂审稻2017013号,桂审稻,2017013,G软华A,华南农业大学农学院
广西,桂浙优8699,桂浙A×R8699,籼型三系杂交稻,广西万禾种业有限公司,桂审稻2023071号,桂审稻,2023071,桂浙A,广西万禾种业有限公司
广西,野香优冰丝,野香A×R冰丝,籼型三系杂交稻,广西绿海种业有限公司,桂审稻2020157号,桂审稻,2020157,野香A,广西绿海种业有限公司
广西,芳菲丝苗,矮三芦占/籼油占×美香占2号,籼型常规稻,广西中惠农业科技有限公司等,桂审稻2022169号,桂审稻,2022169,矮三芦占/籼油占,广西中惠农业科技有限公司
广西,德两优华占,德S×华占,籼型两系杂交稻,湖南金健种业科技有限公司等,桂审稻2019032号,桂审稻,2019032,德S,湖南金健种业科技有限公司
广西,航两优1372,绿航228S×R1372,籼型两系杂交稻,广西绿田种业有限公司等,桂审稻2018001号,桂审稻,2018001,绿航228S,广西绿田种业有限公司
广西,蓉18优2348,蓉18A×雅恢2348,籼型三系杂交稻,四川众智种业科技有限公司,桂审稻2019180号,桂审稻,2019180,蓉18A,四川众智种业科技有限公司
广西,深优9582,深95A×R9582,籼型三系杂交稻,上饶市农业科学研究所,桂审稻2018135号,桂审稻,2018135,深95A,上饶市农业科学研究所
广西,隆优4945,隆香634A×R4945,籼型三系杂交稻,袁隆平农业高科技股份有限公司等,桂审稻2018134号,桂审稻,2018134,隆香634A,袁隆平农业高科技股份有限公司
广西,丰两优5号,丰39S×R9501,籼型两系杂交稻,合肥丰乐种业股份有限公司,桂审稻2011005号,桂审稻,2011005,丰39S,合肥丰乐种业股份有限公司
广西,万香696,桂R106×05占/马坝香占,籼型常规稻,广西万禾种业有限公司等,桂审稻2019155号,桂审稻,2019155,桂R106,广西万禾种业有限公司
广西,祥丰优036,祥丰A×R瑞恢036,籼型三系杂交稻,广西皓凯生物科技有限公司等,桂审稻2019121号,桂审稻,2019121,祥丰A,广西皓凯生物科技有限公司
广西,隆优3155,隆香634A×R3155,籼型三系杂交稻,湖南隆平种业有限公司,桂审稻2018133号,桂审稻,2018133,隆香634A,湖南隆平种业有限公司
广西,Y两优1109,Y58S×R1109,籼型两系杂交稻,谢华安种业科技(福建)有限公司等,桂审稻2016004号,桂审稻,2016004,Y58S,谢华安种业科技(福建)有限公司
广西,天优96,天A×R科96,籼型三系杂交稻,广西科泰种业有限公司,桂审稻2008005号,桂审稻,2008005,天A,广西科泰种业有限公司
广西,荃两优2118,荃211S×YR0822,籼型两系杂交稻,安徽荃银高科种业股份有限公司等,桂审稻2022137号,桂审稻,2022137,荃211S,安徽荃银高科种业股份有限公司
广西,隆晶优华占,隆晶4302A×华占,籼型三系杂交稻,湖南隆平高科种业科学研究院有限公司等,桂审稻2021067号,桂审稻,2021067,隆晶4302A,湖南隆平高科种业科学研究院有限公司
广西,K两优369,K12S×H369,籼型两系杂交稻,福建丰田种业有限公司,桂审稻2021206号,桂审稻,2021206,K12S,福建丰田种业有限公司
广东,优优晚3,优ⅠA×晚3,籼型三系杂交稻,广东省湛江杂优研究中心,粤审稻1999003,粤审稻,1999003,优ⅠA,广东省湛江杂优研究中心
广西,荃两优427,342S×R427,籼型两系杂交稻,广西荃鸿农业科技有限公司等,桂审稻2020166号,桂审稻,2020166,342S,广西荃鸿农业科技有限公司
广西,润丰香占,虾稻1号×虾稻1号///华润2号//R825/华润2号,籼型常规稻,湖北鄂科华泰种业股份有限公司等,桂审稻2022168号,桂审稻,2022168,虾稻1号,湖北鄂科华泰种业股份有限公司
广西,软华优831,G软华A×桂831,籼型三系杂交稻,广西壮族自治区农业科学院水稻研究所,桂审稻2017012号,桂审稻,2017012,G软华A,广西壮族自治区农业科学院水稻研究所
广西,灵丰616,灵丰A×屯恢616,籼型三系杂交稻,广西桂穗种业有限公司,桂审稻2018033号,桂审稻,2018033,灵丰A,广西桂穗种业有限公司
广西,野香优12,野香A×R12,籼型三系杂交稻,广西绿海种业有限公司,桂审稻2020014号,桂审稻,2020014,野香A,广西绿海种业有限公司
广西,五优103,五丰A×R103,籼型三系杂交稻,南昌市德民农业科技有限公司等,桂审稻2017053号,桂审稻,2017053,五丰A,南昌市德民农业科技有限公司
广西,珞优9348,珞红4A×成恢9348,籼型三系杂交稻,武汉国英种业有限责任公司等,桂审稻2019179号,桂审稻,2019179,珞红4A,武汉国英种业有限责任公司
广西,巡两优907,巡天13S×R907,籼型两系杂交稻,贺州市农业科学院等,桂审稻2020165号,桂审稻,2020165,巡天13S,贺州市农业科学院
广西,甬优4949,甬粳49A×F9249,籼粳交三系杂交稻,宁波市种子有限公司等,桂审稻2016003号,桂审稻,2016003,甬粳49A,宁波市种子有限公司
广西,秀优1315,秀A×正恢1315,籼型三系杂交稻,海南神农基因科技股份有限公司等,桂审稻2018105号,桂审稻,2018105,秀A,海南神农基因科技股份有限公司
广西,广丰优036,广丰A×R瑞恢036,籼型三系杂交稻,广西皓凯生物科技有限公司等,桂审稻2019120号,桂审稻,2019120,广丰A,广西皓凯生物科技有限公司
广西,金优408,金23A×测408,籼型三系杂交稻,李昌发,桂审稻2008004号,桂审稻,2008004,金23A,李昌发
广西,桃湘优莉晶,桃湘A×R莉晶,籼型三系杂交稻,湖南桃花源农业科技股份有限公司等,桂审稻2020090号,桂审稻,2020090,桃湘A,湖南桃花源农业科技股份有限公司
广西,软华优131,G软华A×优恢131,籼型三系杂交稻,广西壮族自治区农业科学院水稻研究所等,桂审稻2020013号,桂审稻,2020013,G软华A,广西壮族自治区农业科学院水稻研究所
广西,五乡优1918,五乡A×华恢1918,籼型三系杂交稻,北京金色农华种业科技股份有限公司等,桂审稻2020164号,桂审稻,2020164,五乡A,北京金色农华种业科技股份有限公司
广西,春两优香晶占,春80S×香晶占,籼型两系杂交稻,广西南宁福瑞种业有限公司等,桂审稻2023070号,桂审稻,2023070,春80S,广西南宁福瑞种业有限公司
广西,万象优双占,万象A×双占,籼型三系杂交稻,江西红一种业科技股份有限公司,桂审稻2019031号,桂审稻,2019031,万象A,江西红一种业科技股份有限公司
广西,鼎烽2号,合美占×黄华占,籼型常规稻,广西鼎烽种业有限公司,桂审稻2019154号,桂审稻,2019154,合美占,广西鼎烽种业有限公司
广西,华浙优1561,华浙2A×桂恢1561,籼型三系杂交稻,广西壮族自治区农业科学院水稻研究所等,桂审稻2020089号,桂审稻,2020089,华浙2A,广西壮族自治区农业科学院水稻研究所
广西,两优234,Bph68s×R610234,籼型两系杂交稻,武汉大学生命科学学院,桂审稻2019178号,桂审稻,2019178,Bph68s,武汉大学生命科学学院
广西,联优362,联A×桂362,籼型三系杂交稻,广西农业科学院水稻研究所,桂审稻2011004号,桂审稻,2011004,联A,广西农业科学院水稻研究所
广西,早优美占,早丰A×美占,籼型三系杂交稻,广西恒茂农业科技有限公司等,桂审稻2018032号,桂审稻,2018032,早丰A,广西恒茂农业科技有限公司
广西,金九优玉占,金九A×R玉占,籼型三系杂交稻,广西大学等,桂审稻2020156号,桂审稻,2020156,金九A,广西大学
广西,百香优1022,百香A×R1022,籼型三系杂交稻,广西百香高科种业有限公司,桂审稻2020088号,桂审稻,2020088,百香A,广西百香高科种业有限公司
广西,万象优337,万象A×R337,籼型三系杂交稻,江西红一种业科技股份有限公司等,桂审稻2019030号,桂审稻,2019030,万象A,江西红一种业科技股份有限公司
广西,早优星占,早丰A×星占,籼型三系杂交稻,江西普胜农业开发有限责任公司等,桂审稻2019029号,桂审稻,2019029,早丰A,江西普胜农业开发有限责任公司
广西,恒丰优666,恒丰A×粤恢666,籼型三系杂交稻,广东粤良种业有限公司,桂审稻2016002号,桂审稻,2016002,恒丰A,广东粤良种业有限公司
广西,壮香优银儿,壮香A×银儿,籼型三系杂交稻,广西白金种子股份有限公司等,桂审稻2020087号,桂审稻,2020087,壮香A,广西白金种子股份有限公司
广西,荃优雅占,荃9311A×雅占,籼型三系杂交稻,江西天涯种业有限公司等,桂审稻2018104号,桂审稻,2018104,荃9311A,江西天涯种业有限公司
广西,泰优5776,泰丰A×广恢5776,籼型三系杂交稻,广东省农业科学院水稻研究所等,桂审稻2021066号,桂审稻,2021066,泰丰A,广东省农业科学院水稻研究所
广西,甬优6756,甬粳67A×F156,籼型三系杂交稻,宁波种业股份有限公司,桂审稻2023069号,桂审稻,2023069,甬粳67A,宁波种业股份有限公司
广西,创两优宏占,创5S×宏占,籼型两系杂交稻,袁氏种业高科技有限公司,桂审稻2020209号,桂审稻,2020209,创5S,袁氏种业高科技有限公司
广西,金泰优32,金泰A×容恢32,籼型三系杂交稻,福建农林大学作物科学学院等,桂审稻2019119号,桂审稻,2019119,金泰A,福建农林大学作物科学学院
广西,五优1906,五丰A×茂恢1906,籼型三系杂交稻,广东华茂高科种业有限公司等,桂审稻2019028号,桂审稻,2019028,五丰A,广东华茂高科种业有限公司
广西,隆香优华占,隆香634A×华占,籼型三系杂交稻,湖南隆平种业有限公司等,桂审稻2018132号,桂审稻,2018132,隆香634A,湖南隆平种业有限公司
广西,宜香优1108,宜香1A×宜恢1108,籼型三系杂交稻,宜宾市农业科学院,桂审稻2019177号,桂审稻,2019177,宜香1A,宜宾市农业科学院
广西,广粮香2号,田东香×早香1号,籼型常规稻,广西粮发种业有限公司等,桂审稻2019153号,桂审稻,2019153,田东香,广西粮发种业有限公司
广西,穗香优963,穗香A×屯恢963,籼型三系杂交稻,广西桂穗种业有限公司,桂审稻2019118号,桂审稻,2019118,穗香A,广西桂穗种业有限公司
广西,徽两优丝苗,1892S×五山丝苗,籼型两系杂交稻,安徽荃银高科种业股份有限公司等,桂审稻2020163号,桂审稻,2020163,1892S,安徽荃银高科种业股份有限公司
广西,鑫丰优868,鑫丰A×R868,籼型三系杂交稻,广西百香高科种业有限公司,桂审稻2018031号,桂审稻,2018031,鑫丰A,广西百香高科种业有限公司
广西,吉田优622,吉田A×泰622,籼型三系杂交稻,广东源泰农业科技有限公司等,桂审稻2018131号,桂审稻,2018131,吉田A,广东源泰农业科技有限公司
广西,五优618,五丰A×广恢618,籼型三系杂交稻,广东省农业科学院水稻研究所等,桂审稻2018130号,桂审稻,2018130,五丰A,广东省农业科学院水稻研究所
广西,特优2278,龙特甫A×玉恢2278,籼型三系杂交稻,玉林市农业科学院等,桂审稻2016001号,桂审稻,2016001,龙特甫A,玉林市农业科学院
广西,桂育12,桂育9号×野丰占,籼型常规稻,广西壮族自治区农业科学院水稻研究所,桂审稻2019152号,桂审稻,2019152,桂育9号,广西壮族自治区农业科学院水稻研究所
广西,野香优新华粘,野香A×新华粘,籼型三系杂交稻,广西绿海种业有限公司,桂审稻2020155号,桂审稻,2020155,野香A,广西绿海种业有限公司
广西,特优2155,龙特甫A×明恢2155,籼型三系杂交稻,福建省三明市农业科学研究所等,桂审稻2008003号,桂审稻,2008003,龙特甫A,福建省三明市农业科学研究所
广西,金香优6号,金香A×中种恢6号,籼型三系杂交稻,中种华南(广州)种业有限公司,桂审稻2020086号,桂审稻,2020086,金香A,中种华南(广州)种业有限公司
广西,五乡优粤农丝苗,五乡A×粤农丝苗,籼型三系杂交稻,北京金色农华种业科技股份有限公司等,桂审稻2021046号,桂审稻,2021046,五乡A,北京金色农华种业科技股份有限公司
广西,文两优1240,文33S×台恢1240,籼型两系杂交稻,华南农业大学等,桂审稻2022136号,桂审稻,2022136,文33S,华南农业大学
广西,孟两优2816,孟S×R2816,籼型两系杂交稻,广西绿田种业有限公司,桂审稻2011003号,桂审稻,2011003,孟S,广西绿田种业有限公司
广西,特优1598,龙特浦A×R1598,籼型三系杂交稻,广西和生生物科技有限公司,桂审稻2017011号,桂审稻,2017011,龙特浦A,广西和生生物科技有限公司
广西,又香优龙丝苗,又香A×龙丝苗,籼型三系杂交稻,广西兆和种业有限公司,桂审稻2019117号,桂审稻,2019117,又香A,广西兆和种业有限公司
广西,广泰优华占,广泰A×华占,籼型三系杂交稻,广东省农业科学院水稻研究所等,桂审稻2019027号,桂审稻,2019027,广泰A,广东省农业科学院水稻研究所
广西,广8优兆香丝苗,广8A×兆香丝苗,籼型三系杂交稻,广西兆和种业有限公司等,桂审稻2019116号,桂审稻,2019116,广8A,广西兆和种业有限公司
广西,昌两优丝苗,昌S×粤银丝苗,籼型两系杂交稻,广西恒茂农业科技有限公司等,桂审稻2019115号,桂审稻,2019115,昌S,广西恒茂农业科技有限公司
广西,泰丰优208,泰丰A×广恢208,籼型三系杂交稻,广东省农业科学院水稻研究所等,桂审稻2018129号,桂审稻,2018129,泰丰A,广东省农业科学院水稻研究所
广西,鑫满6号,TR519×广恢998,籼型常规稻,广西象州黄氏水稻研究所,桂审稻2015034号,桂审稻,2015034,TR519,广西象州黄氏水稻研究所
广西,甜优3号,甜A×正恢2918,籼型三系杂交稻,广西桂稻香农作物研究所有限公司等,桂审稻2020085号,桂审稻,2020085,甜A,广西桂稻香农作物研究所有限公司
广西,泸优11,LF308A×川种R110,籼型三系杂交稻,四川省农业科学院水稻高梁研究所等,桂审稻2011002号,桂审稻,2011002,LF308A,四川省农业科学院水稻高梁研究所
广西,盛泰优018,盛泰A×R018,籼型三系杂交稻,湖南洞庭高科种业股份有限公司等,桂审稻2017052号,桂审稻,2017052,盛泰A,湖南洞庭高科种业股份有限公司
广西,圻优钰禾,圻A×钰禾,籼型三系杂交稻,广西万川种业有限公司等,桂审稻2023068号,桂审稻,2023068,圻A,广西万川种业有限公司
广西,N两优鑫占,N111S×鑫占,籼型两系杂交稻,广西荃鸿种业发展有限公司等,桂审稻2018103号,桂审稻,2018103,N111S,广西荃鸿种业发展有限公司
广西,隆两优899,安隆3S×R0899,籼型两系杂交稻,安徽隆平高科种业有限公司,桂审稻2019176号,桂审稻,2019176,安隆3S,安徽隆平高科种业有限公司
广西,韵两优332,韵2013S×W332,籼型两系杂交稻,湖南隆平种业有限公司等,桂审稻2020208号,桂审稻,2020208,韵2013S,湖南隆平种业有限公司
广西,粮发香丝,黄壳香占×野丝占,籼型常规稻,广西恒茂农业科技有限公司等,桂审稻2019151号,桂审稻,2019151,黄壳香占,广西恒茂农业科技有限公司
广西,威优608,威20A×中恢608,籼型三系杂交稻,广西中农种业有限公司,桂审稻2008002号,桂审稻,2008002,威20A,广西中农种业有限公司
广西,早丰优华占,早丰A×华占,籼型三系杂交稻,中国水稻研究所等,桂审稻2019026号,桂审稻,2019026,早丰A,中国水稻研究所
广西,武大优1号,武大A×富恢1512,籼型三系杂交稻,广西桂稻香农作物研究所有限公司等,桂审稻2021045号,桂审稻,2021045,武大A,广西桂稻香农作物研究所有限公司
广西,桂育11号,黄华占×力源占2号,籼型常规稻,广西壮族自治区农业科学院水稻研究所,桂审稻2018030号,桂审稻,2018030,黄华占,广西壮族自治区农业科学院水稻研究所
广西,泷两优868,泷S×正恢868,籼型两系杂交稻,广西桂稻香农作物研究所有限公司等,桂审稻2020084号,桂审稻,2020084,泷S,广西桂稻香农作物研究所有限公司
广西,先优桂香占,先A×R桂香占,籼型三系杂交稻,广西大学等,桂审稻2019114号,桂审稻,2019114,先A,广西大学
广西,大丰两优175,大丰9S×R17～5,籼型两系杂交稻,安徽丰大种业股份有限公司,桂审稻2020083号,桂审稻,2020083,大丰9S,安徽丰大种业股份有限公司
广西,五优61,五丰A×R61,籼型三系杂交稻,江西天涯种业有限公司等,桂审稻2018128号,桂审稻,2018128,五丰A,江西天涯种业有限公司
广西,泰优983,泰29A×泰恢2283,籼型三系杂交稻,泸州泰丰种业有限公司,桂审稻2017010号,桂审稻,2017010,泰29A,泸州泰丰种业有限公司
广西,两优688,SE21S×南恢688,籼型两系杂交稻,福建省南平市农业科学研究所等,桂审稻2019175号,桂审稻,2019175,SE21S,福建省南平市农业科学研究所
广西,隆两优836,隆科638S×R336,籼型两系杂交稻,安徽隆平高科种业有限公司,桂审稻2019174号,桂审稻,2019174,隆科638S,安徽隆平高科种业有限公司
广西,福湘优1466,福湘A×R1466,籼型三系杂交稻,广西恒茂农业科技有限公司等,桂审稻2023067号,桂审稻,2023067,福湘A,广西恒茂农业科技有限公司
广西,岳优803,岳4A×TR8033,籼型三系杂交稻,唐建忠等,桂审稻2011001号,桂审稻,2011001,岳4A,唐建忠
广西,桂浙优9号,桂浙A×桂恢9号,籼型三系杂交稻,广西皓凯生物科技有限公司等,桂审稻2018102号,桂审稻,2018102,桂浙A,广西皓凯生物科技有限公司
广西,耐德1号,玉香油占×超优1号,籼型常规稻,广西耐德农业科技开发有限公司,桂审稻2015033号,桂审稻,2015033,玉香油占,广西耐德农业科技开发有限公司
广西,又得优178,又得A×恒恢178,籼型三系杂交稻,广西南宁华稻种业有限责任公司,桂审稻2021044号,桂审稻,2021044,又得A,广西南宁华稻种业有限责任公司
广西,荃优粤农丝苗,荃9311A×粤农丝苗,籼型三系杂交稻,北京金色农华种业科技股份有限公司等,桂审稻2020082号,桂审稻,2020082,荃9311A,北京金色农华种业科技股份有限公司
广西,惠丰优粜占,惠丰A×屯恢粜占,籼型三系杂交稻,广西壮族自治区博白县农业科学研究所等,桂审稻2020012号,桂审稻,2020012,惠丰A,广西壮族自治区博白县农业科学研究所
广西,明两优829,明香10S×明恢829,籼型两系杂交稻,三明市农业科学研究所,桂审稻2019173号,桂审稻,2019173,明香10S,三明市农业科学研究所
广西,博Ⅲ优7866,博ⅢA×R7866,籼型三系杂交稻,广西皓凯生物科技有限公司等,桂审稻2018101号,桂审稻,2018101,博ⅢA,广西皓凯生物科技有限公司
广西,C两优华占,C815S×华占,籼型两系杂交稻,湖南金色农华种业科技有限公司,桂审稻2019172号,桂审稻,2019172,C815S,湖南金色农华种业科技有限公司
广西,友香糯806,桂D1号×科香糯/博白香糯,籼型常规稻,广西金百禾种业有限公司,桂审稻2018127号,桂审稻,2018127,桂D1号,广西金百禾种业有限公司
广西,准两优1383,准S×R1383,籼型两系杂交稻,南宁市沃德农作物研究所等,桂审稻2008001号,桂审稻,2008001,准S,南宁市沃德农作物研究所
广西,野香优糖丝,野香A×R糖丝,籼型三系杂交稻,广西壮族自治区农业科学院水稻研究所等,桂审稻2020154号,桂审稻,2020154,野香A,广西壮族自治区农业科学院水稻研究所
广西,贡香188,贡香×F1401,籼型常规稻,广西皓凯生物科技有限公司等,桂审稻2022167号,桂审稻,2022167,贡香,广西皓凯生物科技有限公司
广西,泸优164,泸香618A×明恢164,籼型三系杂交稻,三明市农业科学研究院等,桂审稻2017009号,桂审稻,2017009,泸香618A,三明市农业科学研究院
广西,壮香优1252,壮香A×白金1252,籼型三系杂交稻,广西白金种子股份有限公司,桂审稻2020125号,桂审稻,2020125,壮香A,广西白金种子股份有限公司
广西,百香1339,R13×玉科占5号,籼型常规稻,广西百香高科种业有限公司,桂审稻2019150号,桂审稻,2019150,R13,广西百香高科种业有限公司
广西,坚A,Y华农A×坚B,籼型不育系,广西兆和种业有限公司,桂审稻2010030号,桂审稻,2010030,Y华农A,广西兆和种业有限公司
广西,华美占,中嘉早17/黄华占×合美占,籼型常规稻,广西恒茂农业科技有限公司,桂审稻2015032号,桂审稻,2015032,中嘉早17/黄华占,广西恒茂农业科技有限公司
广西,那优787,那丰A×R787,籼型三系杂交稻,广东省农业科学院水稻研究所等,桂审稻2021043号,桂审稻,2021043,那丰A,广东省农业科学院水稻研究所
广西,简两优534,简S×R534,籼型两系杂交稻,袁隆平农业高科技股份有限公司等,桂审稻2020207号,桂审稻,2020207,简S,袁隆平农业高科技股份有限公司
广西,孟两优151,孟S×R151,籼型两系杂交稻,广西绿田种业有限公司等,桂审稻2022135号,桂审稻,2022135,孟S,广西绿田种业有限公司
广西,绿两优田油占,绿9S×田油占101,籼型两系杂交稻,贺州市农业科学院等,桂审稻2020081号,桂审稻,2020081,绿9S,贺州市农业科学院
广西,荃优丝苗,荃9311A×五山丝苗,籼型三系杂交稻,安徽荃银高科种业股份有限公司等,桂审稻2017051号,桂审稻,2017051,荃9311A,安徽荃银高科种业股份有限公司
广西,万香优6188,万香A×R6188,籼型三系杂交稻,广西皓凯生物科技有限公司等,桂审稻2018100号,桂审稻,2018100,万香A,广西皓凯生物科技有限公司
广西,友香糯717,桂D1号×科香糯/西乡糯,籼型常规稻,广西金百禾种业有限公司,桂审稻2018126号,桂审稻,2018126,桂D1号,广西金百禾种业有限公司
广西,兆优5431,兆A×R5431,籼型三系杂交稻,深圳市兆农农业科技有限公司,桂审稻2020206号,桂审稻,2020206,兆A,深圳市兆农农业科技有限公司
广西,先丰A,优ⅠA×先丰B,籼型不育系,湖南省洪江先丰种业有限公司,桂审稻2007055号,桂审稻,2007055,优ⅠA,湖南省洪江先丰种业有限公司
广西,河西丰占2号,浓16/河西香×桂禾丰,籼型常规稻,河池市农业科学研究所等,桂审稻2019149号,桂审稻,2019149,浓16/河西香,河池市农业科学研究所
广西,兆丰优162,兆丰A×R162,籼型三系杂交稻,广西兆和种业有限公司,桂审稻2017050号,桂审稻,2017050,兆丰A,广西兆和种业有限公司
广西,化两优78,化57S×华恢78,籼型两系杂交稻,华南农业大学农学院,桂审稻2017008号,桂审稻,2017008,化57S,华南农业大学农学院
广西,兴泰优越占,兴泰A×越占,籼型三系杂交稻,广西博士园种业有限公司,桂审稻2020153号,桂审稻,2020153,兴泰A,广西博士园种业有限公司
广西,桂禾丰,合丰占×粤泰占,籼型常规稻,广西农业科学院水稻研究所,桂审稻2015031号,桂审稻,2015031,合丰占,广西农业科学院水稻研究所
广西,广珍优1598,广珍A×R1598,籼型三系杂交稻,广西稻花源农业科技有限公司,桂审稻2020080号,桂审稻,2020080,广珍A,广西稻花源农业科技有限公司
广西,丰田优1999,丰田1A×R1999,籼型三系杂交稻,广西金卡农业科技有限公司,桂审稻2019113号,桂审稻,2019113,丰田1A,广西金卡农业科技有限公司
广西,荃优0861,荃9311A×R0861,籼型三系杂交稻,江西先农种业有限公司等,桂审稻2019171号,桂审稻,2019171,荃9311A,江西先农种业有限公司
广西,润香优1466,润香A×R1466,籼型三系杂交稻,广西恒茂农业科技有限公司等,桂审稻2023066号,桂审稻,2023066,润香A,广西恒茂农业科技有限公司
广西,友香红稻,合丰占×柳丰香占/象州红米稻,籼型常规稻,广西金百禾种业有限公司,桂审稻2018125号,桂审稻,2018125,合丰占,广西金百禾种业有限公司
广西,绣占15,鄂丰28×丰美占,籼型常规稻,中垦锦绣华农武汉科技有限公司,桂审稻2018029号,桂审稻,2018029,鄂丰28,中垦锦绣华农武汉科技有限公司
广西,益和优162,益和A×R162,籼型三系杂交稻,广西兆和种业有限公司,桂审稻2017049号,桂审稻,2017049,益和A,广西兆和种业有限公司
广西,荃优280,荃9311A×M280,籼型三系杂交稻,安徽华安种业有限责任公司等,桂审稻2022134号,桂审稻,2022134,荃9311A,安徽华安种业有限责任公司
广西,华浙优22,华浙2A×华恢162,籼型三系杂交稻,中国水稻研究所等,桂审稻2020124号,桂审稻,2020124,华浙2A,中国水稻研究所
广西,徽两优华占,1892S×华占,籼型两系杂交稻,中国水稻研究所等,桂审稻2019170号,桂审稻,2019170,1892S,中国水稻研究所
广西,五优新华粘,五丰A×新华粘,籼型三系杂交稻,湖南永益农业科技发展有限公司等,桂审稻2019025号,桂审稻,2019025,五丰A,湖南永益农业科技发展有限公司
广西,丰顺优1号,丰顺A×R771,籼型三系杂交稻,广西金卡农业科技有限公司,桂审稻2019112号,桂审稻,2019112,丰顺A,广西金卡农业科技有限公司
广西,万香优3966,万香A×R3966,籼型三系杂交稻,广西皓凯生物科技有限公司等,桂审稻2018099号,桂审稻,2018099,万香A,广西皓凯生物科技有限公司
广西,清两优183,清S×R183,籼型两系杂交稻,长沙中亿丰农业科技有限公司,桂审稻2020123号,桂审稻,2020123,清S,长沙中亿丰农业科技有限公司
广西,发优1133,发A×R1133,籼型三系杂交稻,广西瑞特种子有限责任公司,桂审稻2019148号,桂审稻,2019148,发A,广西瑞特种子有限责任公司
广西,新梅优2号,新梅A×R2167,籼型三系杂交稻,博白县农业科学研究所,桂审稻2022133号,桂审稻,2022133,新梅A,博白县农业科学研究所
广西,万丰优银占,万丰A×R银占,籼型三系杂交稻,广西皓凯生物科技有限公司等,桂审稻2018098号,桂审稻,2018098,万丰A,广西皓凯生物科技有限公司
广西,特优660,龙特浦A×R660,籼型三系杂交稻,广西绿丰种业有限责任公司,桂审稻2021042号,桂审稻,2021042,龙特浦A,广西绿丰种业有限责任公司
广西,耀丰优131,耀丰A×R131,籼型三系杂交稻,广西南宁良农种业有限公司,桂审稻2019147号,桂审稻,2019147,耀丰A,广西南宁良农种业有限公司
广西,青优579,青A×桂579,籼型三系杂交稻,广西壮族自治区农业科学院水稻研究所,桂审稻2017007号,桂审稻,2017007,青A,广西壮族自治区农业科学院水稻研究所
广西,中浙2优金丝苗,中浙2A×金丝苗,籼型三系杂交稻,广东粤良种业有限公司等,桂审稻2020152号,桂审稻,2020152,中浙2A,广东粤良种业有限公司
广西,壮香优白金6,壮香A×白金6,籼型三系杂交稻,广西白金种子股份有限公司,桂审稻2020122号,桂审稻,2020122,壮香A,广西白金种子股份有限公司
广西,昌两优香58,昌S×恒香58,籼型两系杂交稻,广西恒茂农业科技有限公司等,桂审稻2023065号,桂审稻,2023065,昌S,广西恒茂农业科技有限公司
广西,徽两优181,1892S×R1601,籼型两系杂交稻,安徽丰大种业股份有限公司等,桂审稻2020162号,桂审稻,2020162,1892S,安徽丰大种业股份有限公司
广西,穗香优2816,穗香A×屯恢2816,籼型三系杂交稻,陆川县穗园农业良种培育中心等,桂审稻2020011号,桂审稻,2020011,穗香A,陆川县穗园农业良种培育中心
广西,信丰A,金23A×信丰B,籼型不育系,罗敬昭,桂审稻2007054号,桂审稻,2007054,金23A,罗敬昭
广西,美香新占,美香占2号,籼型常规稻,深圳市金谷美香实业有限公司,桂审稻2018028号,桂审稻,2018028,美香占2号,深圳市金谷美香实业有限公司
广西,力丰A,博A×力丰B,籼型不育系,广西兆和种业有限公司,桂审稻2010029号,桂审稻,2010029,博A,广西兆和种业有限公司
广西,两优98816,徽农S×R816,籼型两系杂交稻,合肥信达高科农业科学研究所,桂审稻2020205号,桂审稻,2020205,徽农S,合肥信达高科农业科学研究所
广西,桂育8号,力源占2号×银晶软占,籼型常规稻,广西农业科学院水稻研究所,桂审稻2015030号,桂审稻,2015030,力源占2号,广西农业科学院水稻研究所
广西,共两优340,共620S×R340,籼型两系杂交稻,广西兆和种业有限公司,桂审稻2017006号,桂审稻,2017006,共620S,广西兆和种业有限公司
广西,五优银占,五丰A×银占,籼型三系杂交稻,湖南永益农业科技发展有限公司等,桂审稻2019024号,桂审稻,2019024,五丰A,湖南永益农业科技发展有限公司
广西,宜香4245,宜香1A×宜恢4245,籼型三系杂交稻,宜宾市农业科学院,桂审稻2019169号,桂审稻,2019169,宜香1A,宜宾市农业科学院
广西,振优290,振丰A×广恢290,籼型三系杂交稻,广东省农业科学院水稻研究所,桂审稻2006055号,桂审稻,2006055,振丰A,广东省农业科学院水稻研究所
广西,昌两优华占,昌S×华占,籼型两系杂交稻,广西恒茂农业科技有限公司等,桂审稻2019111号,桂审稻,2019111,昌S,广西恒茂农业科技有限公司
广西,穗香优品丝,穗香A×屯恢品丝,籼型三系杂交稻,陆川县穗园农业良种培育中心,桂审稻2020010号,桂审稻,2020010,穗香A,陆川县穗园农业良种培育中心
广西,新梅优1号,新梅A×R2915,籼型三系杂交稻,博白县农业科学研究所,桂审稻2022132号,桂审稻,2022132,新梅A,博白县农业科学研究所
广西,宝丰A,博A×宝丰B,籼型不育系,罗敬昭,桂审稻2007053号,桂审稻,2007053,博A,罗敬昭
广西,万丰优6899,万丰A×R6899,籼型三系杂交稻,广西皓凯生物科技有限公司等,桂审稻2018097号,桂审稻,2018097,万丰A,广西皓凯生物科技有限公司
广西,软华优1179,G软华A×航恢1179,籼型三系杂交稻,国家植物航天育种工程技术研究中心（华南农业大学）等,桂审稻2019023号,桂审稻,2019023,G软华A,国家植物航天育种工程技术研究中心（华南农业大学）
广西,正湘优868,正湘A×正恢868,籼型三系杂交稻,南宁市桂稻香农作物研究所等,桂审稻2019146号,桂审稻,2019146,正湘A,南宁市桂稻香农作物研究所
广西,博优1168,博A×R1168,籼型三系杂交稻,广西稻花源农业科技有限公司,桂审稻2020151号,桂审稻,2020151,博A,广西稻花源农业科技有限公司
广西,河西丰占,浓16/河西香×合丰占,籼型常规稻,河池市农业科学研究所,桂审稻2018027号,桂审稻,2018027,浓16/河西香,河池市农业科学研究所
广西,博优26,博A×测26,籼型三系杂交稻,广西大学,桂审稻2006054号,桂审稻,2006054,博A,广西大学
广西,孟S,贺S×TO463,籼型不育系,广西绿田种业有限公司,桂审稻2010028号,桂审稻,2010028,贺S,广西绿田种业有限公司
广西,金农香占,金山丝苗×三合占1325,籼型常规稻,广西武宣仙香源农业开发有限公司等,桂审稻2022166号,桂审稻,2022166,金山丝苗,广西武宣仙香源农业开发有限公司
广西,隆优3206,隆香634A×AC3206,籼型三系杂交稻,湖南隆平种业有限公司,桂审稻2017005号,桂审稻,2017005,隆香634A,湖南隆平种业有限公司
广西,�挠�88,��A×R88,籼型三系杂交稻,广西百香高科种业有限公司,桂审稻2018026号,桂审稻,2018026,��A,广西百香高科种业有限公司
广西,广8优673,广8A×福恢673,籼型三系杂交稻,中国种子集团有限公司等,桂审稻2019168号,桂审稻,2019168,广8A,中国种子集团有限公司
广西,晶两优3206,晶4155S×AC3206,籼型两系杂交稻,袁隆平农业高科技股份有限公司等,桂审稻2020121号,桂审稻,2020121,晶4155S,袁隆平农业高科技股份有限公司
广西,广珍优1168,广珍A×R1168,籼型三系杂交稻,广西稻花源农业科技有限公司,桂审稻2020079号,桂审稻,2020079,广珍A,广西稻花源农业科技有限公司
广西,万常优6826,万常A×R6826,籼型三系杂交稻,广西皓凯生物科技有限公司等,桂审稻2018096号,桂审稻,2018096,万常A,广西皓凯生物科技有限公司
广西,更香优12,更香A×R12,籼型三系杂交稻,广西绿海种业有限公司,桂审稻2020009号,桂审稻,2020009,更香A,广西绿海种业有限公司
广西,高丰优689,高丰A×桂689,籼型三系杂交稻,广西壮族自治区农业科学院水稻研究所,桂审稻2019110号,桂审稻,2019110,高丰A,广西壮族自治区农业科学院水稻研究所
广西,博康优9678,博康A×R9678,籼型三系杂交稻,博白县农业科学研究所,桂审稻2021041号,桂审稻,2021041,博康A,博白县农业科学研究所
广西,高峰优5号,高峰A×R5,籼型三系杂交稻,广西绿海种业有限公司,桂审稻2020161号,桂审稻,2020161,高峰A,广西绿海种业有限公司
广西,泰两优1332,泰1S×R1332,籼型两系杂交稻,浙江科原种业有限公司等,桂审稻2019022号,桂审稻,2019022,泰1S,浙江科原种业有限公司
广西,Y两优2098,Y58S×R2098,籼型两系杂交稻,广西燕坤农业科技有限公司,桂审稻2019109号,桂审稻,2019109,Y58S,广西燕坤农业科技有限公司
广西,特优9516,龙特浦A×泰恢9516,籼型三系杂交稻,泸州泰丰种业有限公司等,桂审稻2021040号,桂审稻,2021040,龙特浦A,泸州泰丰种业有限公司
广西,中浙优28,中浙A×JH28,籼型三系杂交稻,中国水稻研究所等,桂审稻2022131号,桂审稻,2022131,中浙A,中国水稻研究所
广西,富4A,?×冈46B//优ⅠB/福尹B,籼型不育系,广西南宁中正种业有限公司,桂审稻2007052号,桂审稻,2007052,?,广西南宁中正种业有限公司
广西,华浙优26,华浙2A×恢26,籼型三系杂交稻,中国水稻研究所等,桂审稻2018025号,桂审稻,2018025,华浙2A,中国水稻研究所
广西,桂美丝香,兆香1号×合美占,籼型常规稻,广西壮族自治区农业科学院,桂审稻2022165号,桂审稻,2022165,兆香1号,广西壮族自治区农业科学院
广西,长香优8688,长香A×R8688,籼型三系杂交稻,广西万禾种业有限公司,桂审稻2020150号,桂审稻,2020150,长香A,广西万禾种业有限公司
广西,博Ⅲ优293,博ⅢA×R293,籼型三系杂交稻,广西壮族自治区博白县农业科学研究所,桂审稻2015029号,桂审稻,2015029,博ⅢA,广西壮族自治区博白县农业科学研究所
广西,利优3158,利达A×桂3158,籼型三系杂交稻,广西壮族自治区农业科学院水稻研究所,桂审稻2017004号,桂审稻,2017004,利达A,广西壮族自治区农业科学院水稻研究所
广西,亮A,金23A×亮B,籼型不育系,广西瑞特种子责任有限公司,桂审稻2010027号,桂审稻,2010027,金23A,广西瑞特种子责任有限公司
广西,广8优199,广8A×广恢199,籼型三系杂交稻,湖南金稻种业有限公司等,桂审稻2019167号,桂审稻,2019167,广8A,湖南金稻种业有限公司
广西,秀优363,秀A×正恢363,籼型三系杂交稻,南宁市桂稻香农作物研究所等,桂审稻2019145号,桂审稻,2019145,秀A,南宁市桂稻香农作物研究所
广西,恒丰优929,恒丰A×R929,籼型三系杂交稻,广西兆和种业有限公司,桂审稻2017048号,桂审稻,2017048,恒丰A,广西兆和种业有限公司
广西,桂乡优丝苗,桂乡A×丝苗,籼型三系杂交稻,广西鼎烽种业有限公司,桂审稻2020120号,桂审稻,2020120,桂乡A,广西鼎烽种业有限公司
广西,巧两优超占,喜08S×喜超占,籼型两系杂交稻,安徽喜多收种业科技有限公司,桂审稻2022130号,桂审稻,2022130,喜08S,安徽喜多收种业科技有限公司
广西,广星优289,广星A×R289,籼型三系杂交稻,四川仁寿金农种业有限公司等,桂审稻2018024号,桂审稻,2018024,广星A,四川仁寿金农种业有限公司
广西,南秀油占,南晶占/美油占×南秀软占,籼型常规稻,广东省农业科学院水稻研究所等,桂审稻2022164号,桂审稻,2022164,南晶占/美油占,广东省农业科学院水稻研究所
广西,百香优005,百香A×R005,籼型三系杂交稻,广西百香高科种业有限公司,桂审稻2019108号,桂审稻,2019108,百香A,广西百香高科种业有限公司
广西,晶两优1686,晶4155S×华恢1686,籼型两系杂交稻,袁隆平农业高科技股份有限公司等,桂审稻2021039号,桂审稻,2021039,晶4155S,袁隆平农业高科技股份有限公司
广西,泰两优217,泰1S×温恢217,籼型两系杂交稻,浙江科原种业有限公司等,桂审稻2020204号,桂审稻,2020204,泰1S,浙江科原种业有限公司
广西,林A,金23A×IR58025B/RTN24B,籼型不育系,李丁民，覃惜阴,桂审稻2007051号,桂审稻,2007051,金23A,李丁民，覃惜阴
广西,吉优8号,吉田A×R8,籼型三系杂交稻,连山壮族瑶族自治县农业科学研究所,桂审稻2019021号,桂审稻,2019021,吉田A,连山壮族瑶族自治县农业科学研究所
广西,广星优8689,广星A×R8689,籼型三系杂交稻,广西皓凯生物科技有限公司等,桂审稻2018095号,桂审稻,2018095,广星A,广西皓凯生物科技有限公司
广西,迪优1168,迪A×R1168,籼型三系杂交稻,广西瑞特种子有限责任公司等,桂审稻2020008号,桂审稻,2020008,迪A,广西瑞特种子有限责任公司
广西,秋长优2号,秋长A×R228,籼型三系杂交稻,博白县作物品种资源研究所,桂审稻2006053号,桂审稻,2006053,秋长A,博白县作物品种资源研究所
广西,先红优826,先红A×桂826,籼型三系杂交稻,广西壮族自治区农业科学院水稻研究所,桂审稻2020149号,桂审稻,2020149,先红A,广西壮族自治区农业科学院水稻研究所
广西,广和优华占,广和A×华占,籼型三系杂交稻,广西兆和种业有限公司,桂审稻2017047号,桂审稻,2017047,广和A,广西兆和种业有限公司
广西,秀优395,秀A×桂恢395,籼型三系杂交稻,广西农业科学院水稻研究所,桂审稻2015028号,桂审稻,2015028,秀A,广西农业科学院水稻研究所
广西,五优028,五丰A×R028,籼型三系杂交稻,江西先农种业有限公司,桂审稻2017003号,桂审稻,2017003,五丰A,江西先农种业有限公司
广西,亚霖3号,粤香占×七桂占,籼型常规稻,广西亚霖米业有限公司,桂审稻2010026号,桂审稻,2010026,粤香占,广西亚霖米业有限公司
广西,特优685,龙特浦A×桂685,籼型三系杂交稻,广西壮族自治区农业科学院水稻研究所等,桂审稻2020078号,桂审稻,2020078,龙特浦A,广西壮族自治区农业科学院水稻研究所
广西,诺两优6号,诺403S×R862,籼型两系杂交稻,福建科力种业有限公司等,桂审稻2021038号,桂审稻,2021038,诺403S,福建科力种业有限公司
广西,粳香优9号,粳香A×R9,籼型三系杂交稻,广西绿海种业有限公司,桂审稻2021037号,桂审稻,2021037,粳香A,广西绿海种业有限公司
广西,隆两优534,隆科638S×R534,籼型两系杂交稻,袁隆平农业高科技股份有限公司等,桂审稻2020203号,桂审稻,2020203,隆科638S,袁隆平农业高科技股份有限公司
广西,科德优3号,科德186A×R3号,籼型三系杂交稻,广西仙德农业科技有限公司,桂审稻2018094号,桂审稻,2018094,科德186A,广西仙德农业科技有限公司
广西,六香优锦丝占,六香A×锦丝占,籼型三系杂交稻,广西大学,桂审稻2021036号,桂审稻,2021036,六香A,广西大学
广西,广8优188,广8A×GR188,籼型三系杂交稻,广东省农业科学院水稻研究所等,桂审稻2019166号,桂审稻,2019166,广8A,广东省农业科学院水稻研究所
广西,籴优香139,籴A×百香139,籼型三系杂交稻,广西仙德农业科技有限公司,桂审稻2021035号,桂审稻,2021035,籴A,广西仙德农业科技有限公司
广西,新香占1号,满香B/BPHR96×新银占/BPHR96,籼型常规稻,广西大学,桂审稻2021034号,桂审稻,2021034,满香B/BPHR96,广西大学
广西,龙丰优139,龙丰A×桂139,籼型三系杂交稻,广西农业科学院水稻研究所,桂审稻2015027号,桂审稻,2015027,龙丰A,广西农业科学院水稻研究所
广西,松A,金23A×早细米B/博B,籼型不育系,李丁民，覃惜阴,桂审稻2007050号,桂审稻,2007050,金23A,李丁民，覃惜阴
广西,汕优253,珍汕97A×测253,籼型三系杂交稻,广西贺州市种子公司,桂审稻2001011号,桂审稻,2001011,珍汕97A,广西贺州市种子公司
广西,甬优7053,甬粳70A×F6853,籼粳交三系杂交稻,宁波市种子有限公司,桂审稻2019107号,桂审稻,2019107,甬粳70A,宁波市种子有限公司
广西,泰丰优097,泰丰18A×R097,籼型三系杂交稻,广西仙德农业科技有限公司,桂审稻2018093号,桂审稻,2018093,泰丰18A,广西仙德农业科技有限公司
广西,垦两优801,垦101S×R520,籼型两系杂交稻,垦丰长江种业科技有限公司,桂审稻2022129号,桂审稻,2022129,垦101S,垦丰长江种业科技有限公司
广西,深两优3206,深08S×AC3206,籼型两系杂交稻,袁隆平农业高科技股份有限公司等,桂审稻2018023号,桂审稻,2018023,深08S,袁隆平农业高科技股份有限公司
广西,圳两优578,圳S×R578,籼型两系杂交稻,长沙利诚种业有限公司,桂审稻2020119号,桂审稻,2020119,圳S,长沙利诚种业有限公司
广西,晶两优534,晶4155S×R534,籼型两系杂交稻,袁隆平农业高科技股份有限公司等,桂审稻2020202号,桂审稻,2020202,晶4155S,袁隆平农业高科技股份有限公司
广西,旺优1431,旺A×正恢1431,籼型三系杂交稻,广西桂稻香农作物研究所有限公司等,桂审稻2020148号,桂审稻,2020148,旺A,广西桂稻香农作物研究所有限公司
广西,国良优633,国良A×R633,籼型三系杂交稻,广西国良种业有限公司,桂审稻2019144号,桂审稻,2019144,国良A,广西国良种业有限公司
广西,博优306,博A×宇306,籼型三系杂交稻,广西壮族自治区种子公司,桂审稻2006052号,桂审稻,2006052,博A,广西壮族自治区种子公司
广西,发A,金23A×发B,籼型不育系,广西瑞特种子有限责任公司,桂审稻2007049号,桂审稻,2007049,金23A,广西瑞特种子有限责任公司
广西,华浙优110,华浙2A×桂恢110,籼型三系杂交稻,广西壮族自治区农业科学院水稻研究所等,桂审稻2020007号,桂审稻,2020007,华浙2A,广西壮族自治区农业科学院水稻研究所
广西,广8优1205,广8A×白金1205,籼型三系杂交稻,广西白金种子股份有限公司等,桂审稻2019106号,桂审稻,2019106,广8A,广西白金种子股份有限公司
广西,野香优海丝,野香A×R海丝,籼型三系杂交稻,广西绿海种业有限公司等,桂审稻2020077号,桂审稻,2020077,野香A,广西绿海种业有限公司
广西,中广香1号,紫红稻×紫红稻/Basmati370,籼型常规稻,中国农业科学院作物科学研究所等,桂审稻2010025号,桂审稻,2010025,紫红稻,中国农业科学院作物科学研究所
广西,金玉优6678,金玉A×R6678,籼型三系杂交稻,广西仙德农业科技有限公司,桂审稻2018092号,桂审稻,2018092,金玉A,广西仙德农业科技有限公司
广西,佳A,金23A×佳B,籼型不育系,广西南宁市沃德农作物研究所,桂审稻2007048号,桂审稻,2007048,金23A,广西南宁市沃德农作物研究所
广西,博优423,博A×玉423,籼型三系杂交稻,玉林市农业科学研究所,桂审稻2006051号,桂审稻,2006051,博A,玉林市农业科学研究所
广西,桂玉美香,美香占2号×象牙香占,籼型常规稻,广西壮族自治区农业科学院,桂审稻2022163号,桂审稻,2022163,美香占2号,广西壮族自治区农业科学院
广西,梦两优黄莉占,梦S×黄莉占,籼型两系杂交稻,袁隆平农业高科技股份有限公司等,桂审稻2020201号,桂审稻,2020201,梦S,袁隆平农业高科技股份有限公司
广西,广8优2168,广8A×GR2168,籼型三系杂交稻,广东省农业科学院水稻研究所,桂审稻2019165号,桂审稻,2019165,广8A,广东省农业科学院水稻研究所
广西,旱优549,沪旱5A×旱恢49,籼型三系杂交稻,广西嘉穗农业发展有限公司等,桂审稻2022128号,桂审稻,2022128,沪旱5A,广西嘉穗农业发展有限公司
广西,中浙优26,中浙2A×F1436,籼型三系杂交稻,浙江勿忘农种业股份有限公司等,桂审稻2020147号,桂审稻,2020147,中浙2A,浙江勿忘农种业股份有限公司
广西,科玉03,BK14,籼型常规稻,玉林市农业科学研究所,桂审稻2010024号,桂审稻,2010024,BK14,玉林市农业科学研究所
广西,博优301,博A×宇301,籼型三系杂交稻,广西壮族自治区种子公司,桂审稻2006050号,桂审稻,2006050,博A,广西壮族自治区种子公司
广西,特优679,龙特甫A×测679,籼型三系杂交稻,广西博士园种业有限公司,桂审稻2009012号,桂审稻,2009012,龙特甫A,广西博士园种业有限公司
广西,特优9359,龙特甫A×测359,籼型三系杂交稻,广西支农种业有限公司,桂审稻2009011号,桂审稻,2009011,龙特甫A,广西支农种业有限公司
广西,野香优丝苗,野香A×R丝苗,籼型三系杂交稻,广西绿海种业有限公司,桂审稻2017046号,桂审稻,2017046,野香A,广西绿海种业有限公司
广西,金玉优1238,金玉A×R1238,籼型三系杂交稻,广西仙德农业科技有限公司,桂审稻2018091号,桂审稻,2018091,金玉A,广西仙德农业科技有限公司
广西,香两优269,香S×R269,籼型两系杂交稻,广西瑞特种子有限责任公司,桂审稻2019105号,桂审稻,2019105,香S,广西瑞特种子有限责任公司
广西,特优582,龙特甫A×桂582,籼型三系杂交稻,广西农业科学院水稻研究所,桂审稻2009010号,桂审稻,2009010,龙特甫A,广西农业科学院水稻研究所
广西,南珍优8号,G南珍A×川恢8号,籼型三系杂交稻,广西万川种业有限公司,桂审稻2015026号,桂审稻,2015026,G南珍A,广西万川种业有限公司
广西,科德优9938,科德186A×R9938,籼型三系杂交稻,广西仙德农业科技有限公司,桂审稻2020076号,桂审稻,2020076,科德186A,广西仙德农业科技有限公司
广西,广8优2156,广8A×内香恢2156,籼型三系杂交稻,广东省农业科学院水稻研究所等,桂审稻2019164号,桂审稻,2019164,广8A,广东省农业科学院水稻研究所
广西,金稻优615,金稻13A×广恢615,籼型三系杂交稻,广东省农业科学院水稻研究所,桂审稻2012020号,桂审稻,2012020,金稻13A,广东省农业科学院水稻研究所
广西,忠香优润苗,忠香A×R润苗,籼型三系杂交稻,广西绿丰种业有限责任公司,桂审稻2022127号,桂审稻,2022127,忠香A,广西绿丰种业有限责任公司
广西,广香优9号,广香A×R9号,籼型三系杂交稻,广西仙德农业科技有限公司,桂审稻2021033号,桂审稻,2021033,广香A,广西仙德农业科技有限公司
广西,兰A,中9A×兰B,籼型不育系,广西南宁市沃德农作物研究所,桂审稻2007047号,桂审稻,2007047,中9A,广西南宁市沃德农作物研究所
广西,优Ⅰ4480,优ⅠA×R4480,籼型三系杂交稻,广西钟山县种子公司,桂审稻2001010号,桂审稻,2001010,优ⅠA,广西钟山县种子公司
广西,野香优莉丝,野香A×R莉丝,籼型三系杂交稻,广西绿海种业有限公司,桂审稻2017045号,桂审稻,2017045,野香A,广西绿海种业有限公司
广西,两优晶玉,F133S×晶玉,籼型两系杂交稻,合肥丰乐种业股份有限公司,桂审稻2020006号,桂审稻,2020006,F133S,合肥丰乐种业股份有限公司
广西,莉两优89,莉88S×恢89,籼型两系杂交稻,四川金牌农业发展有限公司等,桂审稻2020146号,桂审稻,2020146,莉88S,四川金牌农业发展有限公司
广西,科德优6号,科德186A×R6号,籼型三系杂交稻,广西仙德农业科技有限公司,桂审稻2019104号,桂审稻,2019104,科德186A,广西仙德农业科技有限公司
广西,瀚香优银丝,瀚香A×R银丝,籼型三系杂交稻,广西瀚林农业科技有限公司,桂审稻2020145号,桂审稻,2020145,瀚香A,广西瀚林农业科技有限公司
广西,甬优香6753,甬粳67A×香F53,籼粳交三系杂交稻,宁波种业股份有限公司等,桂审稻2022126号,桂审稻,2022126,甬粳67A,宁波种业股份有限公司
广西,博优211,博A×R211,籼型三系杂交稻,藤县种子公司,桂审稻2006049号,桂审稻,2006049,博A,藤县种子公司
广西,博Ⅲ优638,博ⅢA×R638,籼型三系杂交稻,广西万禾种业有限公司,桂审稻2015025号,桂审稻,2015025,博ⅢA,广西万禾种业有限公司
广西,金泰优明占,金泰A×改良的双抗明占,籼型三系杂交稻,福建农林大学作物科学学院等,桂审稻2019143号,桂审稻,2019143,金泰A,福建农林大学作物科学学院
广西,瀚香优桂占,瀚香A×R桂占,籼型三系杂交稻,广西瀚林农业科技有限公司,桂审稻2020144号,桂审稻,2020144,瀚香A,广西瀚林农业科技有限公司
广西,山香丝苗,香稻211×R128,籼型常规稻,广西南宁市大穗种业有限责任公司,桂审稻2022162号,桂审稻,2022162,香稻211,广西南宁市大穗种业有限责任公司
广西,文两优2098,文247S×R2098,籼型两系杂交稻,广西燕坤农业科技有限公司等,桂审稻2020118号,桂审稻,2020118,文247S,广西燕坤农业科技有限公司
广西,龙丰优169,龙丰A×桂169,籼型三系杂交稻,广西壮族自治区农业科学院水稻研究所,桂审稻2018022号,桂审稻,2018022,龙丰A,广西壮族自治区农业科学院水稻研究所
广西,香占优油丝,香占A×R油丝,籼型三系杂交稻,广西绿海种业有限公司,桂审稻2018090号,桂审稻,2018090,香占A,广西绿海种业有限公司
广西,特优2887,特A×R2887,籼型三系杂交稻,广西绿海种业有限公司,桂审稻2017044号,桂审稻,2017044,特A,广西绿海种业有限公司
广西,乾两优3号,乾S×R31228,籼型两系杂交稻,广西恒茂农业科技有限公司,桂审稻2017043号,桂审稻,2017043,乾S,广西恒茂农业科技有限公司
广西,32两优706,N32S×R706,籼型两系杂交稻,华南农业大学农学院,桂审稻2018021号,桂审稻,2018021,N32S,华南农业大学农学院
广西,中优4480,中9A×R4480,籼型三系杂交稻,广西钟山县种子公司,桂审稻2001009号,桂审稻,2001009,中9A,广西钟山县种子公司
广西,两优培九,培矮64S×93-11,籼型两系杂交稻,江苏省农业科学院粮食作物研究所等,桂审稻2001117号,桂审稻,2001117,培矮64S,江苏省农业科学院粮食作物研究所
广西,唐两优280,唐18S×M280,籼型两系杂交稻,江西金信种业有限公司,桂审稻2020200号,桂审稻,2020200,唐18S,江西金信种业有限公司
广西,更香优星星丝苗,更香A×R星星丝苗,籼型三系杂交稻,广西绿海种业有限公司,桂审稻2020075号,桂审稻,2020075,更香A,广西绿海种业有限公司
广西,深优9519,深95A×R6319,籼型三系杂交稻,清华大学深圳研究生院,桂审稻2019163号,桂审稻,2019163,深95A,清华大学深圳研究生院
广西,信香优贵丝占,信香A×R贵丝占,籼型三系杂交稻,南宁市西玉农作物研究所,桂审稻2021032号,桂审稻,2021032,信香A,南宁市西玉农作物研究所
广西,智优758,智A×R758,籼型三系杂交稻,广西智友生物科技股份有限公司,桂审稻2020005号,桂审稻,2020005,智A,广西智友生物科技股份有限公司
广西,佳优1972,佳A×R1972,籼型三系杂交稻,南宁市沃德农作物研究所,桂审稻2009009号,桂审稻,2009009,佳A,南宁市沃德农作物研究所
广西,正优873,正A×R873,籼型三系杂交稻,广西川桂种业有限公司,桂审稻2019142号,桂审稻,2019142,正A,广西川桂种业有限公司
广西,百A,秋A×百B,籼型不育系,广西壮族自治区农业科学院水稻研究所,桂审稻2007046号,桂审稻,2007046,秋A,广西壮族自治区农业科学院水稻研究所
广西,亚霖2号,泰国丝苗×桂花占,籼型常规稻,广西亚霖米业有限公司,桂审稻2010023号,桂审稻,2010023,泰国丝苗,广西亚霖米业有限公司
广西,丰田优9802,丰田1A×粤恢9802,籼型三系杂交稻,广西农业科学院水稻研究所等,桂审稻2015024号,桂审稻,2015024,丰田1A,广西农业科学院水稻研究所
广西,丰泽优1158,丰泽A×坚恢1158,籼型三系杂交稻,岑溪市振田水稻研究所,桂审稻2020117号,桂审稻,2020117,丰泽A,岑溪市振田水稻研究所
广西,望两优161,望S×R161,籼型两系杂交稻,安徽新安种业有限公司,桂审稻2020143号,桂审稻,2020143,望S,安徽新安种业有限公司
广西,奥香优美晶,奥香A×奥恢美晶,籼型三系杂交稻,四川农业大学水稻研究所等,桂审稻2022125号,桂审稻,2022125,奥香A,四川农业大学水稻研究所
广西,粳香优巴丝,粳香A×R巴丝,籼型三系杂交稻,广西绿海种业有限公司,桂审稻2019103号,桂审稻,2019103,粳香A,广西绿海种业有限公司
广西,美优796,美A×桂796,籼型三系杂交稻,广西农业科学院水稻研究所,桂审稻2012019号,桂审稻,2012019,美A,广西农业科学院水稻研究所
广西,隆晶优534,隆晶4302A×R534,籼型三系杂交稻,袁隆平农业高科技股份有限公司等,桂审稻2017042号,桂审稻,2017042,隆晶4302A,袁隆平农业高科技股份有限公司
广西,天龙5优629,天龙5A×中种恢629,籼型三系杂交稻,中国种子集团公司三亚分公司,桂审稻2009008号,桂审稻,2009008,天龙5A,中国种子集团公司三亚分公司
海南,擎9S,隆科638S×耘9S,籼型不育系,中国种子集团有限公司等,琼审稻2022010,琼审稻,2022010,隆科638S,中国种子集团有限公司
广西,农香优华占,农香A×华占,籼型三系杂交稻,江西天涯种业有限公司等,桂审稻2019162号,桂审稻,2019162,农香A,江西天涯种业有限公司
广西,金针香,桂育12×巴太香占,籼型常规稻,广西壮族自治区农业科学院等,桂审稻2022161号,桂审稻,2022161,桂育12,广西壮族自治区农业科学院
广西,丰优桂99,丰源A×桂99,籼型三系杂交稻,广西钟山县种子公司,桂审稻2001008号,桂审稻,2001008,丰源A,广西钟山县种子公司
广西,野香优明月丝苗,野香A×R明月丝苗,籼型三系杂交稻,广西绿海种业有限公司,桂审稻2019102号,桂审稻,2019102,野香A,广西绿海种业有限公司
广西,东方龙优9983,东方龙A×R9983,籼型三系杂交稻,广西川桂种业有限公司,桂审稻2019141号,桂审稻,2019141,东方龙A,广西川桂种业有限公司
广西,桂科-2S,GD-1S×KS-14/02428,籼型不育系,广西农业科学院水稻研究所,桂审稻2007045号,桂审稻,2007045,GD-1S,广西农业科学院水稻研究所
广西,博优3813,博A×R3813,籼型三系杂交稻,广西民乐种业有限公司,桂审稻2012018号,桂审稻,2012018,博A,广西民乐种业有限公司
广西,泰两优粤农丝苗,泰1S×粤农丝苗,籼型两系杂交稻,浙江科原种业有限公司等,桂审稻2021031号,桂审稻,2021031,泰1S,浙江科原种业有限公司
广西,博优202,博A×R202,籼型三系杂交稻,博白县作物品种资源研究所,桂审稻2006048号,桂审稻,2006048,博A,博白县作物品种资源研究所
广西,隆两优1988,隆科638S×R1988,籼型两系杂交稻,袁隆平农业高科技股份有限公司等,桂审稻2017041号,桂审稻,2017041,隆科638S,袁隆平农业高科技股份有限公司
广西,�挠�317,��A×R317,籼型三系杂交稻,广西百香高科种业有限公司,桂审稻2014026号,桂审稻,2014026,��A,广西百香高科种业有限公司
广西,浙糯优1号,浙糯1A×浙糯恢04-01,粳型三系杂交稻,浙江勿忘农种业股份有限公司,桂审稻2019161号,桂审稻,2019161,浙糯1A,浙江勿忘农种业股份有限公司
广西,巡两优92,巡天11S×R92,籼型两系杂交稻,贺州市农业科学院等,桂审稻2020004号,桂审稻,2020004,巡天11S,贺州市农业科学院
广西,B两优851,B621S×望恢851,籼型两系杂交稻,湖南希望种业科技股份有限公司,桂审稻2020142号,桂审稻,2020142,B621S,湖南希望种业科技股份有限公司
广西,名丰优276,名丰A×JR276,籼型三系杂交稻,岑溪市朝阳农业科技有限公司,桂审稻2018020号,桂审稻,2018020,名丰A,岑溪市朝阳农业科技有限公司
广西,徽两优280,1892S×M280,籼型两系杂交稻,江西金信种业有限公司等,桂审稻2020199号,桂审稻,2020199,1892S,江西金信种业有限公司
广西,玉晚占,云国1号×八桂香,籼型常规稻,玉林市农业科学研究所,桂审稻2005023号,桂审稻,2005023,云国1号,玉林市农业科学研究所
广西,更香优莉丝,更香A×R莉丝,籼型三系杂交稻,广西绿海种业有限公司,桂审稻2020074号,桂审稻,2020074,更香A,广西绿海种业有限公司
广西,满香优1109,满香16A×R1109,籼型三系杂交稻,南宁市西玉农作物研究所,桂审稻2019101号,桂审稻,2019101,满香16A,南宁市西玉农作物研究所
广西,青A,博A×青B,籼型不育系,广西农业科学院水稻研究所,桂审稻2007044号,桂审稻,2007044,博A,广西农业科学院水稻研究所
广西,望两优851,望S×望恢851,籼型两系杂交稻,湖南希望种业科技股份有限公司,桂审稻2020141号,桂审稻,2020141,望S,湖南希望种业科技股份有限公司
广西,荣两优22,荣S×G022,籼型两系杂交稻,广西恒茂农业科技有限公司等,桂审稻2020140号,桂审稻,2020140,荣S,广西恒茂农业科技有限公司
广西,广8优壮乡丝苗,广8A×壮乡丝苗,籼型三系杂交稻,广西兆和种业有限公司等,桂审稻2020116号,桂审稻,2020116,广8A,广西兆和种业有限公司
广西,博Ⅲ优黄占,博ⅢA×黄占,籼型三系杂交稻,王腾金、刘振卓、王国辉,桂审稻2006047号,桂审稻,2006047,博ⅢA,王腾金、刘振卓、王国辉
广西,先优95,先A×R95,籼型三系杂交稻,广西科泰种业有限公司,桂审稻2001116号,桂审稻,2001116,先A,广西科泰种业有限公司
广西,美优622,美A×桂622,籼型三系杂交稻,广西农业科学院水稻研究所,桂审稻2015023号,桂审稻,2015023,美A,广西农业科学院水稻研究所
广西,连优3189,连丰A×闽恢3189,籼型三系杂交稻,福建省农业科学院生物技术研究所等,桂审稻2009007号,桂审稻,2009007,连丰A,福建省农业科学院生物技术研究所
广西,丽香优5号,丽香A×R5,籼型三系杂交稻,广西百香高科种业有限公司,桂审稻2019140号,桂审稻,2019140,丽香A,广西百香高科种业有限公司
广西,玉科占5号,桂99×早桂1号,籼型常规稻,玉林市农业科学研究所,桂审稻2005022号,桂审稻,2005022,桂99,玉林市农业科学研究所
广西,玉丝占,单广选×固优8号,籼型常规稻,玉林市农业科学研究所,桂审稻2005021号,桂审稻,2005021,单广选,玉林市农业科学研究所
广西,丰优63,丰源A×明恢63,籼型三系杂交稻,广西钟山县种子公司,桂审稻2001007号,桂审稻,2001007,丰源A,广西钟山县种子公司
广西,和两优625,和620S×R6265,籼型两系杂交稻,江西科源种业有限公司,桂审稻2017040号,桂审稻,2017040,和620S,江西科源种业有限公司
广西,荃优33,荃9311A×E331,籼型三系杂交稻,北京金色农华种业科技股份有限公司等,桂审稻2020198号,桂审稻,2020198,荃9311A,北京金色农华种业科技股份有限公司
海南,琅50S,呈391S×RGD7S/中丰S2,籼型不育系,中国种子集团有限公司等,琼审稻2022009,琼审稻,2022009,呈391S,中国种子集团有限公司
海南,中科西陆4号,XTBG-HP1,籼型常规稻,中国科学院西双版纳热带植物园,琼审稻2022008,琼审稻,2022008,XTBG-HP1,中国科学院西双版纳热带植物园
广西,优Ⅰ63,优ⅠA×明恢63,籼型三系杂交稻,湖南杂交水稻研究中心等,桂审稻2001115号,桂审稻,2001115,优ⅠA,湖南杂交水稻研究中心
广西,科香糯,刷把糯×巨峰糯,籼型常规稻,桂林市种子公司,桂审稻2007043号,桂审稻,2007043,刷把糯,桂林市种子公司
广西,紫香优306,紫香A×紫香恢306,籼型三系杂交稻,广西象州黄氏水稻研究所,桂审稻2020197号,桂审稻,2020197,紫香A,广西象州黄氏水稻研究所
海南,徽两优晶华占,徽晶S×晶占,籼型两系杂交稻,潜江市潜丰种业有限公司等,琼审稻2022007,琼审稻,2022007,徽晶S,潜江市潜丰种业有限公司
广西,紫两优301,紫红10S×R301,籼型两系杂交稻,贺州市农业科学院等,桂审稻2020003号,桂审稻,2020003,紫红10S,贺州市农业科学院
广西,银泰优8号,银泰A×R1238-8,籼型三系杂交稻,广西大学等,桂审稻2019139号,桂审稻,2019139,银泰A,广西大学
广西,湘香优1011,科香A×湘恢1011,籼型三系杂交稻,广西桂穗种业有限公司,桂审稻2017039号,桂审稻,2017039,科香A,广西桂穗种业有限公司
广西,柳农丝苗,桂育9号×粤农丝苗,籼型常规稻,广西农业科学院柳州分院等,桂审稻2022160号,桂审稻,2022160,桂育9号,广西农业科学院柳州分院
广西,丰优86,丰源A×明恢86,籼型三系杂交稻,广西钟山县种子公司,桂审稻2001006号,桂审稻,2001006,丰源A,广西钟山县种子公司
广西,孟两优907,孟S×907R,籼型两系杂交稻,广西绿田种业有限公司,桂审稻2014025号,桂审稻,2014025,孟S,广西绿田种业有限公司
广西,香占优甜丝,香占A×R甜丝,籼型三系杂交稻,广西绿海种业有限公司,桂审稻2019138号,桂审稻,2019138,香占A,广西绿海种业有限公司
广西,星火优201,星火A×R201,籼型三系杂交稻,韦明军等,桂审稻2012017号,桂审稻,2012017,星火A,韦明军
广西,红占1号,R29×BD2,籼型常规稻,广西大学等,桂审稻2020196号,桂审稻,2020196,R29,广西大学
广西,博优820,博A×R820,籼型三系杂交稻,广西金稻子种业有限公司,桂审稻2010022号,桂审稻,2010022,博A,广西金稻子种业有限公司
广西,粤杂8763,GD-5S×茂恢763,籼型两系杂交稻,广东华茂高科种业有限公司等,桂审稻2009006号,桂审稻,2009006,GD-5S,广东华茂高科种业有限公司
广西,特优986,龙特甫A×R986,籼型三系杂交稻,广西博白县作物品种资源研究所,桂审稻2005020号,桂审稻,2005020,龙特甫A,广西博白县作物品种资源研究所
广西,达丰优197,达丰A×R197,籼型三系杂交稻,广西仙德农业科技有限公司,桂审稻2020073号,桂审稻,2020073,达丰A,广西仙德农业科技有限公司
广西,博优9089,博A×R9089,籼型三系杂交稻,广西兆和种业有限公司,桂审稻2012016号,桂审稻,2012016,博A,广西兆和种业有限公司
广西,丰优207,丰源A×先恢207,籼型三系杂交稻,湖南中江种业有限公司等,桂审稻2001005号,桂审稻,2001005,丰源A,湖南中江种业有限公司
广西,培杂279,培矮64S×玉恢279,籼型两系杂交稻,玉林市农业科学研究所,桂审稻2005019号,桂审稻,2005019,培矮64S,玉林市农业科学研究所
广西,丰田优553,丰田1A×桂恢553,籼型三系杂交稻,广西农业科学院水稻研究所,桂审稻2013027号,桂审稻,2013027,丰田1A,广西农业科学院水稻研究所
广西,金香糯,桂香糯,籼型常规稻,桂林市农业科学研究所等,桂审稻2007042号,桂审稻,2007042,桂香糯,桂林市农业科学研究所
广西,特优891,特A×屯恢891,籼型三系杂交稻,广西桂穗种业有限公司,桂审稻2017038号,桂审稻,2017038,特A,广西桂穗种业有限公司
广西,丽香优111,丽香A×R111,籼型三系杂交稻,广西百香高科种业有限公司,桂审稻2019100号,桂审稻,2019100,丽香A,广西百香高科种业有限公司
广西,博优1293,博A×R1293,籼型三系杂交稻,南宁市沃德农作物研究所,桂审稻2006046号,桂审稻,2006046,博A,南宁市沃德农作物研究所
广西,春两优61,春S×R61,籼型两系杂交稻,河池市农业科学研究所等,桂审稻2020002号,桂审稻,2020002,春S,河池市农业科学研究所
广西,泰两优香牙占,泰1S×粤香牙占,籼型两系杂交稻,浙江科原种业科学研究有限公司等,桂审稻2022124号,桂审稻,2022124,泰1S,浙江科原种业科学研究有限公司
广西,兆丰优8008,兆丰A×R8008,籼型三系杂交稻,广西兆和种业有限公司,桂审稻2014024号,桂审稻,2014024,兆丰A,广西兆和种业有限公司
广西,桂丰晶丝,兆香1号×合丰占,籼型常规稻,广西壮族自治区农业科学院,桂审稻2022159号,桂审稻,2022159,兆香1号,广西壮族自治区农业科学院
海南,野香优华宝占,野香A×华宝占,籼型三系杂交稻,海南大学等,琼审稻2022006,琼审稻,2022006,野香A,海南大学
广西,满香优613,满香16A×R613,籼型三系杂交稻,广西仙德农业科技有限公司等,桂审稻2020072号,桂审稻,2020072,满香16A,广西仙德农业科技有限公司
广西,博优1652,博A×R1652,籼型三系杂交稻,广西大学等,桂审稻2010021号,桂审稻,2010021,博A,广西大学
广西,博优568,博A×龙恢5-68,籼型三系杂交稻,广西国良种业有限公司,桂审稻2012015号,桂审稻,2012015,博A,广西国良种业有限公司
广西,丰优328,丰源A×328,籼型三系杂交稻,广西钟山县种子公司,桂审稻2001004号,桂审稻,2001004,丰源A,广西钟山县种子公司
广西,川农优7653,川农7A×丰香恢653,籼型三系杂交稻,安徽丰大种业股份有限公司等,桂审稻2020115号,桂审稻,2020115,川农7A,安徽丰大种业股份有限公司
广西,乾两优馥香占,乾S×馥香占,籼型两系杂交稻,广西恒茂农业科技有限公司等,桂审稻2020139号,桂审稻,2020139,乾S,广西恒茂农业科技有限公司
广西,百香139,早香18/包选2号×IR36,籼型常规稻,南宁百农科技发展有限公司,桂审稻2007041号,桂审稻,2007041,早香18/包选2号,南宁百农科技发展有限公司
广西,香占优巴丝,香占A×巴丝,籼型三系杂交稻,广西绿海种业有限公司,桂审稻2019137号,桂审稻,2019137,香占A,广西绿海种业有限公司
广西,丰田优089,丰田1A×桂恢089,籼型三系杂交稻,广西农业科学院水稻研究所,桂审稻2015022号,桂审稻,2015022,丰田1A,广西农业科学院水稻研究所
广西,泰玉14,BK14×玉83,籼型常规稻,广西玉林市农业科学研究所,桂审稻2001114号,桂审稻,2001114,BK14,广西玉林市农业科学研究所
广西,满香优173,满香16A×R桂173,籼型三系杂交稻,南宁市西玉农作物研究所,桂审稻2019099号,桂审稻,2019099,满香16A,南宁市西玉农作物研究所
广西,华优336,Y华农A×华恢336,籼型三系杂交稻,华南农业大学农学院,桂审稻2009005号,桂审稻,2009005,Y华农A,华南农业大学农学院
广西,天丰优3550,天丰A×广恢3550,籼型三系杂交稻,广东省农业科学院水稻研究所,桂审稻2006045号,桂审稻,2006045,天丰A,广东省农业科学院水稻研究所
广西,巡两优838,巡天13S×辐恢838,籼型两系杂交稻,贺州市农业科学院等,桂审稻2020001号,桂审稻,2020001,巡天13S,贺州市农业科学院
广西,兆丰优9958,兆丰A×R9958,籼型三系杂交稻,广西兆和种业有限公司,桂审稻2013026号,桂审稻,2013026,兆丰A,广西兆和种业有限公司
海南,Y两优多回14,Y58S×多回14,籼型两系杂交稻,武汉多倍体生物科技有限公司等,琼审稻2022005,琼审稻,2022005,Y58S,武汉多倍体生物科技有限公司
广西,越两优丝苗,越隆S×五山丝苗,籼型两系杂交稻,广西荃鸿农业科技有限公司等,桂审稻2020114号,桂审稻,2020114,越隆S,广西荃鸿农业科技有限公司
广西,永丰优9802,永丰A×粤恢9802,籼型三系杂交稻,广东粤良种业有限公司,桂审稻2014023号,桂审稻,2014023,永丰A,广东粤良种业有限公司
广西,汕优416,珍汕97A×R416,籼型三系杂交稻,湖南隆平高科农平种业有限公司,桂审稻2005018号,桂审稻,2005018,珍汕97A,湖南隆平高科农平种业有限公司
广西,野香优油丝,野香A×R油丝,籼型三系杂交稻,广西绿海种业有限公司,桂审稻2019098号,桂审稻,2019098,野香A,广西绿海种业有限公司
广西,力源占2号,长丝占×桂713,籼型常规稻,广西壮族自治区农业科学院水稻研究所,桂审稻2007040号,桂审稻,2007040,长丝占,广西壮族自治区农业科学院水稻研究所
广西,博优782,博A×测782,籼型三系杂交稻,广西壮族自治区种子公司,桂审稻2010020号,桂审稻,2010020,博A,广西壮族自治区种子公司
广西,博优49,博A×测64-49,籼型三系杂交稻,广西博白县农科所,桂审证字第083号,桂审稻,083,博A,广西博白县农科所
广西,科德优6398,科德186A×R6398,籼型三系杂交稻,广西仙德农业科技有限公司,桂审稻2019136号,桂审稻,2019136,科德186A,广西仙德农业科技有限公司
广西,中研优519,中1A×泰519,籼型三系杂交稻,广东源泰农业科技有限公司等,桂审稻2015021号,桂审稻,2015021,中1A,广东源泰农业科技有限公司
海南,旗1优128,旗1A×广恢128,籼型三系杂交稻,福州市闽佳农作物科学研究所等,琼审稻2022004,琼审稻,2022004,旗1A,福州市闽佳农作物科学研究所
广西,优Ⅰ4635,优ⅠA×R4635,籼型三系杂交稻,广西博白县作物品种资源研究所,桂审稻2001113号,桂审稻,2001113,优ⅠA,广西博白县作物品种资源研究所
广西,丰优191,丰源A×湘恢191,籼型三系杂交稻,湖南杂交水稻研究中心,桂审稻2001003号,桂审稻,2001003,丰源A,湖南杂交水稻研究中心
广西,吉优7号,吉2A×蜀恢007,籼型三系杂交稻,四川农业大学水稻研究所等,桂审稻2009004号,桂审稻,2009004,吉2A,四川农业大学水稻研究所
广西,广两优油占,广3S×万香油占,籼型两系杂交稻,广西南宁华稻种业有限责任公司,桂审稻2020071号,桂审稻,2020071,广3S,广西南宁华稻种业有限责任公司
广西,隆两优1212,隆科638S×R1212,籼型两系杂交稻,袁隆平农业高科技股份有限公司等,桂审稻2020138号,桂审稻,2020138,隆科638S,袁隆平农业高科技股份有限公司
广西,赣优735,赣73A×苏恢5号,籼型三系杂交稻,江苏中江种业股份有限公司等,桂审稻2019210号,桂审稻,2019210,赣73A,江苏中江种业股份有限公司
广西,华两优338,华68S×华恢338,籼型两系杂交稻,华南农业大学农学院,桂审稻2012014号,桂审稻,2012014,华68S,华南农业大学农学院
广西,元丰优86,元丰A×明恢86,籼型三系杂交稻,福建省三明市农业科学研究所等,桂审稻2010016号,桂审稻,2010016,元丰A,福建省三明市农业科学研究所
广西,博优N33,博A×N33,籼型三系杂交稻,广西恒茂农业科技有限公司等,桂审稻2014022号,桂审稻,2014022,博A,广西恒茂农业科技有限公司
广西,泰乡优玉兔占,泰乡1209A×玉兔占,籼型三系杂交稻,江西天涯种业有限公司,桂审稻2020113号,桂审稻,2020113,泰乡1209A,江西天涯种业有限公司
广西,柳沙油占202,白壳油占×粤香占,籼型常规稻,广西柳州市农业科学研究所,桂审稻2006044号,桂审稻,2006044,白壳油占,广西柳州市农业科学研究所
海南,广8优8359,广8A×金恢8359,籼型三系杂交稻,福建农林大学农学院等,琼审稻2022003,琼审稻,2022003,广8A,福建农林大学农学院
广西,优Ⅰ54,优ⅠA×T54,籼型三系杂交稻,广西博白县农业科学研究所,桂审稻2001112号,桂审稻,2001112,优ⅠA,广西博白县农业科学研究所
广西,圣优558,圣A×R558,籼型三系杂交稻,博白县作物品种资源研究所,桂审稻2015020号,桂审稻,2015020,圣A,博白县作物品种资源研究所
广西,桂713,IR28125-79-3-3-2,籼型常规稻,广西壮族自治区农业科学院水稻研究所,桂审证字第082号,桂审稻,082,IR28125-79-3-3-2,广西壮族自治区农业科学院水稻研究所
广西,T优855,T98A×R855,籼型三系杂交稻,湖南杂交水稻研究中心,桂审稻2005017号,桂审稻,2005017,T98A,湖南杂交水稻研究中心
广西,玉丰占,香引1号×八桂香,籼型常规稻,玉林市农业科学研究所,桂审稻2007039号,桂审稻,2007039,香引1号,玉林市农业科学研究所
广西,丰优838,丰源A×辐恢838,籼型三系杂交稻,广西钟山县种子公司,桂审稻2001002号,桂审稻,2001002,丰源A,广西钟山县种子公司
广西,玉科占9号,八桂香×粤香占,籼型常规稻,玉林市农业科学研究所,桂审稻2006043号,桂审稻,2006043,八桂香,玉林市农业科学研究所
广西,玉校88,黄壳占×珍桂矮1号,籼型常规稻,广西玉林农业学校,桂审稻2006042号,桂审稻,2006042,黄壳占,广西玉林农业学校
海南,山两优1690,山S×明恢1690,籼型两系杂交稻,三明市农业科学研究院等,琼审稻2022002,琼审稻,2022002,山S,三明市农业科学研究院
海南,金龙优163,金龙A×中种恢163,籼型三系杂交稻,中国种子集团有限公司等,琼审稻2022001,琼审稻,2022001,金龙A,中国种子集团有限公司
海南,康泰A,盛泰A×盛世B/华2048B,籼型不育系,中国种子集团有限公司三亚分公司,琼审稻2021025,琼审稻,2021025,盛泰A,中国种子集团有限公司三亚分公司
广西,晶泰优京贵占,晶泰A×京贵占,籼型三系杂交稻,北京金色农华种业科技股份有限公司,桂审稻2020112号,桂审稻,2020112,晶泰A,北京金色农华种业科技股份有限公司
广西,陵两优8868,湘陵628S×湘恢8868,籼型两系杂交稻,不详,桂审稻2013025号,桂审稻,2013025,湘陵628S,不详
广西,金玉优1067,金玉A×R1067,籼型三系杂交稻,广西仙德农业科技有限公司,桂审稻2019135号,桂审稻,2019135,金玉A,广西仙德农业科技有限公司
广西,野香优甜丝,野香A×R甜丝,籼型三系杂交稻,广西绿海种业有限公司,桂审稻2019097号,桂审稻,2019097,野香A,广西绿海种业有限公司
广西,优Ⅰ1号,优ⅠA×钟恢1号,籼型三系杂交稻,广西钟山县种子公司,桂审稻2001001号,桂审稻,2001001,优ⅠA,广西钟山县种子公司
广西,特优9089,龙特甫A×R9089,籼型三系杂交稻,广西兆和种业有限公司,桂审稻2012013号,桂审稻,2012013,龙特甫A,广西兆和种业有限公司
广西,兆丰优9928,兆丰A×R9928,籼型三系杂交稻,广西兆和种业有限公司,桂审稻2014021号,桂审稻,2014021,兆丰A,广西兆和种业有限公司
广西,优Ⅰ5012,优ⅠA×R5012,籼型三系杂交稻,广西博白县农业科学研究所,桂审稻2001111号,桂审稻,2001111,优ⅠA,广西博白县农业科学研究所
广西,Ⅱ优838,Ⅱ-32A×辐恢838,籼型三系杂交稻,四川省原子核应用技术研究所,桂审稻200062号,桂审稻,200062,Ⅱ-32A,四川省原子核应用技术研究所
广西,力源占1号,桂引901×八桂香,籼型常规稻,广西壮族自治区农业科学院水稻研究所,桂审稻2006041号,桂审稻,2006041,桂引901,广西壮族自治区农业科学院水稻研究所
广西,软华优玉丝香,G软华A×优恢65,籼型三系杂交稻,广西皓凯生物科技有限公司等,桂审稻2019096号,桂审稻,2019096,G软华A,广西皓凯生物科技有限公司
广西,万象优丰香1号,万象A×丰香1号,籼型三系杂交稻,广西南宁良农种业有限公司等,桂审稻2020111号,桂审稻,2020111,万象A,广西南宁良农种业有限公司
广西,台优越占,台谷A×越占,籼型三系杂交稻,广西博士园种业有限公司,桂审稻2020070号,桂审稻,2020070,台谷A,广西博士园种业有限公司
广西,先优银占9号,先A×R银占9号,籼型三系杂交稻,广西大学等,桂审稻2019134号,桂审稻,2019134,先A,广西大学
广西,丰顺优金香丝苗,丰顺A×R404,籼型三系杂交稻,广西金卡农业科技有限公司,桂审稻2020137号,桂审稻,2020137,丰顺A,广西金卡农业科技有限公司
广西,T优585,T98A×R585,籼型三系杂交稻,广西百色兆农两系杂交水稻研发中心,桂审稻2009003号,桂审稻,2009003,T98A,广西百色兆农两系杂交水稻研发中心
广西,丰田优香653,丰田1A×R103,籼型三系杂交稻,广西金卡农业科技有限公司,桂审稻2020136号,桂审稻,2020136,丰田1A,广西金卡农业科技有限公司
广西,特优6811,龙特甫A×R6811,籼型三系杂交稻,广西农业科学院水稻研究所,桂审稻2010015号,桂审稻,2010015,龙特甫A,广西农业科学院水稻研究所
广西,香占优1号,香占A×R01,籼型三系杂交稻,广西绿海种业有限公司,桂审稻2018089号,桂审稻,2018089,香占A,广西绿海种业有限公司
海南,�h020S,呈391S×中丰S2,籼型不育系,中国种子集团有限公司三亚分公司,琼审稻2021024,琼审稻,2021024,呈391S,中国种子集团有限公司三亚分公司
广西,Y两优087,Y58S×R087,籼型两系杂交稻,南宁市沃德农作物研究所等,桂审稻2010014号,桂审稻,2010014,Y58S,南宁市沃德农作物研究所
广西,准两优5号,准S×绿恢5号,籼型两系杂交稻,罗敬昭,桂审稻2010013号,桂审稻,2010013,准S,罗敬昭
广西,信丰优008,信丰A×R008,籼型三系杂交稻,罗敬昭,桂审稻2010012号,桂审稻,2010012,信丰A,罗敬昭
广西,特优590,龙特甫A×容恢590,籼型三系杂交稻,广西容县种子公司,桂审稻2010011号,桂审稻,2010011,龙特甫A,广西容县种子公司
广西,特优3301,龙特甫A×闽恢3301,籼型三系杂交稻,福建省农业科学院生物技术研究所,桂审稻2010010号,桂审稻,2010010,龙特甫A,福建省农业科学院生物技术研究所
广西,力丰优5059,力丰A×R5059,籼型三系杂交稻,广西兆和种业有限公司,桂审稻2010009号,桂审稻,2010009,力丰A,广西兆和种业有限公司
广西,特优6603,龙特甫A×R6603,籼型三系杂交稻,广西桂穗种业有限公司,桂审稻2010008号,桂审稻,2010008,龙特甫A,广西桂穗种业有限公司
广西,博优6811,博A×R6811,籼型三系杂交稻,广西农业科学院水稻研究所,桂审稻2010019号,桂审稻,2010019,博A,广西农业科学院水稻研究所
广西,龙丰优1号,龙丰A×辐恢838-1,籼型三系杂交稻,广西农业科学院水稻研究所,桂审稻2014020号,桂审稻,2014020,龙丰A,广西农业科学院水稻研究所
广西,福糯,IR24×温造青,籼型常规稻,广西农学院,桂审证字第077号,桂审稻,077,IR24,广西农学院
广西,特优桂33,龙特甫A×桂33,籼型三系杂交稻,广西百色地区种子公司,桂审稻200061号,桂审稻,200061,龙特甫A,广西百色地区种子公司
海南,棠0058S,C815S×Y58S,籼型不育系,安徽新安种业有限公司,琼审稻2021023,琼审稻,2021023,C815S,安徽新安种业有限公司
广西,旺优672,旺A×正恢672,籼型三系杂交稻,广西桂稻香农作物研究所有限公司等,桂审稻2020110号,桂审稻,2020110,旺A,广西桂稻香农作物研究所有限公司
广西,蜀优217,蜀21A×成恢727,籼型三系杂交稻,四川农业大学水稻研究所,桂审稻2019209号,桂审稻,2019209,蜀21A,四川农业大学水稻研究所
广西,培杂266,培矮64S×玉266,籼型两系杂交稻,广西玉林市农业科学研究所,桂审稻2001110号,桂审稻,2001110,培矮64S,广西玉林市农业科学研究所
广西,白美优852,白美A×R852,籼型三系杂交稻,广西瀚林农业科技有限公司,桂审稻2018088号,桂审稻,2018088,白美A,广西瀚林农业科技有限公司
广西,农乐1号,96占×七桂占,籼型常规稻,广西壮族自治区农业科学院水稻研究所,桂审稻2006040号,桂审稻,2006040,96占,广西壮族自治区农业科学院水稻研究所
广西,绮优08,绮A×08,籼型三系杂交稻,广西壮族自治区农业科学院水稻研究所,桂审稻2006039号,桂审稻,2006039,绮A,广西壮族自治区农业科学院水稻研究所
广西,华优122,Y华农A×广恢122,籼型三系杂交稻,藤县种子公司等,桂审稻2005016号,桂审稻,2005016,Y华农A,藤县种子公司
广西,丰优1号,丰7A×早恢1号,籼型三系杂交稻,合肥丰乐种业股份有限公司,桂审稻2009002号,桂审稻,2009002,丰7A,合肥丰乐种业股份有限公司
广西,昌两优香久久,昌S×恒香久久,籼型两系杂交稻,广西恒茂农业科技有限公司等,桂审稻2020135号,桂审稻,2020135,昌S,广西恒茂农业科技有限公司
广西,泰丰优1087,泰丰18A×R1087,籼型三系杂交稻,广西仙德农业科技有限公司,桂审稻2019133号,桂审稻,2019133,泰丰18A,广西仙德农业科技有限公司
广西,宁丰优699,宁丰A×测699,籼型三系杂交稻,广西皓凯生物科技有限公司等,桂审稻2019095号,桂审稻,2019095,宁丰A,广西皓凯生物科技有限公司
广西,特优3813,龙特甫A×R3813,籼型三系杂交稻,广西民乐种业有限公司,桂审稻2012012号,桂审稻,2012012,龙特甫A,广西民乐种业有限公司
广西,陵两优711,湘陵628S×华恢711,籼型两系杂交稻,湖南亚华种业科学研究院,桂审稻2010018号,桂审稻,2010018,湘陵628S,湖南亚华种业科学研究院
广西,圣优988,圣A×R988,籼型三系杂交稻,广西博白县作物品种资源研究所,桂审稻2010017号,桂审稻,2010017,圣A,广西博白县作物品种资源研究所
广西,陵两优197,湘陵628S×R197,籼型两系杂交稻,广西恒茂农业科技有限公司等,桂审稻2013024号,桂审稻,2013024,湘陵628S,广西恒茂农业科技有限公司
广西,C两优新华粘,C815S×新华粘,籼型两系杂交稻,湖南永益农业科技发展有限公司等,桂审稻2020069号,桂审稻,2020069,C815S,湖南永益农业科技发展有限公司
广西,文优198,文香28A×兴恢198,籼型三系杂交稻,文山州农业科学院等,桂审稻2019208号,桂审稻,2019208,文香28A,文山州农业科学院
广西,顺优109,顺A×早恢109,籼型三系杂交稻,广西大学,桂审稻2009001号,桂审稻,2009001,顺A,广西大学
广西,博优01,博A×R01,籼型三系杂交稻,广西博白县农业科学研究所,桂审稻2001109号,桂审稻,2001109,博A,广西博白县农业科学研究所
广西,荃优华占,荃9311A×华占,籼型三系杂交稻,安徽荃银高科种业股份有限公司等,桂审稻2019207号,桂审稻,2019207,荃9311A,安徽荃银高科种业股份有限公司
广西,可香优籴丝,可香A×屯恢籴丝,籼型三系杂交稻,陆川县穗园农业良种培育中心等,桂审稻2020068号,桂审稻,2020068,可香A,陆川县穗园农业良种培育中心
广西,悦香优银占,悦香A×R银占,籼型三系杂交稻,广西万禾种业有限公司等,桂审稻2019094号,桂审稻,2019094,悦香A,广西万禾种业有限公司
广西,泰优305,泰丰A×广恢305,籼型三系杂交稻,广东省农业科学院水稻研究所等,桂审稻2020109号,桂审稻,2020109,泰丰A,广东省农业科学院水稻研究所
广西,金优358,金23A×测358,籼型三系杂交稻,广西大学,桂审稻2007038号,桂审稻,2007038,金23A,广西大学
海南,汉2S,RD23/长雄野生稻×R402,籼型不育系,湖南杂交水稻研究中心等,琼审稻2021022,琼审稻,2021022,RD23/长雄野生稻,湖南杂交水稻研究中心
广西,汕优广12,珍汕97A×广12,籼型三系杂交稻,广西农学院,桂审证字第076号,桂审稻,076,珍汕97A,广西农学院
广西,丽香优520,丽香A×R520,籼型三系杂交稻,广西百香高科种业有限公司,桂审稻2019132号,桂审稻,2019132,丽香A,广西百香高科种业有限公司
广西,特优165,龙特甫A×桂165,籼型三系杂交稻,广西农业科学院水稻研究所,桂审稻2010007号,桂审稻,2010007,龙特甫A,广西农业科学院水稻研究所
广西,昌两优香2,昌S×百恢2号,籼型两系杂交稻,广西恒茂农业科技有限公司等,桂审稻2020134号,桂审稻,2020134,昌S,广西恒茂农业科技有限公司
广西,特优1683,龙特甫A×R1683,籼型三系杂交稻,广西瑞特种子有限责任公司,桂审稻2012011号,桂审稻,2012011,龙特甫A,广西瑞特种子有限责任公司
广西,两优培三,培矮64S×宇305,籼型两系杂交稻,广西壮族自治区种子公司,桂审稻2006038号,桂审稻,2006038,培矮64S,广西壮族自治区种子公司
广西,特优831,龙特甫A×桂831,籼型三系杂交稻,广西农业科学院水稻研究所,桂审稻2014019号,桂审稻,2014019,龙特甫A,广西农业科学院水稻研究所
广西,绿海优星星丝苗,绿海A×R星星丝苗,籼型三系杂交稻,广西绿海种业有限公司,桂审稻2020133号,桂审稻,2020133,绿海A,广西绿海种业有限公司
广西,灵丰粳052,灵丰A×粳052,籼型三系杂交稻,广西桂穗种业有限公司,桂审稻2018087号,桂审稻,2018087,灵丰A,广西桂穗种业有限公司
广西,徽两优898,1892S×YR0822,籼型两系杂交稻,安徽荃银高科种业股份有限公司等,桂审稻2019206号,桂审稻,2019206,1892S,安徽荃银高科种业股份有限公司
广西,垦香优玉珍,垦香A×玉珍,籼型三系杂交稻,广西万禾种业有限公司等,桂审稻2019093号,桂审稻,2019093,垦香A,广西万禾种业有限公司
广西,华两优128,华68S×广恢128,籼型两系杂交稻,华南农业大学农学院,桂审稻2014018号,桂审稻,2014018,华68S,华南农业大学农学院
广西,穗香优籴丝,穗香A×屯恢籴丝,籼型三系杂交稻,陆川县穗园农业良种培育中心等,桂审稻2020067号,桂审稻,2020067,穗香A,陆川县穗园农业良种培育中心
广西,吉香3号,吉香1A×蜀恢527,籼型三系杂交稻,四川农大高科农业有限责任公司,桂审稻2005015号,桂审稻,2005015,吉香1A,四川农大高科农业有限责任公司
广西,绿海优巴丝,绿海A×R巴丝,籼型三系杂交稻,广西绿海种业有限公司,桂审稻2020132号,桂审稻,2020132,绿海A,广西绿海种业有限公司
海南,朋1S,深08S×33S,籼型不育系,海南波莲水稻基因科技有限公司,琼审稻2021021,琼审稻,2021021,深08S,海南波莲水稻基因科技有限公司
广西,野香优巴丝,野香A×巴丝,籼型三系杂交稻,江西农业大学农学院等,桂审稻2019131号,桂审稻,2019131,野香A,江西农业大学农学院
广西,优Ⅰ红香优33,优ⅠA×R36M,籼型三系杂交稻,广西象州黄氏水稻研究所,桂审稻2006037号,桂审稻,2006037,优ⅠA,广西象州黄氏水稻研究所
广西,Y两优286,Y58S×R286,籼型两系杂交稻,南宁市沃德农作物研究所等,桂审稻2012010号,桂审稻,2012010,Y58S,南宁市沃德农作物研究所
广西,新丰优529,219A×R529,籼型三系杂交稻,广西皓凯生物科技有限公司等,桂审稻2019130号,桂审稻,2019130,219A,广西皓凯生物科技有限公司
广西,凯丰优158,968A×裕恢R158,籼型三系杂交稻,广西皓凯生物科技有限公司等,桂审稻2019092号,桂审稻,2019092,968A,广西皓凯生物科技有限公司
广西,群优1256,群A×金恢1256,籼型三系杂交稻,不详,桂审稻2014017号,桂审稻,2014017,群A,不详
海南,俏红3号,中种恢629/红荔丝苗×A203,籼型常规稻,海南广陵高科实业有限公司,琼审稻2021020,琼审稻,2021020,中种恢629/红荔丝苗,海南广陵高科实业有限公司
广西,穗香优9168,穗香A×屯恢9168,籼型三系杂交稻,陆川县穗园农业良种培育中心等,桂审稻2020066号,桂审稻,2020066,穗香A,陆川县穗园农业良种培育中心
广西,Y两优976,Y58S×望恢976,籼型两系杂交稻,武汉市文鼎农业生物技术有限公司等,桂审稻2019205号,桂审稻,2019205,Y58S,武汉市文鼎农业生物技术有限公司
海南,海农红2号,大丰糯×凤枣丝苗,籼型常规稻,海南省农业科学院粮食作物研究所等,琼审稻2021019,琼审稻,2021019,大丰糯,海南省农业科学院粮食作物研究所
广西,先农22号,2148S×Q026,籼型两系杂交稻,安微荃银农业高科技研究所,桂审稻2006036号,桂审稻,2006036,2148S,安微荃银农业高科技研究所
广西,稻香优619,稻香A×R619,籼型三系杂交稻,广西桂穗种业有限公司,桂审稻2018086号,桂审稻,2018086,稻香A,广西桂穗种业有限公司
广西,特优269,龙特甫A×玉269,籼型三系杂交稻,玉林市农业科学研究所等,桂审稻2012009号,桂审稻,2012009,龙特甫A,玉林市农业科学研究所
广西,科德优189,科德186A×R189,籼型三系杂交稻,广西仙德农业科技有限公司,桂审稻2020131号,桂审稻,2020131,科德186A,广西仙德农业科技有限公司
广西,民丰优036,民丰A×R瑞恢036,籼型三系杂交稻,广西皓凯生物科技有限公司等,桂审稻2019129号,桂审稻,2019129,民丰A,广西皓凯生物科技有限公司
海南,特优680,龙特浦A×和恢660,籼型三系杂交稻,海南中农和盛科技有限公司,琼审稻2021018,琼审稻,2021018,龙特浦A,海南中农和盛科技有限公司
海南,汉两优169,汉2S×R169,籼型两系杂交稻,西科农业集团股份有限公司等,琼审稻2021017,琼审稻,2021017,汉2S,西科农业集团股份有限公司
广西,银泰优香占,银泰A×R香占,籼型三系杂交稻,广西仙德农业科技有限公司,桂审稻2020108号,桂审稻,2020108,银泰A,广西仙德农业科技有限公司
广西,泰丰18A,岳4A×泰丰18B,籼型不育系,广西象州黄氏水稻研究所,桂审稻2008028号,桂审稻,2008028,岳4A,广西象州黄氏水稻研究所
广西,可香优裕丝,可香A×屯恢裕丝,籼型三系杂交稻,陆川县穗园农业良种培育中心,桂审稻2020065号,桂审稻,2020065,可香A,陆川县穗园农业良种培育中心
广西,旱优113,沪旱11A×旱恢3号,籼型三系杂交稻,上海市农业生物基因中心,桂审稻2014016号,桂审稻,2014016,沪旱11A,上海市农业生物基因中心
广西,博优938,博A×钦恢9308,籼型三系杂交稻,钦州市农业科学研究所,桂审稻200060号,桂审稻,200060,博A,钦州市农业科学研究所
广西,特优6188,龙特甫A×R6188,籼型三系杂交稻,广西农业职业技术学院等,桂审稻2020064号,桂审稻,2020064,龙特甫A,广西农业职业技术学院
广西,星火优981,星火A×R981,籼型三系杂交稻,广西绿丰种业有限责任公司,桂审稻2020063号,桂审稻,2020063,星火A,广西绿丰种业有限责任公司
广西,西乡糯,双桂1号×小野糯,籼型常规稻,广西壮族自治区农业科学院水稻研究所,桂审证字第069号,桂审稻,069,双桂1号,广西壮族自治区农业科学院水稻研究所
广西,博优8798,博A×屯恢8798,籼型三系杂交稻,广西桂穗种业有限公司,桂审稻2018085号,桂审稻,2018085,博A,广西桂穗种业有限公司
广西,培杂28,培矮64S×R8258,籼型两系杂交稻,华南农业大学农学系,桂审稻2001108号,桂审稻,2001108,培矮64S,华南农业大学农学系
广西,垦香优118,垦香A×R118,籼型三系杂交稻,广西万禾种业有限公司等,桂审稻2019091号,桂审稻,2019091,垦香A,广西万禾种业有限公司
广西,长香优289,长香A×R289,籼型三系杂交稻,广西万禾种业有限公司等,桂审稻2019128号,桂审稻,2019128,长香A,广西万禾种业有限公司
广西,玉优柳旱1号,玉A×旱1号,籼型三系杂交稻,柳州市农业科学研究所,桂审稻2012008号,桂审稻,2012008,玉A,柳州市农业科学研究所
广西,宝丰优001,宝丰A×R001,籼型三系杂交稻,罗敬昭,桂审稻2007037号,桂审稻,2007037,宝丰A,罗敬昭
广西,旌1优华珍,旌香1A×华珍,籼型三系杂交稻,四川省农业科学院水稻高粱研究所,桂审稻2019204号,桂审稻,2019204,旌香1A,四川省农业科学院水稻高粱研究所
广西,中3优810,中3A×中恢810,籼型三系杂交稻,中国水稻研究所等,桂审稻2010006号,桂审稻,2010006,中3A,中国水稻研究所
广西,培杂67,培矮64S×G67,籼型两系杂交稻,华南农业大学农学系,桂审稻2001107号,桂审稻,2001107,培矮64S,华南农业大学农学系
广西,冠A,秋A×金23B/秋优桂99,籼型不育系,广西南宁三益新品农业有限公司,桂审稻2008027号,桂审稻,2008027,秋A,广西南宁三益新品农业有限公司
广西,迪A,金23A×迪B,籼型不育系,广西瑞特种子有限责任公司,桂审稻2008026号,桂审稻,2008026,金23A,广西瑞特种子有限责任公司
广西,博优9083,博A×R9083,籼型三系杂交稻,广西兆和种业有限公司,桂审稻2013023号,桂审稻,2013023,博A,广西兆和种业有限公司
广西,桂丰2号,IR60830-110-3-3-1,籼型常规稻,广西农业科学院水稻研究所,桂审稻2001047号,桂审稻,2001047,IR60830-110-3-3-1,广西农业科学院水稻研究所
广西,万泰香占,泰国丝苗×田东香,籼型常规稻,广西万川种业有限公司等,桂审稻2020130号,桂审稻,2020130,泰国丝苗,广西万川种业有限公司
广西,贺两优86,贺S×明恢86,籼型两系杂交稻,广西省贺州市农业科学研究所等,桂审稻2005014号,桂审稻,2005014,贺S,广西省贺州市农业科学研究所
广西,优Ⅰ桂99,优ⅠA×桂99,籼型三系杂交稻,广西蒙山县种子公司,桂审稻200059号,桂审稻,200059,优ⅠA,广西蒙山县种子公司
广西,协四115,协作2号×IR24,籼型常规稻,广西河池地区农科所,桂审证字第064号,桂审稻,064,协作2号,广西河池地区农科所
广西,博优6858,博A×R6858,籼型三系杂交稻,广西壮邦种业有限公司,桂审稻2013022号,桂审稻,2013022,博A,广西壮邦种业有限公司
广西,宜香937,宜香1A×绵恢9937,籼型三系杂交稻,四川绵阳市农业科学研究所,桂审稻2006035号,桂审稻,2006035,宜香1A,四川绵阳市农业科学研究所
海南,永丰优78,永丰A×粤良恢78,籼型三系杂交稻,广东粤良种业有限公司,琼审稻2021016,琼审稻,2021016,永丰A,广东粤良种业有限公司
广西,泰两优1808,泰1S×泰恢808,籼型两系杂交稻,四川泰隆汇智生物科技有限公司,桂审稻2020062号,桂审稻,2020062,泰1S,四川泰隆汇智生物科技有限公司
广西,软华优128,G软华A×R128,籼型三系杂交稻,华南农业大学农学院,桂审稻2014015号,桂审稻,2014015,G软华A,华南农业大学农学院
广西,汕优玉83,珍汕97A×玉83,籼型三系杂交稻,广西玉林地区农科所,桂审证字第063号,桂审稻,063,珍汕97A,广西玉林地区农科所
广西,汕优桂99,珍汕97A×桂99,籼型三系杂交稻,广西农业科学院水稻研究所,桂审证字第062号,桂审稻,062,珍汕97A,广西农业科学院水稻研究所
广西,特优918,龙特甫A×R918,籼型三系杂交稻,广西瀚林农业科技有限公司,桂审稻2014014号,桂审稻,2014014,龙特甫A,广西瀚林农业科技有限公司
广西,兆两优7213,272S×R13,籼型两系杂交稻,广西兆和种业有限公司等,桂审稻2014013号,桂审稻,2014013,272S,广西兆和种业有限公司
广西,特优258,龙特甫A×测258,籼型三系杂交稻,广西大学支农开发中心,桂审稻2006034号,桂审稻,2006034,龙特甫A,广西大学支农开发中心
广西,知红A,丰A×知红B,籼型不育系,广西农业科学院水稻研究所,桂审稻2008025号,桂审稻,2008025,丰A,广西农业科学院水稻研究所
广西,陵两优1844,湘陵628S×湘恢1844,籼型两系杂交稻,湖南科裕隆种业有限公司,桂审稻2015019号,桂审稻,2015019,湘陵628S,湖南科裕隆种业有限公司
广西,秋长优3008,秋长A×R3008,籼型三系杂交稻,博白县作物品种资源研究所,桂审稻2015018号,桂审稻,2015018,秋长A,博白县作物品种资源研究所
广西,永优366,永A×测366,籼型三系杂交稻,广西大学等,桂审稻2012007号,桂审稻,2012007,永A,广西大学
广西,V两优7833,V33S×R7833,籼型两系杂交稻,广西百香高科种业有限公司,桂审稻2015017号,桂审稻,2015017,V33S,广西百香高科种业有限公司
广西,Ⅱ优416,Ⅱ-32A×R416,籼型三系杂交稻,湖南隆平高科农平种业有限公司,桂审稻2005013号,桂审稻,2005013,Ⅱ-32A,湖南隆平高科农平种业有限公司
广西,优Ⅰ974,优ⅠA×To974,籼型三系杂交稻,衡阳市农业科学研究所等,桂审稻200058号,桂审稻,200058,优ⅠA,衡阳市农业科学研究所
广西,中3优1681,中3A×中恢1681,籼型三系杂交稻,中国水稻研究所,桂审稻2010005号,桂审稻,2010005,中3A,中国水稻研究所
海南,特优101,龙特浦A×澄恢1011,籼型三系杂交稻,海南金谷正丰农业科技有限公司等,琼审稻2021015,琼审稻,2021015,龙特浦A,海南金谷正丰农业科技有限公司
广西,深两优9353,深08S×R9353,籼型两系杂交稻,广西智友生物科技股份有限公司,桂审稻2020129号,桂审稻,2020129,深08S,广西智友生物科技股份有限公司
广西,深两优813,深08S×R1135,籼型两系杂交稻,湖南泰邦农业科技股份有限公司,桂审稻2019203号,桂审稻,2019203,深08S,湖南泰邦农业科技股份有限公司
广西,博优64,博A×测64-7,籼型三系杂交稻,广西博白县农业科学研究所,桂审证字第061号,桂审稻,061,博A,广西博白县农业科学研究所
广西,丰两优3305,丰39S×R305,籼型两系杂交稻,合肥丰乐种业股份有限公司,桂审稻2015016号,桂审稻,2015016,丰39S,合肥丰乐种业股份有限公司
广西,兰优2098,兰A×R2098,籼型三系杂交稻,南宁市沃德农作物研究所,桂审稻2013021号,桂审稻,2013021,兰A,南宁市沃德农作物研究所
广西,特优399,龙特甫A×AG,籼型三系杂交稻,湖南隆平高科农平种业有限公司,桂审稻2006033号,桂审稻,2006033,龙特甫A,湖南隆平高科农平种业有限公司
广西,天优1025,天A×桂1025,籼型三系杂交稻,广西科泰种业有限公司,桂审稻2005012号,桂审稻,2005012,天A,广西科泰种业有限公司
广西,野香优703,野香A×R703,籼型三系杂交稻,广西绿海种业有限公司,桂审稻2013020号,桂审稻,2013020,野香A,广西绿海种业有限公司
广西,冈优825,冈46A×嘉恢825,籼型三系杂交稻,四川省嘉陵农作物品种研究中心,桂审稻2005011号,桂审稻,2005011,冈46A,四川省嘉陵农作物品种研究中心
广西,德优108,德山A×洲恢108,籼型三系杂交稻,广西智友生物科技股份有限公司,桂审稻2014012号,桂审稻,2014012,德山A,广西智友生物科技股份有限公司
广西,桂丝占,长丝占×桂引901,籼型常规稻,广西农业科学院水稻研究所,桂审稻2001046号,桂审稻,2001046,长丝占,广西农业科学院水稻研究所
广西,圣丰2优651,圣丰2A×南恢651,籼型三系杂交稻,南平市农业科学研究所,桂审稻2019202号,桂审稻,2019202,圣丰2A,南平市农业科学研究所
广西,百优1025,百A×桂1025,籼型三系杂交稻,广西农业科学院水稻研究所,桂审稻2007036号,桂审稻,2007036,百A,广西农业科学院水稻研究所
广西,龙优268,龙A×岑恢268,籼型三系杂交稻,岑溪市种子公司,桂审稻2007035号,桂审稻,2007035,龙A,岑溪市种子公司
广西,��优1067,��A×R1067,籼型三系杂交稻,广西百香高科种业有限公司,桂审稻2014011号,桂审稻,2014011,��A,广西百香高科种业有限公司
广西,立丰优新贵粘,立丰A×新贵粘,籼型三系杂交稻,岑溪市振田水稻研究所,桂审稻2020061号,桂审稻,2020061,立丰A,岑溪市振田水稻研究所
广西,万丰优289,万丰A×R2899,籼型三系杂交稻,广西万禾种业有限公司等,桂审稻2019127号,桂审稻,2019127,万丰A,广西万禾种业有限公司
广西,圣优2396,圣丰2A×JHR396,籼型三系杂交稻,建阳市嘉禾农作物研究所,桂审稻2019201号,桂审稻,2019201,圣丰2A,建阳市嘉禾农作物研究所
广西,银丰优422,银丰A×R422,籼型三系杂交稻,广西五泰种子有限公司,桂审稻2015015号,桂审稻,2015015,银丰A,广西五泰种子有限公司
广西,毅优航1号,毅A×航1号,籼型三系杂交稻,广西兆和种业有限公司,桂审稻2010004号,桂审稻,2010004,毅A,广西兆和种业有限公司
广西,Ⅱ优36辐,Ⅱ-32A×36辐,籼型三系杂交稻,广西桂林市种子公司等,桂审稻2001106号,桂审稻,2001106,Ⅱ-32A,广西桂林市种子公司
广西,万金优136,万金A×HR136,籼型三系杂交稻,广东天弘种业有限公司等,桂审稻2007034号,桂审稻,2007034,万金A,广东天弘种业有限公司
广西,D优202,D62A×蜀恢202,籼型三系杂交稻,四川农业大学水稻研究所等,桂审稻2005010号,桂审稻,2005010,D62A,四川农业大学水稻研究所
广西,桂华占,七丝占×桂引901,籼型常规稻,广西农业科学院水稻研究所,桂审稻2001045号,桂审稻,2001045,七丝占,广西农业科学院水稻研究所
广西,博红优958,博A×R958,籼型三系杂交稻,广西绿宇种业有限责任公司,桂审稻2007033号,桂审稻,2007033,博A,广西绿宇种业有限责任公司
广西,青桂3号,桂朝2号×竹广青,籼型常规稻,广西钦州地区农科所,桂审证字第059号,桂审稻,059,桂朝2号,广西钦州地区农科所
广西,特优86,龙特甫A×明恢86,籼型三系杂交稻,三明市农业科学研究所,桂审稻200057号,桂审稻,200057,龙特甫A,三明市农业科学研究所
广西,油占8号,澳粳占,籼型常规稻,广西农业科学院水稻研究所,桂审稻2001044号,桂审稻,2001044,澳粳占,广西农业科学院水稻研究所
海南,恒泰优280,恒泰A×恒恢280,籼型三系杂交稻,广东现代种业发展有限公司,琼审稻2021014,琼审稻,2021014,恒泰A,广东现代种业发展有限公司
广西,H两优1712,HD9802S×R1712,籼型两系杂交稻,广西兆和种业有限公司,桂审稻2014010号,桂审稻,2014010,HD9802S,广西兆和种业有限公司
广西,湘福优10号,湘福A×湘恢10号,籼型三系杂交稻,湖南科裕隆种业有限公司,桂审稻2015014号,桂审稻,2015014,湘福A,湖南科裕隆种业有限公司
广西,清香优039,清香A×R瑞恢039,籼型三系杂交稻,广西皓凯生物科技有限公司等,桂审稻2019126号,桂审稻,2019126,清香A,广西皓凯生物科技有限公司
广西,Ⅱ优207,Ⅱ-32A×先恢207,籼型三系杂交稻,广西桂林市种子公司等,桂审稻2001105号,桂审稻,2001105,Ⅱ-32A,广西桂林市种子公司
广西,特优1218,龙特甫A×JHR1218,籼型三系杂交稻,南平市建阳区嘉禾农作物研究所,桂审稻2019200号,桂审稻,2019200,龙特甫A,南平市建阳区嘉禾农作物研究所
广西,H两优6839,HD9802S×R6839,籼型两系杂交稻,广西兆和种业有限公司,桂审稻2012006号,桂审稻,2012006,HD9802S,广西兆和种业有限公司
广西,绮优293,绮A×桂293,籼型三系杂交稻,广西壮族自治区农业科学院水稻研究所,桂审稻2005009号,桂审稻,2005009,绮A,广西壮族自治区农业科学院水稻研究所
广西,博优323,博A×R323,籼型三系杂交稻,广西瑞恒种业有限公司,桂审稻2007032号,桂审稻,2007032,博A,广西瑞恒种业有限公司
广西,望两优华占,望S×华占,籼型两系杂交稻,湖南希望种业科技股份有限公司等,桂审稻2019199号,桂审稻,2019199,望S,湖南希望种业科技股份有限公司
广西,��1优纳丝,��1A×R纳丝,籼型三系杂交稻,广西百香高科种业有限公司,桂审稻2020107号,桂审稻,2020107,��1A,广西百香高科种业有限公司
广西,辐占,辐糯,籼型常规稻,广西农业科学院水稻研究所,桂审稻2001043号,桂审稻,2001043,辐糯,广西农业科学院水稻研究所
广西,博Ⅲ优9678,博ⅢA×R9678,籼型三系杂交稻,博白县农业科学研究所,桂审稻2007031号,桂审稻,2007031,博ⅢA,博白县农业科学研究所
广西,新香优207,新香A×先恢207,籼型三系杂交稻,湖南杂交水稻研究中心,桂审稻2001104号,桂审稻,2001104,新香A,湖南杂交水稻研究中心
广西,金优207,金23A×先恢207,籼型三系杂交稻,湖南杂交水稻研究中心,桂审稻2001103号,桂审稻,2001103,金23A,湖南杂交水稻研究中心
广西,香两优1313,香S×R1313,籼型两系杂交稻,广西瑞特种子有限责任公司等,桂审稻2018084号,桂审稻,2018084,香S,广西瑞特种子有限责任公司
广西,泰丰优淦3号,泰丰A×淦恢3号,籼型三系杂交稻,江西现代种业有限责任公司,桂审稻2015013号,桂审稻,2015013,泰丰A,江西现代种业有限责任公司
广西,竹选25,竹选1号,籼型常规稻,广西钦州地区农科所,桂审证字第058号,桂审稻,058,竹选1号,广西钦州地区农科所
广西,博优8008,博A×R8008,籼型三系杂交稻,广西兆福农业科技有限公司,桂审稻2013019号,桂审稻,2013019,博A,广西兆福农业科技有限公司
广西,��优801,��A×R801,籼型三系杂交稻,广西桂穗种业有限公司,桂审稻2013018号,桂审稻,2013018,��A,广西桂穗种业有限公司
广西,宜香优5979,宜香1A×宜恢5979,籼型三系杂交稻,宜宾市农业科学院,桂审稻2019198号,桂审稻,2019198,宜香1A,宜宾市农业科学院
广西,珍野优11香,珍野A×11香,籼型三系杂交稻,广西兆和种业有限公司等,桂审稻2020060号,桂审稻,2020060,珍野A,广西兆和种业有限公司
广西,先红A,博A×先红B,籼型不育系,广西农业科学院水稻研究所,桂审稻2008024号,桂审稻,2008024,博A,广西农业科学院水稻研究所
广西,T优1202,T98A×R1202,籼型三系杂交稻,南宁市沃德农作物研究所,桂审稻2005008号,桂审稻,2005008,T98A,南宁市沃德农作物研究所
海南,秀优1125,秀A×和恢1125,籼型三系杂交稻,海南中农和盛科技有限公司,琼审稻2021013,琼审稻,2021013,秀A,海南中农和盛科技有限公司
广西,软华优699,G软华A×R699,籼型三系杂交稻,长沙利诚种业有限公司,桂审稻2015012号,桂审稻,2015012,G软华A,长沙利诚种业有限公司
广西,T优682,T98A×R682,籼型三系杂交稻,广西博士园种业有限公司,桂审稻2010003号,桂审稻,2010003,T98A,广西博士园种业有限公司
广西,特优172,龙特甫A×172,籼型三系杂交稻,容县农业科学研究所,桂审稻2006032号,桂审稻,2006032,龙特甫A,容县农业科学研究所
广西,香两优1116,香S×R1116,籼型两系杂交稻,广西瑞特种子有限责任公司等,桂审稻2018083号,桂审稻,2018083,香S,广西瑞特种子有限责任公司
广西,昌两优9号,昌S×恒恢9号,籼型两系杂交稻,广西恒茂农业科技有限公司等,桂审稻2020128号,桂审稻,2020128,昌S,广西恒茂农业科技有限公司
广西,早香1号,P4070F3-3-RH3-1BA选早3×壮香,籼型常规稻,广西农业科学院水稻研究所,桂审稻2001042号,桂审稻,2001042,P4070F3-3-RH3-1BA选早3,广西农业科学院水稻研究所
广西,珍野优郁香,珍野A×郁香,籼型三系杂交稻,广西兆和种业有限公司,桂审稻2020059号,桂审稻,2020059,珍野A,广西兆和种业有限公司
广西,丰两优6号,丰39S×丰恢6号,籼型两系杂交稻,合肥丰乐种业股份有限公司,桂审稻2012005号,桂审稻,2012005,丰39S,合肥丰乐种业股份有限公司
广西,软华优535,G软华A×R535,籼型三系杂交稻,华南农业大学农学院,桂审稻2015011号,桂审稻,2015011,G软华A,华南农业大学农学院
广西,野香优818,野香A×R818,籼型三系杂交稻,广西绿海种业有限公司,桂审稻2020106号,桂审稻,2020106,野香A,广西绿海种业有限公司
广西,威优207,威20A×先恢207,籼型三系杂交稻,湖南杂交水稻研究中心,桂审稻2001102号,桂审稻,2001102,威20A,湖南杂交水稻研究中心
广西,良丰优838,良丰A×辐恢838,籼型三系杂交稻,广西农业科学院水稻研究所,桂审稻2015010号,桂审稻,2015010,良丰A,广西农业科学院水稻研究所
广西,博优7118,博A×R7118,籼型三系杂交稻,广西绿丰种业有限责任公司等,桂审稻2013017号,桂审稻,2013017,博A,广西绿丰种业有限责任公司
广西,广8优龙丝苗,广8A×龙丝苗,籼型三系杂交稻,广西兆和种业有限公司等,桂审稻2020058号,桂审稻,2020058,广8A,广西兆和种业有限公司
广西,美优1025,美A×桂1025,籼型三系杂交稻,广西农业科学院水稻研究所,桂审稻2001041号,桂审稻,2001041,美A,广西农业科学院水稻研究所
海南,爽两优138,爽1S×强恢38,籼型两系杂交稻,西科农业集团股份有限公司等,琼审稻2021012,琼审稻,2021012,爽1S,西科农业集团股份有限公司
广西,巡两优151,巡天15S×R151,籼型两系杂交稻,贺州市农业科学院等,桂审稻2020127号,桂审稻,2020127,巡天15S,贺州市农业科学院
广西,湘优8817,湘菲A×湘恢8817,籼型三系杂交稻,湖南科裕隆种业有限公司,桂审稻2010002号,桂审稻,2010002,湘菲A,湖南科裕隆种业有限公司
广西,H两优7201,HD9802S×R7201,籼型两系杂交稻,武汉武大天源生物科技股份有限公司,桂审稻2012004号,桂审稻,2012004,HD9802S,武汉武大天源生物科技股份有限公司
广西,湘优1126,湘菲A×湘恢1126,籼型三系杂交稻,湖南科裕隆种业有限公司,桂审稻2015009号,桂审稻,2015009,湘菲A,湖南科裕隆种业有限公司
广西,兰优2093,兰A×R2093,籼型三系杂交稻,南宁市沃德农作物研究所,桂审稻2013016号,桂审稻,2013016,兰A,南宁市沃德农作物研究所
广西,汕优207,珍汕97A×先恢207,籼型三系杂交稻,湖南杂交水稻研究中心,桂审稻2001101号,桂审稻,2001101,珍汕97A,湖南杂交水稻研究中心
广西,兆优5455,兆A×R5455,籼型三系杂交稻,深圳市兆农农业科技有限公司,桂审稻2019197号,桂审稻,2019197,兆A,深圳市兆农农业科技有限公司
广西,更香优糖丝,更香A×R糖丝,籼型三系杂交稻,广西绿海种业有限公司,桂审稻2020105号,桂审稻,2020105,更香A,广西绿海种业有限公司
广西,天丰优6418,天丰A×R6418,籼型三系杂交稻,江西天涯种业有限公司等,桂审稻2013015号,桂审稻,2013015,天丰A,江西天涯种业有限公司
广西,中智香优8号,中智A×R161,籼型三系杂交稻,广西金卡农业科技有限公司,桂审稻2020057号,桂审稻,2020057,中智A,广西金卡农业科技有限公司
广西,荆楚优866,荆楚814A×R866,籼型三系杂交稻,湖北荆楚种业股份有限公司等,桂审稻2012003号,桂审稻,2012003,荆楚814A,湖北荆楚种业股份有限公司
广西,美优138,美A×测13-8,籼型三系杂交稻,广西农业科学院水稻研究所,桂审稻2001040号,桂审稻,2001040,美A,广西农业科学院水稻研究所
海南,中泰A,天丰A×中泰B,籼型不育系,广东现代种业发展有限公司,琼审稻2021011,琼审稻,2021011,天丰A,广东现代种业发展有限公司
广西,珍两优3号,珍96S×化感稻3号,籼型两系杂交稻,华南农业大学,桂审稻2020126号,桂审稻,2020126,珍96S,华南农业大学
广西,冈优22,冈46A×CDR22,籼型三系杂交稻,四川省农业科学院作物所等,桂审稻200056号,桂审稻,200056,冈46A,四川省农业科学院作物所
广西,优Ⅰ647,优ⅠA×R647,籼型三系杂交稻,广西桂林地区种子公司,桂审稻2001100号,桂审稻,2001100,优ⅠA,广西桂林地区种子公司
广西,泸优2155,泸香618A×明恢2155,籼型三系杂交稻,福建六三种业有限公司等,桂审稻2014009号,桂审稻,2014009,泸香618A,福建六三种业有限公司
广西,孟两优838,孟S×辐恢838,籼型两系杂交稻,广西绿田种业有限公司,桂审稻2010001号,桂审稻,2010001,孟S,广西绿田种业有限公司
广西,深两优0858,深08S×泰恢5845,籼型两系杂交稻,四川泰隆农业科技有限公司,桂审稻2015008号,桂审稻,2015008,深08S,四川泰隆农业科技有限公司
广西,深两优8386,深08S×R1386,籼型两系杂交稻,广西兆和种业有限公司,桂审稻2015007号,桂审稻,2015007,深08S,广西兆和种业有限公司
广西,郴香优1号,郴A×郴R1号,籼型三系杂交稻,湖南省郴州市农业科学研究所等,桂审稻2012002号,桂审稻,2012002,郴A,湖南省郴州市农业科学研究所
广西,桂茉香1号,茉莉占×早桂1号,籼型常规稻,玉林市农业科学研究所,桂审稻2008023号,桂审稻,2008023,茉莉占,玉林市农业科学研究所
广西,六两优628,6105S×R628,籼型两系杂交稻,安徽绿亿种业有限公司,桂审稻2013014号,桂审稻,2013014,6105S,安徽绿亿种业有限公司
广西,良相优品来,良相A×品来,籼型三系杂交稻,广西万川种业有限公司等,桂审稻2020056号,桂审稻,2020056,良相A,广西万川种业有限公司
广西,博优768,博A×R768,籼型三系杂交稻,广西南繁种业有限公司,桂审稻2007030号,桂审稻,2007030,博A,广西南繁种业有限公司
广西,竹桂371,桂朝2号×竹选72-4,籼型常规稻,广西钦州地区农科所,桂审证字第057号,桂审稻,057,桂朝2号,广西钦州地区农科所
广西,金优6601,金23A×R6601,籼型三系杂交稻,广西桂穗种业有限公司,桂审稻2005007号,桂审稻,2005007,金23A,广西桂穗种业有限公司
广西,恒丰优779,恒丰A×R779,籼型三系杂交稻,广西兆和种业有限公司,桂审稻2018082号,桂审稻,2018082,恒丰A,广西兆和种业有限公司
广西,聚两优751,GD-7S×V5128,籼型两系杂交稻,广东省农业科学院水稻研究所,桂审稻2019196号,桂审稻,2019196,GD-7S,广东省农业科学院水稻研究所
广西,金谷202,金谷A×蜀恢202,籼型三系杂交稻,四川农业大学水稻研究所等,桂审稻2006031号,桂审稻,2006031,金谷A,四川农业大学水稻研究所
广西,甬优1540,甬粳15A×F7540,籼粳交三系杂交稻,宁波种业股份有限公司,桂审稻2015006号,桂审稻,2015006,甬粳15A,宁波种业股份有限公司
广西,广和优618,广和A×R618,籼型三系杂交稻,广西兆和种业有限公司等,桂审稻2018081号,桂审稻,2018081,广和A,广西兆和种业有限公司
广西,芳A,SP134×芳B,籼型不育系,广西壮族自治区种子公司,桂审稻2009031号,桂审稻,2009031,SP134,广西壮族自治区种子公司
广西,昌盛优玉兔占,昌盛843A×玉兔占,籼型三系杂交稻,江西天涯种业有限公司,桂审稻2020104号,桂审稻,2020104,昌盛843A,江西天涯种业有限公司
广西,惠两优901,惠34S×丰恢901,籼型两系杂交稻,武汉惠华三农种业有限公司,桂审稻2013013号,桂审稻,2013013,惠34S,武汉惠华三农种业有限公司
广西,Ⅱ优3550,Ⅱ-32A×广恢3550,籼型三系杂交稻,广东省农业科学院水稻研究所等,桂审稻200055号,桂审稻,200055,Ⅱ-32A,广东省农业科学院水稻研究所
广西,美优桂99,美A×桂99,籼型三系杂交稻,广西农业科学院水稻研究所,桂审稻2001039号,桂审稻,2001039,美A,广西农业科学院水稻研究所
海南,热科182,美香占2号×黄华占//金农丝苗/SIPI,籼型常规稻,中国热带农业科学院热带作物品种资源研究所,琼审稻2021010,琼审稻,2021010,美香占2号,中国热带农业科学院热带作物品种资源研究所
广西,丝香1号,丝苗香×西山香/桂99,粳型常规稻,玉林市农业科学研究所等,桂审稻2008022号,桂审稻,2008022,丝苗香,玉林市农业科学研究所
广西,顺A,优ⅠA×顺B,籼型不育系,广西大学,桂审稻2009030号,桂审稻,2009030,优ⅠA,广西大学
广西,博优358,博A×测358,籼型三系杂交稻,广西大学,桂审稻2007029号,桂审稻,2007029,博A,广西大学
广西,桂育2号,油占8号×特优63-rM5,籼型常规稻,广西农业科学院水稻研究所等,桂审稻2008021号,桂审稻,2008021,油占8号,广西农业科学院水稻研究所
广西,黄华占,黄新占×丰华占,籼型常规稻,广东省农业科学院水稻研究所,桂审稻2008020号,桂审稻,2008020,黄新占,广东省农业科学院水稻研究所
广西,科德优红33,科德186A×红香恢SR33M,籼型三系杂交稻,广西象州黄氏水稻研究所,桂审稻2008019号,桂审稻,2008019,科德186A,广西象州黄氏水稻研究所
广西,六优1025,六A×桂1025,籼型三系杂交稻,广西农业科学院水稻研究所,桂审稻2001038号,桂审稻,2001038,六A,广西农业科学院水稻研究所
海南,绿新占,新黄占×五山丝苗,籼型常规稻,深圳市金谷美香实业有限公司,琼审稻2021009,琼审稻,2021009,新黄占,深圳市金谷美香实业有限公司
广西,灵优6602,灵红A×R6602,籼型三系杂交稻,广西桂穗种业有限公司,桂审稻2005006号,桂审稻,2005006,灵红A,广西桂穗种业有限公司
广西,孟两优705,孟S×R705,籼型两系杂交稻,广西壮族自治区种子公司,桂审稻2013012号,桂审稻,2013012,孟S,广西壮族自治区种子公司
广西,博Ⅱ优3550,博ⅡA×广恢3550,籼型三系杂交稻,广西岑溪市种子公司,桂审稻200054号,桂审稻,200054,博ⅡA,广西岑溪市种子公司
广西,百优1191,百A×桂恢1191,籼型三系杂交稻,广西农业科学院水稻研究所,桂审稻2008018号,桂审稻,2008018,百A,广西农业科学院水稻研究所
广西,特优128,龙特甫A×R128,籼型三系杂交稻,广西藤县种子公司等,桂审稻2001037号,桂审稻,2001037,龙特甫A,广西藤县种子公司
海南,红香110,红香2A×香恢10号,籼型三系杂交稻,湖北中香米业有限责任公司,琼审稻2021008,琼审稻,2021008,红香2A,湖北中香米业有限责任公司
广西,博优8305,博A×华恢305,籼型三系杂交稻,华南农业大学农学院,桂审稻2007028号,桂审稻,2007028,博A,华南农业大学农学院
广西,博优3550,博A×广恢3550,籼型三系杂交稻,广东省农业科学院水稻研究所等,桂审稻200053号,桂审稻,200053,博A,广东省农业科学院水稻研究所
广西,家福香1号,桂丝占×丰华占,籼型常规稻,玉林市农业科学研究所,桂审稻2009029号,桂审稻,2009029,桂丝占,玉林市农业科学研究所
广西,eK优4480,K17eA×R4480,籼型三系杂交稻,江西省赣州市农业科学研究所,桂审稻2005005号,桂审稻,2005005,K17eA,江西省赣州市农业科学研究所
海南,鑫特优151,龙特浦A×鑫恢152,籼型三系杂交稻,安徽友鑫农业科技有限公司,琼审稻2021007,琼审稻,2021007,龙特浦A,安徽友鑫农业科技有限公司
广西,华优86,Y华农A×明恢86,籼型三系杂交稻,华南农业大学农学院等,桂审稻200052号,桂审稻,200052,Y华农A,华南农业大学农学院
广西,博优1102,博A×R1102,籼型三系杂交稻,湖南隆平高科农平种业有限公司,桂审稻2007027号,桂审稻,2007027,博A,湖南隆平高科农平种业有限公司
广西,中优36,中9A×荣恢36,籼型三系杂交稻,中种集团绵阳水稻种业有限公司,桂审稻2007026号,桂审稻,2007026,中9A,中种集团绵阳水稻种业有限公司
广西,元丰优61,元丰A×明恢61,籼型三系杂交稻,福建省三明市农业科学研究所等,桂审稻2012001号,桂审稻,2012001,元丰A,福建省三明市农业科学研究所
广西,谷优3119,谷丰A×闽恢3119,籼型三系杂交稻,福建省农业科学院农业遗传工程重点实验室,桂审稻2006020号,桂审稻,2006020,谷丰A,福建省农业科学院农业遗传工程重点实验室
广西,群优2号,群A×金恢2号,籼型三系杂交稻,不详,桂审稻2013011号,桂审稻,2013011,群A,不详
海南,天优3301,天丰A×闽恢3301,籼型三系杂交稻,福建省农业科学院生物技术研究所等,琼审稻2011015,琼审稻,2011015,天丰A,福建省农业科学院生物技术研究所
广西,达丰优101,达丰A×R101,籼型三系杂交稻,广西仙德农业科技有限公司,桂审稻2020103号,桂审稻,2020103,达丰A,广西仙德农业科技有限公司
广西,泰两优086,63-1S×泰R1086,籼型两系杂交稻,泸州泰丰种业有限公司,桂审稻2014008号,桂审稻,2014008,63-1S,泸州泰丰种业有限公司
广西,桂香3号,万家香×闻香占,籼型常规稻,广西农业科学院水稻研究所,桂审稻2009028号,桂审稻,2009028,万家香,广西农业科学院水稻研究所
广西,野香优2号,野香A×R002,籼型三系杂交稻,广西绿海种业有限公司,桂审稻2013010号,桂审稻,2013010,野香A,广西绿海种业有限公司
广西,特优7118,龙特浦A×R7118,籼型三系杂交稻,广西绿丰种业有限责任公司等,桂审稻2013009号,桂审稻,2013009,龙特浦A,广西绿丰种业有限责任公司
广西,育两优8号,育11S×亚航恢8号,籼型两系杂交稻,广西亚航农业科技有限公司,桂审稻2013008号,桂审稻,2013008,育11S,广西亚航农业科技有限公司
海南,华两优2115,华6421S×华1522,籼型两系杂交稻,华中农业大学,琼审稻2021006,琼审稻,2021006,华6421S,华中农业大学
海南,花优218,花2A×金恢218,籼型三系杂交稻,福建农林大学作物科学学院,琼审稻2011014,琼审稻,2011014,花2A,福建农林大学作物科学学院
海南,特优3301,龙特甫A×闽恢3301,籼型三系杂交稻,福建省农业科学院生物技术研究所,琼审稻2011013,琼审稻,2011013,龙特甫A,福建省农业科学院生物技术研究所
广西,华优128,Y华农A×R128,籼型三系杂交稻,华南农业大学农学院等,桂审稻2001036号,桂审稻,2001036,Y华农A,华南农业大学农学院
广西,优Ⅰ96,优ⅠA×96,籼型三系杂交稻,广西桂林地区种子公司,桂审稻2001099号,桂审稻,2001099,优ⅠA,广西桂林地区种子公司
广西,特优85,龙特甫A×抗85,籼型三系杂交稻,江苏神农大丰种业科技有限公司,桂审稻2006019号,桂审稻,2006019,龙特甫A,江苏神农大丰种业科技有限公司
广西,三香628,闻香占×七桂占,籼型常规稻,广西农业科学院水稻研究所,桂审稻2011036号,桂审稻,2011036,闻香占,广西农业科学院水稻研究所
广西,元丰优401,元丰A×明恢401,籼型三系杂交稻,福建省三明市农业科学研究所,桂审稻2008017号,桂审稻,2008017,元丰A,福建省三明市农业科学研究所
广西,包辐766,包选2号,籼型常规稻,广西农学院同位素应用所,桂审证字第056号,桂审稻,056,包选2号,广西农学院同位素应用所
广西,桂红1号,湖南农家传统红米×广东农家传统红米,籼型常规稻,广西农业科学院水稻研究所,桂审稻2009027号,桂审稻,2009027,湖南农家传统红米,广西农业科学院水稻研究所
广西,穗香优裕丝,穗香A×屯恢裕丝,籼型三系杂交稻,陆川县穗园农业良种培育中心,桂审稻2020102号,桂审稻,2020102,穗香A,陆川县穗园农业良种培育中心
广西,特优1202,龙特甫A×R1202,籼型三系杂交稻,南宁市沃德农作物研究所,桂审稻2006030号,桂审稻,2006030,龙特甫A,南宁市沃德农作物研究所
海南,博Ⅱ优226,博ⅡA×R226,籼型三系杂交稻,海南省农业科学院粮食作物研究所,琼审稻2011012,琼审稻,2011012,博ⅡA,海南省农业科学院粮食作物研究所
广西,D优205,D62A×蜀恢205,籼型三系杂交稻,四川农业大学水稻研究所等,桂审稻2006018号,桂审稻,2006018,D62A,四川农业大学水稻研究所
广西,特优福占,龙特浦A×福占,籼型三系杂交稻,广西壮族自治区种子公司等,桂审稻2015005号,桂审稻,2015005,龙特浦A,广西壮族自治区种子公司
广西,金优356,金23A×R356,籼型三系杂交稻,南宁市沃德农作物研究所,桂审稻2005004号,桂审稻,2005004,金23A,南宁市沃德农作物研究所
广西,广8优香丝苗,广8A×香丝苗,籼型三系杂交稻,广西兆和种业有限公司等,桂审稻2018080号,桂审稻,2018080,广8A,广西兆和种业有限公司
海南,万两优香1号,万金S×弘香恢1号,籼型两系杂交稻,广东海洋大学农业生物技术研究所等,琼审稻2011011,琼审稻,2011011,万金S,广东海洋大学农业生物技术研究所
广西,广8优粤禾丝苗,广8A×粤禾丝苗,籼型三系杂交稻,广东省农业科学院水稻研究所等,桂审稻2020101号,桂审稻,2020101,广8A,广东省农业科学院水稻研究所
广西,特优998,龙特甫A×广恢998,籼型三系杂交稻,容县种子公司,桂审稻2006029号,桂审稻,2006029,龙特甫A,容县种子公司
广西,桂井1号,桂丝占×马坝银占,籼型常规稻,广西农业科学院水稻研究所等,桂审稻2009026号,桂审稻,2009026,桂丝占,广西农业科学院水稻研究所
广西,特优丰13,龙特甫A×壹恢13,籼型三系杂交稻,四川蜀都种业有限责任公司,桂审稻2006017号,桂审稻,2006017,龙特甫A,四川蜀都种业有限责任公司
广西,天优290,天丰A×广恢290,籼型三系杂交稻,广东省农业科学院水稻研究所,桂审稻2006028号,桂审稻,2006028,天丰A,广东省农业科学院水稻研究所
广西,瑞优68,瑞1A×瑞恢68,籼型三系杂交稻,四川科瑞种业有限公司,桂审稻2008016号,桂审稻,2008016,瑞1A,四川科瑞种业有限公司
海南,臻两优华宝,隆臻36S×华宝,籼型两系杂交稻,湖南亚华种业科学研究院等,琼审稻2021005,琼审稻,2021005,隆臻36S,湖南亚华种业科学研究院
广西,柳丰香占,丰八占,籼型常规稻,柳州市农业科学研究所,桂审稻2009025号,桂审稻,2009025,丰八占,柳州市农业科学研究所
广西,万香优8688,万香A×R8688,籼型三系杂交稻,广西农业职业技术学院等,桂审稻2020100号,桂审稻,2020100,万香A,广西农业职业技术学院
广西,T78优2155,T78A×明恢2155,籼型三系杂交稻,三明市农业科学研究所,桂审稻2005003号,桂审稻,2005003,T78A,三明市农业科学研究所
海南,博优1263,博A×弘恢1263,籼型三系杂交稻,广东海洋大学农业生物技术研究所等,琼审稻2011010,琼审稻,2011010,博A,广东海洋大学农业生物技术研究所
广西,绮优926,绮A×桂926,籼型三系杂交稻,广西壮族自治区农业科学院植物保护研究所,桂审稻2006027号,桂审稻,2006027,绮A,广西壮族自治区农业科学院植物保护研究所
海南,谷丰优华宝占,谷丰A×华宝占,籼型三系杂交稻,海南大学等,琼审稻2021004,琼审稻,2021004,谷丰A,海南大学
海南,博Ⅱ优618,博ⅡA×万恢618,籼型三系杂交稻,海南万穗谷种业有限公司,琼审稻2011009,琼审稻,2011009,博ⅡA,海南万穗谷种业有限公司
广西,华优229,Y华农A×R229,籼型三系杂交稻,广东省肇庆市农业科学研究所等,桂审稻2001035号,桂审稻,2001035,Y华农A,广东省肇庆市农业科学研究所
广西,H两优9219,HD9802S×R9219,籼型两系杂交稻,广西兆和种业有限公司,桂审稻2015004号,桂审稻,2015004,HD9802S,广西兆和种业有限公司
广西,金优R12,金23A×R12,籼型三系杂交稻,为柳州市农业科学研究所,桂审稻2006016号,桂审稻,2006016,金23A,为柳州市农业科学研究所
广西,西优2号,西A×R978,籼型三系杂交稻,博白县农业科学研究所,桂审稻2009024号,桂审稻,2009024,西A,博白县农业科学研究所
广西,馨优399,馨A×R399,籼型三系杂交稻,广西绿丰种业有限责任公司,桂审稻2020099号,桂审稻,2020099,馨A,广西绿丰种业有限责任公司
广西,金优299,金23A×湘恢299,籼型三系杂交稻,湖南杂交水稻研究中心,桂审稻2005002号,桂审稻,2005002,金23A,湖南杂交水稻研究中心
海南,沪旱7优华宝占,沪旱7A×华宝占,籼型三系杂交稻,中国科学院遗传与发育生物学研究所等,琼审稻2021003,琼审稻,2021003,沪旱7A,中国科学院遗传与发育生物学研究所
广西,京福2优70,京福2A×明恢70,籼型三系杂交稻,福建超大现代种业有限公司等,桂审稻2006026号,桂审稻,2006026,京福2A,福建超大现代种业有限公司
广西,朝花矮,包选2号×朝阳矮2-1,籼型常规稻,广西农学院植物组培所,桂审证字第055号,桂审稻,055,包选2号,广西农学院植物组培所
广西,特优858,龙特甫A×测858,籼型三系杂交稻,广西南宁三益新品农业有限公司等,桂审稻2008015号,桂审稻,2008015,龙特甫A,广西南宁三益新品农业有限公司
广西,竞优838,竞优A×辐恢838,籼型三系杂交稻,广西农业科学院水稻研究所,桂审稻2015003号,桂审稻,2015003,竞优A,广西农业科学院水稻研究所
广西,顺丰优新贵占,顺丰A×新贵占,籼型三系杂交稻,岑溪市振田水稻研究所,桂审稻2020098号,桂审稻,2020098,顺丰A,岑溪市振田水稻研究所
海南,龙优423,龙A×恢423,籼型三系杂交稻,广东泰源农业科技股份有限公司等,琼审稻2011008,琼审稻,2011008,龙A,广东泰源农业科技股份有限公司
广西,博优9359,博A×测359,籼型三系杂交稻,广西支农种业有限公司,桂审稻2009023号,桂审稻,2009023,博A,广西支农种业有限公司
广西,�Q香优纳丝,�Q香A×R纳丝,籼型三系杂交稻,广西恒茂农业科技有限公司等,桂审稻2020097号,桂审稻,2020097,�Q香A,广西恒茂农业科技有限公司
广西,华优838,Y华农A×辐恢838,籼型三系杂交稻,广西藤县种子公司,桂审稻2001034号,桂审稻,2001034,Y华农A,广西藤县种子公司
广西,兰优1972,兰A×R1972,籼型三系杂交稻,南宁市沃德农作物研究所,桂审稻2009022号,桂审稻,2009022,兰A,南宁市沃德农作物研究所
广西,桂育7号,七丝占×桂引901,籼型常规稻,广西农业科学院水稻研究所,桂审稻2011035号,桂审稻,2011035,七丝占,广西农业科学院水稻研究所
广西,D优203,D62A×蜀恢203,籼型三系杂交稻,四川农业大学水稻研究所等,桂审稻2006025号,桂审稻,2006025,D62A,四川农业大学水稻研究所
海南,冈优177,冈46A×成恢177,籼型三系杂交稻,四川省农科院作物研究所等,琼审稻2011007,琼审稻,2011007,冈46A,四川省农科院作物研究所
广西,Y两优9136,Y58S×R91136,籼型两系杂交稻,南宁市恒茂种业科学研究院等,桂审稻2014007号,桂审稻,2014007,Y58S,南宁市恒茂种业科学研究院
广西,桂晚辐,包胎矮,籼型常规稻,广西农业科学院水稻研究所,桂审证字第054号,桂审稻,054,包胎矮,广西农业科学院水稻研究所
海南,金龙优5号,金龙A×中种恢5号,籼型三系杂交稻,中种华南（广州）种业有限公司等,琼审稻2021002,琼审稻,2021002,金龙A,中种华南（广州）种业有限公司
广西,金优63,金23A×明恢63,籼型三系杂交稻,湖南省常德市农业科学研究所,桂审稻2001098号,桂审稻,2001098,金23A,湖南省常德市农业科学研究所
广西,惠两优116,惠34S×R116,籼型两系杂交稻,武汉惠华三农种业有限公司,桂审稻2015002号,桂审稻,2015002,惠34S,武汉惠华三农种业有限公司
广西,扬籼优719,扬籼7A×扬恢719,籼型三系杂交稻,广西智友生物科技股份有限公司等,桂审稻2020096号,桂审稻,2020096,扬籼7A,广西智友生物科技股份有限公司
广西,特优航3号,龙特甫A×航3号,籼型三系杂交稻,福建省农业科学院水稻研究所,桂审稻2006024号,桂审稻,2006024,龙特甫A,福建省农业科学院水稻研究所
海南,博Ⅱ优506,博ⅡA×神恢506,籼型三系杂交稻,海南神农大丰种业科技股份有限公司育种中心,琼审稻2011006,琼审稻,2011006,博ⅡA,海南神农大丰种业科技股份有限公司育种中心
广西,兆香1号,特籼丝苗×97香占,籼型常规稻,广西兆和种业有限公司,桂审稻2011034号,桂审稻,2011034,特籼丝苗,广西兆和种业有限公司
广西,华优8830,Y华农A×R8830,籼型三系杂交稻,华南农业大学农学院,桂审稻2001033号,桂审稻,2001033,Y华农A,华南农业大学农学院
广西,华优8813,Y华农A×R8813,籼型三系杂交稻,华南农业大学农学院,桂审稻2001032号,桂审稻,2001032,Y华农A,华南农业大学农学院
广西,金优82,金23A×明恢82,籼型三系杂交稻,广西贺州市种子公司,桂审稻2001031号,桂审稻,2001031,金23A,广西贺州市种子公司
广西,汕优桂44,珍汕97A×桂44,籼型三系杂交稻,广西农业科学院水稻研究所,桂审证字第053号,桂审稻,053,珍汕97A,广西农业科学院水稻研究所
广西,华优桂99,Y华农A×桂99,籼型三系杂交稻,华南农业大学农学院等,桂审稻200051号,桂审稻,200051,Y华农A,华南农业大学农学院
广西,金优1202,金23A×R1202,籼型三系杂交稻,南宁市沃德农作物研究所,桂审稻2006015号,桂审稻,2006015,金23A,南宁市沃德农作物研究所
广西,茂杂29,228S×茂恢29,籼型两系杂交稻,广东华茂高科种业有限公司,桂审稻2008014号,桂审稻,2008014,228S,广东华茂高科种业有限公司
海南,爽两优459,爽1S×爽恢459,籼型两系杂交稻,湖南杂交水稻研究中心等,琼审稻2021001,琼审稻,2021001,爽1S,湖南杂交水稻研究中心
广西,宜香8267,宜香1A×R8267,籼型三系杂交稻,广西兆和种业有限公司等,桂审稻2013007号,桂审稻,2013007,宜香1A,广西兆和种业有限公司
广西,太优228,太A×R228,籼型三系杂交稻,博白县作物品种资源研究所,桂审稻2006023号,桂审稻,2006023,太A,博白县作物品种资源研究所
广西,威优16,威20A×R160,籼型三系杂交稻,广西桂林市种子公司,桂审稻2005001号,桂审稻,2005001,威20A,广西桂林市种子公司
广西,安优607,安丰A×华恢607,籼型三系杂交稻,长沙市三华农业科技有限公司,桂审稻2014006号,桂审稻,2014006,安丰A,长沙市三华农业科技有限公司
广西,天丰优880,天丰A×广恢880,籼型三系杂交稻,广东省农业科学院水稻研究所,桂审稻2006014号,桂审稻,2006014,天丰A,广东省农业科学院水稻研究所
广西,巡两优9118,巡天11S×R9118,籼型两系杂交稻,广西绿田种业有限公司,桂审稻2015001号,桂审稻,2015001,巡天11S,广西绿田种业有限公司
广西,特优7571,龙特甫A×桂7571,籼型三系杂交稻,广西农业科学院水稻研究所,桂审稻2013006号,桂审稻,2013006,龙特甫A,广西农业科学院水稻研究所
海南,博Ⅱ优386,博ⅡA×中种恢386,籼型三系杂交稻,中国种子集团有限公司三亚分公司,琼审稻2018006,琼审稻,2018006,博ⅡA,中国种子集团有限公司三亚分公司
广西,珍陆溪1号,广陆矮4号/珍汕97×溪选4号,籼型常规稻,广西河池地区农业科学研究所,桂审证字第052号,桂审稻,052,广陆矮4号/珍汕97,广西河池地区农业科学研究所
广西,金优96,金23A×96,籼型三系杂交稻,广西桂林地区种子公司,桂审稻2001097号,桂审稻,2001097,金23A,广西桂林地区种子公司
广西,博香占3号,香1号×香1号/36辐,籼型常规稻,广西博白县农业科学研究所,桂审稻2004024号,桂审稻,2004024,香1号,广西博白县农业科学研究所
广西,�Q香优1068,�Q香A×R1068,籼型三系杂交稻,广西百香高科种业有限公司,桂审稻2020095号,桂审稻,2020095,�Q香A,广西百香高科种业有限公司
广西,里优806,里A×R806,籼型三系杂交稻,广西桂穗种业有限公司,桂审稻2011033号,桂审稻,2011033,里A,广西桂穗种业有限公司
广西,优Ⅰ6601,优ⅠA×R6601,籼型三系杂交稻,广西桂穗种业有限公司,桂审稻2006013号,桂审稻,2006013,优ⅠA,广西桂穗种业有限公司
海南,博Ⅱ优528,博ⅡA×广恢528,籼型三系杂交稻,广东省农业科学院水稻研究所,琼审稻2011005,琼审稻,2011005,博ⅡA,广东省农业科学院水稻研究所
广西,智丰优802,智丰A×R802,籼型三系杂交稻,广西智友生物科技股份有限公司,桂审稻2018079号,桂审稻,2018079,智丰A,广西智友生物科技股份有限公司
广西,D优162,D汕A×蜀恢162,籼型三系杂交稻,四川农业大学水稻研究所,桂审稻200050号,桂审稻,200050,D汕A,四川农业大学水稻研究所
广西,十优838,十优A×辐恢838,籼型三系杂交稻,广西壮族自治区农业科学院水稻研究所,桂审稻2006012号,桂审稻,2006012,十优A,广西壮族自治区农业科学院水稻研究所
广西,湘丰优9号,湘丰70A×湘恢9号,籼型三系杂交稻,湖南杂交水稻研究中心,桂审稻2006011号,桂审稻,2006011,湘丰70A,湖南杂交水稻研究中心
广西,湘优24,湘8A×湘恢24,籼型三系杂交稻,湖南科裕隆种业有限公司,桂审稻2006010号,桂审稻,2006010,湘8A,湖南科裕隆种业有限公司
广西,九优207,898A×先恢207,籼型三系杂交稻,湖南金健种业有限责任公司等,桂审稻2006009号,桂审稻,2006009,898A,湖南金健种业有限责任公司
广西,安优404,安丰A×R404,籼型三系杂交稻,湖南永益农业科技发展有限公司,桂审稻2014005号,桂审稻,2014005,安丰A,湖南永益农业科技发展有限公司
广西,金优77,金23A×明恢77,籼型三系杂交稻,常德市农业科学研究所,桂审稻2001096号,桂审稻,2001096,金23A,常德市农业科学研究所
广西,特优253,龙特甫A×测253,籼型三系杂交稻,广西大学支农开发中心,桂审稻2001030号,桂审稻,2001030,龙特甫A,广西大学支农开发中心
广西,桂香2号,八桂香×粤香占,籼型常规稻,广西壮族自治区农业科学院水稻研究所,桂审稻2004023号,桂审稻,2004023,八桂香,广西壮族自治区农业科学院水稻研究所
海南,绿永优115,绿永A×琼恢115,籼型三系杂交稻,海南省农业科学院粮食作物研究所,琼审稻2011004,琼审稻,2011004,绿永A,海南省农业科学院粮食作物研究所
广西,D香287,D香4A×山恢287,籼型三系杂交稻,四川雅安市山州种业有限责任公司等,桂审稻2006022号,桂审稻,2006022,D香4A,四川雅安市山州种业有限责任公司
广西,野香优688,野香A×R688,籼型三系杂交稻,广西绿海种业有限公司,桂审稻2014042号,桂审稻,2014042,野香A,广西绿海种业有限公司
广西,中优253,中9A×测253,籼型三系杂交稻,广西贺州市种子公司,桂审稻200049号,桂审稻,200049,中9A,广西贺州市种子公司
广西,玉香占,281×西山香,籼型常规稻,玉林市农业科学研究所,桂审稻2004022号,桂审稻,2004022,281,玉林市农业科学研究所
广西,五乡优晶占,五乡A×晶占,籼型三系杂交稻,广西恒茂农业科技有限公司等,桂审稻2020094号,桂审稻,2020094,五乡A,广西恒茂农业科技有限公司
广西,孟两优9118,孟S×R9118,籼型两系杂交稻,广西绿田种业有限公司,桂审稻2014004号,桂审稻,2014004,孟S,广西绿田种业有限公司
广西,特优21,龙特甫A×R21,籼型三系杂交稻,四川省嘉陵农作物品种研究中心,桂审稻2006021号,桂审稻,2006021,龙特甫A,四川省嘉陵农作物品种研究中心
广西,华两优8235,华68S×华恢235,籼型两系杂交稻,华南农业大学农学院,桂审稻2013005号,桂审稻,2013005,华68S,华南农业大学农学院
广西,全优1号,全丰A×R402,籼型三系杂交稻,福建省农业科学院水稻研究所,桂审稻2006008号,桂审稻,2006008,全丰A,福建省农业科学院水稻研究所
广西,粤优735,粤泰A×R735,籼型三系杂交稻,湖北荆楚种业股份有限公司,桂审稻2007025号,桂审稻,2007025,粤泰A,湖北荆楚种业股份有限公司
广西,金优64,金23A×测64-7,籼型三系杂交稻,广西桂林地区种子公司,桂审稻2001095号,桂审稻,2001095,金23A,广西桂林地区种子公司
广西,龙优131,龙A×R131,籼型三系杂交稻,广东源泰农业科技有限公司等,桂审稻2009021号,桂审稻,2009021,龙A,广东源泰农业科技有限公司
广西,泸香658,泸香618A×泸恢8258,籼型三系杂交稻,四川省农业科学院水稻高粱研究所等,桂审稻2008013号,桂审稻,2008013,泸香618A,四川省农业科学院水稻高粱研究所
海南,博Ⅱ优2102,博ⅡA×神恢2102,籼型三系杂交稻,湖南正隆农业科技有限公司,琼审稻2018005,琼审稻,2018005,博ⅡA,湖南正隆农业科技有限公司
广西,香二优253,香2A×测253,籼型三系杂交稻,广西区种子公司,桂审稻2001029号,桂审稻,2001029,香2A,广西区种子公司
广西,特优9846,龙特甫A×容恢9846,籼型三系杂交稻,广西容县种子公司,桂审稻2007024号,桂审稻,2007024,龙特甫A,广西容县种子公司
广西,特优1102,龙特甫A×R1102,籼型三系杂交稻,湖南隆平种业有限公司,桂审稻2008012号,桂审稻,2008012,龙特甫A,湖南隆平种业有限公司
广西,湘两优2号,广湘24S×远恢2号,籼型两系杂交稻,湖南年丰种业科技有限公司,桂审稻2014041号,桂审稻,2014041,广湘24S,湖南年丰种业科技有限公司
广西,百优838,百A×辐恢838,籼型三系杂交稻,广西农科院水稻研究所,桂审稻2009020号,桂审稻,2009020,百A,广西农科院水稻研究所
广西,中优106,中9A×桂R106,籼型三系杂交稻,中国水稻研究所等,桂审稻2004021号,桂审稻,2004021,中9A,中国水稻研究所
广西,泰丰优807,泰丰18A×R7007-7,籼型三系杂交稻,广西五泰种子有限公司,桂审稻2011032号,桂审稻,2011032,泰丰18A,广西五泰种子有限公司
广西,威优191,威20A×R191,籼型三系杂交稻,湖南安江农校,桂审稻2001094号,桂审稻,2001094,威20A,湖南安江农校
广西,奥富优655,奥富A×R655,籼型三系杂交稻,湖南奥谱隆科技股份有限公司,桂审稻2014003号,桂审稻,2014003,奥富A,湖南奥谱隆科技股份有限公司
广西,泸优578,LF308A×川种恢578,籼型三系杂交稻,四川川种种业有限责任公司等,桂审稻2007023号,桂审稻,2007023,LF308A,四川川种种业有限责任公司
海南,博Ⅱ优813,博ⅡA×R813,籼型三系杂交稻,海南成丰种业有限公司,琼审稻2011003,琼审稻,2011003,博ⅡA,海南成丰种业有限公司
广西,特优玉1号,龙特甫A×玉恢1号,籼型三系杂交稻,广西玉林市玉穗种业有限责任公司,桂审稻2008011号,桂审稻,2008011,龙特甫A,广西玉林市玉穗种业有限责任公司
广西,香二优781,香2A×桂781,籼型三系杂交稻,广西区种子公司,桂审稻2001028号,桂审稻,2001028,香2A,广西区种子公司
广西,糯两优6号,糯S×糯6,籼型两系杂交稻,湖南杂交水稻研究中心等,桂审稻200048号,桂审稻,200048,糯S,湖南杂交水稻研究中心
广西,宝丰优007,宝丰A×R007,籼型三系杂交稻,罗敬昭 罗光福,桂审稻2009019号,桂审稻,2009019,宝丰A,罗敬昭 罗光福
广西,中3优1号,中3A×钟恢1号,籼型三系杂交稻,广西壮族自治区种子公司,桂审稻2014040号,桂审稻,2014040,中3A,广西壮族自治区种子公司
广西,优Ⅰ191,优ⅠA×R191,籼型三系杂交稻,广西桂林市种子公司,桂审稻2001093号,桂审稻,2001093,优ⅠA,广西桂林市种子公司
广西,金优191,金23A×R191,籼型三系杂交稻,湖南省安江农业学校,桂审稻2001092号,桂审稻,2001092,金23A,湖南省安江农业学校
海南,金龙优068,金龙A×中种恢068,籼型三系杂交稻,中国种子集团有限公司三亚分公司等,琼审稻2018004,琼审稻,2018004,金龙A,中国种子集团有限公司三亚分公司
广西,奥两优499,奥龙1S×R499,籼型两系杂交稻,湖南奥谱隆科技股份有限公司,桂审稻2014002号,桂审稻,2014002,奥龙1S,湖南奥谱隆科技股份有限公司
广西,中9优207,中9A×先恢207,籼型三系杂交稻,中国水稻研究所,桂审稻200047号,桂审稻,200047,中9A,中国水稻研究所
海南,元丰优2088,元丰A×明恢2088,籼型三系杂交稻,福建省三明市农业科学研究所等,琼审稻2011002,琼审稻,2011002,元丰A,福建省三明市农业科学研究所
广西,博优5398,博A×R5398,籼型三系杂交稻,广西百色兆农两系杂交水稻研发中心,桂审稻2009018号,桂审稻,2009018,博A,广西百色兆农两系杂交水稻研发中心
广西,泰丰优桂99,泰丰18A×桂99,籼型三系杂交稻,广西象州黄氏水稻研究所,桂审稻2009017号,桂审稻,2009017,泰丰18A,广西象州黄氏水稻研究所
广西,正优958,正A×R958,籼型三系杂交稻,不详,桂审稻2011031号,桂审稻,2011031,正A,不详
广西,特优969,龙特甫A×兴恢969,籼型三系杂交稻,福建兴禾种业科技有限公司,桂审稻2008010号,桂审稻,2008010,龙特甫A,福建兴禾种业科技有限公司
广西,中优781,中9A×桂781,籼型三系杂交稻,广西区种子公司,桂审稻2001027号,桂审稻,2001027,中9A,广西区种子公司
广西,谷优18,谷丰A×南恢18,籼型三系杂交稻,福建省南平市农业科学研究所,桂审稻2009016号,桂审稻,2009016,谷丰A,福建省南平市农业科学研究所
广西,K优7463,K17A×R463,籼型三系杂交稻,四川川种种业有限公司,桂审稻2014001号,桂审稻,2014001,K17A,四川川种种业有限公司
广西,桂育9号,黄华占×力源占1号,籼型常规稻,广西壮族自治区农业科学院水稻研究所,桂审稻2014039号,桂审稻,2014039,黄华占,广西壮族自治区农业科学院水稻研究所
广西,博优781,博A×桂781,籼型三系杂交稻,广西区种子公司,桂审稻2001026号,桂审稻,2001026,博A,广西区种子公司
广西,钱优1号,钱江1号A×浙恢7954,籼型三系杂交稻,浙江省农业科学院作物与核技术利用研究所等,桂审稻2009015号,桂审稻,2009015,钱江1号A,浙江省农业科学院作物与核技术利用研究所
广西,耐德606,南宁紫米×玉香油占,籼型常规稻,柳州市农业科学研究所,桂审稻2014038号,桂审稻,2014038,南宁紫米,柳州市农业科学研究所
广西,中优402,中9A×R402,籼型三系杂交稻,中国水稻研究所,桂审稻200046号,桂审稻,200046,中9A,中国水稻研究所
广西,博Ⅲ优273,博ⅢA×R273,籼型三系杂交稻,广西博白县农业科学研究所,桂审稻2004020号,桂审稻,2004020,博ⅢA,广西博白县农业科学研究所
海南,农两优631,272s×金恢631,籼型两系杂交稻,福建农林大学作物科学学院等,琼审稻2018003,琼审稻,2018003,272s,福建农林大学作物科学学院
广西,五优华占,五丰A×华占,籼型三系杂交稻,广东省农业科学院水稻研究所等,桂审稻2013036号,桂审稻,2013036,五丰A,广东省农业科学院水稻研究所
海南,Y两优39,Y58S×海恢39,籼型两系杂交稻,海南海亚南繁种业有限公司,琼审稻2011001,琼审稻,2011001,Y58S,海南海亚南繁种业有限公司
广西,博优5058,博A×R5058,籼型三系杂交稻,广西兆和种业有限公司,桂审稻2011030号,桂审稻,2011030,博A,广西兆和种业有限公司
广西,宜优168,宜香1A×瑞恢68,籼型三系杂交稻,广西皓凯生物科技有限公司等,桂审稻2014037号,桂审稻,2014037,宜香1A,广西皓凯生物科技有限公司
广西,博优752,博A×科恢752,籼型三系杂交稻,江西省农业科学院水稻研究所,桂审稻2001025号,桂审稻,2001025,博A,江西省农业科学院水稻研究所
海南,晶两优黄莉占,晶4155S×黄莉占,籼型两系杂交稻,袁隆平农业高科技股份有限公司等,琼审稻2018002,琼审稻,2018002,晶4155S,袁隆平农业高科技股份有限公司
广西,孟两优701,孟S×R701,籼型两系杂交稻,广西绿田种业有限公司,桂审稻2013035号,桂审稻,2013035,孟S,广西绿田种业有限公司
广西,明两优527,明香10S×蜀恢527,籼型两系杂交稻,福建省三明市农业科学研究所等,桂审稻2009014号,桂审稻,2009014,明香10S,福建省三明市农业科学研究所
海南,晶两优1377,晶4155S×R1377,籼型两系杂交稻,袁隆平农业高科技股份有限公司等,琼审稻2018001,琼审稻,2018001,晶4155S,袁隆平农业高科技股份有限公司
广西,金优975,金23A×97-5,籼型三系杂交稻,四川省嘉陵农作物品种研究中心等,桂审稻2004019号,桂审稻,2004019,金23A,四川省嘉陵农作物品种研究中心
广西,中谷优8号,中谷A×天美恢8号,籼型三系杂交稻,浙江国稻高科技种业有限公司,桂审稻2014036号,桂审稻,2014036,中谷A,浙江国稻高科技种业有限公司
广西,中优1号,中9A×钟恢1号,籼型三系杂交稻,中国水稻研究所等,桂审稻200045号,桂审稻,200045,中9A,中国水稻研究所
广西,田两优402,田丰S×R402,籼型两系杂交稻,江西省赣州地区农业科学研究所,桂审稻2001091号,桂审稻,2001091,田丰S,江西省赣州地区农业科学研究所
广西,八红优256,八红A×测256,籼型三系杂交稻,广西大学支农开发中心,桂审稻2004018号,桂审稻,2004018,八红A,广西大学支农开发中心
海南,红糯822,湘晚籼12×R9311,籼型常规稻,三亚永丰红南繁种业有限公司,琼审稻2017011,琼审稻,2017011,湘晚籼12,三亚永丰红南繁种业有限公司
广西,吉优716,吉2A×蜀恢716,籼型三系杂交稻,四川农业大学水稻研究所等,桂审稻2009013号,桂审稻,2009013,吉2A,四川农业大学水稻研究所
广西,博优58,博A×T-58,籼型三系杂交稻,广西柳州地区农业科学研究所等,桂审稻2001024号,桂审稻,2001024,博A,广西柳州地区农业科学研究所
广西,特优1259,龙特甫A×明恢1259,籼型三系杂交稻,福建省三明市农业科学研究所等,桂审稻2008009号,桂审稻,2008009,龙特甫A,福建省三明市农业科学研究所
广西,奇选42,IR8×桂选7号,籼型常规稻,广西农学院,桂审证字第051号,桂审稻,051,IR8,广西农学院
海南,泰黑香9号,泰黑2号×香稻1028,籼型常规稻,三亚永丰红南繁种业有限公司,琼审稻2017010,琼审稻,2017010,泰黑2号,三亚永丰红南繁种业有限公司
广西,特优136,龙特甫A×R136,籼型三系杂交稻,广西壮族自治区农业科学院水稻研究所,桂审稻2006007号,桂审稻,2006007,龙特甫A,广西壮族自治区农业科学院水稻研究所
广西,优Ⅰ01,优ⅠA×R01,籼型三系杂交稻,广西博白县农业科学研究所,桂审稻2001022号,桂审稻,2001022,优ⅠA,广西博白县农业科学研究所
广西,博优1167,博A×钦恢1167,籼型三系杂交稻,钦州市农业科学研究所,桂审稻2011029号,桂审稻,2011029,博A,钦州市农业科学研究所
广西,玉丝6号,黄华占,籼型常规稻,玉林市农业科学研究所,桂审稻2013034号,桂审稻,2013034,黄华占,玉林市农业科学研究所
海南,科金A,长A×科金B,籼型不育系,海南省农业科学院粮食作物研究所,琼审稻2010027,琼审稻,2010027,长A,海南省农业科学院粮食作物研究所
广西,博优香1号,博A×香恢1号,籼型三系杂交稻,广西博白县农业科学研究所,桂审稻2001021号,桂审稻,2001021,博A,广西博白县农业科学研究所
广西,绮优1025,绮A×桂1025,籼型三系杂交稻,广西农业科学院水稻研究所,桂审稻2001020号,桂审稻,2001020,绮A,广西农业科学院水稻研究所
广西,金梅优167,金梅A×R167,籼型三系杂交稻,广西博白县农业科学研究所,桂审稻2006006号,桂审稻,2006006,金梅A,广西博白县农业科学研究所
广西,中浙优10号,中浙A×06制7-10,籼型三系杂交稻,中国水稻研究所等,桂审稻2014035号,桂审稻,2014035,中浙A,中国水稻研究所
广西,中9优838选,中9A×838选,籼型三系杂交稻,中国水稻研究所等,桂审稻200044号,桂审稻,200044,中9A,中国水稻研究所
广西,优Ⅰ679,优ⅠA×测679,籼型三系杂交稻,广西博士园种业有限公司,桂审稻2006005号,桂审稻,2006005,优ⅠA,广西博士园种业有限公司
广西,博优613,博A×屯恢613,籼型三系杂交稻,广西智友生物科技股份有限公司,桂审稻2018078号,桂审稻,2018078,博A,广西智友生物科技股份有限公司
海南,中科黑糯1号,海香黑糯,籼型常规稻,中国科学院遗传与发育生物学研究所等,琼审稻2010026,琼审稻,2010026,海香黑糯,中国科学院遗传与发育生物学研究所
广西,Y两优5845,Y58S×泰恢5845,籼型两系杂交稻,四川泰隆农业科技有限公司,桂审稻2013004号,桂审稻,2013004,Y58S,四川泰隆农业科技有限公司
广西,特优649,龙特甫A×桂649,籼型三系杂交稻,广西农业科学院水稻研究所,桂审稻2004017号,桂审稻,2004017,龙特甫A,广西农业科学院水稻研究所
广西,雁两优8608,雁农S×中恢8608,籼型两系杂交稻,广西智友生物科技股份有限公司,桂审稻2013003号,桂审稻,2013003,雁农S,广西智友生物科技股份有限公司
广西,十优521,十优A×桂521,籼型三系杂交稻,广西壮族自治区农业科学院水稻研究所,桂审稻2007022号,桂审稻,2007022,十优A,广西壮族自治区农业科学院水稻研究所
广西,天龙8优629,天龙8A×中种恢629,籼型三系杂交稻,中国种子集团公司三亚分公司,桂审稻2008008号,桂审稻,2008008,天龙8A,中国种子集团公司三亚分公司
广西,博优100,博A×桂100,籼型三系杂交稻,广西农科院水稻研究所,桂审稻2011028号,桂审稻,2011028,博A,广西农科院水稻研究所
广西,K优28,K22A×泸恢8258,籼型三系杂交稻,四川省农业科学院水稻高粱研究所等,桂审稻2007021号,桂审稻,2007021,K22A,四川省农业科学院水稻高粱研究所
广西,特优5058,龙特甫A×R5058,籼型三系杂交稻,广西南繁种业有限公司,桂审稻2007020号,桂审稻,2007020,龙特甫A,广西南繁种业有限公司
广西,野香优3号,野香A×R003,籼型三系杂交稻,广西绿海种业有限公司,桂审稻2013033号,桂审稻,2013033,野香A,广西绿海种业有限公司
广西,早优11,早A×科11,籼型三系杂交稻,广西壮族自治区农业科学院水稻研究所,桂审稻2006004号,桂审稻,2006004,早A,广西壮族自治区农业科学院水稻研究所
海南,两优1303,28S×中种恢1303,籼型两系杂交稻,中国种子集团有限公司三亚分公司等,琼审稻2017009,琼审稻,2017009,28S,中国种子集团有限公司三亚分公司
广西,湘两优2446,广湘24S×F646,籼型两系杂交稻,湖南年丰种业科技有限公司,桂审稻2014034号,桂审稻,2014034,广湘24S,湖南年丰种业科技有限公司
广西,汕优61选-1,珍汕97A×61选-1,籼型三系杂交稻,广西农业学校,桂审证字第050号,桂审稻,050,珍汕97A,广西农业学校
广西,准两优香油占,准S×玉香油占,籼型两系杂交稻,广西百色兆农两系杂交水稻研发中心,桂审稻2008007号,桂审稻,2008007,准S,广西百色兆农两系杂交水稻研发中心
广西,金优966,金23A×96-6,籼型三系杂交稻,四川省嘉陵农作物品种研究中心等,桂审稻2004016号,桂审稻,2004016,金23A,四川省嘉陵农作物品种研究中心
广西,景圻优1899,景圻A×桂恢1899,籼型三系杂交稻,广西万川种业有限公司等,桂审稻2020093号,桂审稻,2020093,景圻A,广西万川种业有限公司
广西,百优429,百A×R429,籼型三系杂交稻,广西农业科学院水稻研究所,桂审稻2013002号,桂审稻,2013002,百A,广西农业科学院水稻研究所
广西,八两优63,810S×明恢63,籼型两系杂交稻,湖南省安江农业学校,桂审稻2001090号,桂审稻,2001090,810S,湖南省安江农业学校
广西,Y两优9038,Y58S×R9038,籼型两系杂交稻,广西瀚林农业科技有限公司,桂审稻2014033号,桂审稻,2014033,Y58S,广西瀚林农业科技有限公司
海南,粤晶丝苗2号,粤科占×五丰占/锦超丝苗,籼型常规稻,广东省农业科学院水稻研究所,琼审稻2010025,琼审稻,2010025,粤科占,广东省农业科学院水稻研究所
广西,D优618,D62A×R618,籼型三系杂交稻,湖南隆平高科农平种业有限公司,桂审稻2007019号,桂审稻,2007019,D62A,湖南隆平高科农平种业有限公司
广西,特优70,龙特甫A×明恢70,籼型三系杂交稻,三明市农业科学研究所,桂审稻200038号,桂审稻,200038,龙特甫A,三明市农业科学研究所
广西,威优64,威20A×测64-7,籼型三系杂交稻,湖南省安江农业学校等,桂审证字第049号,桂审稻,049,威20A,湖南省安江农业学校
广西,两优287,HD9802S×R287,籼型两系杂交稻,湖北大学生命科学学院,桂审稻2006003号,桂审稻,2006003,HD9802S,湖北大学生命科学学院
广西,中优桂99,中9A×桂99,籼型三系杂交稻,中国水稻研究所等,桂审稻200043号,桂审稻,200043,中9A,中国水稻研究所
广西,桂两优2号,桂科-2S×桂恢582,籼型两系杂交稻,广西农业科学院水稻研究所,桂审稻2008006号,桂审稻,2008006,桂科-2S,广西农业科学院水稻研究所
海南,玉晶占,玉香油占×银晶软占,籼型常规稻,广东省农科院水稻研究所,琼审稻2008023,琼审稻,2008023,玉香油占,广东省农科院水稻研究所
海南,天优丰2,天丰A×广恢丰2,籼型三系杂交稻,广东省农科院水稻研究所,琼审稻2008022,琼审稻,2008022,天丰A,广东省农科院水稻研究所
广西,中优258,中9A×测258,籼型三系杂交稻,广西大学支农开发中心,桂审稻2004015号,桂审稻,2004015,中9A,广西大学支农开发中心
广西,金谷优3301,金谷A×闽恢3301,籼型三系杂交稻,四川农大高科农业有限责任公司,桂审稻2013032号,桂审稻,2013032,金谷A,四川农大高科农业有限责任公司
广西,培两优1025,培矮64S×桂1025,籼型两系杂交稻,广西农科院杂交水稻研究中心,桂审稻2001019号,桂审稻,2001019,培矮64S,广西农科院杂交水稻研究中心
广西,广美优3861,广美A×R3861,籼型三系杂交稻,广西亚航农业科技有限公司等,桂审稻2018077号,桂审稻,2018077,广美A,广西亚航农业科技有限公司
广西,湘优2号,湘8A×湘恢121,籼型三系杂交稻,湖南科裕隆种业有限公司,桂审稻2006002号,桂审稻,2006002,湘8A,湖南科裕隆种业有限公司
海南,元优6028,元丰A×福恢6028,籼型三系杂交稻,海南天道种业有限公司,琼审稻2017008,琼审稻,2017008,元丰A,海南天道种业有限公司
广西,青优998,青A×广恢998,籼型三系杂交稻,广西壮族自治区农业科学院水稻研究所,桂审稻2007018号,桂审稻,2007018,青A,广西壮族自治区农业科学院水稻研究所
广西,敦优华占,敦957A×华占,籼型三系杂交稻,武汉敦煌种业有限公司,桂审稻2020092号,桂审稻,2020092,敦957A,武汉敦煌种业有限公司
海南,七桂优306,七桂A×明汉恢306,籼型三系杂交稻,杨明汉水稻研究有限公司,琼审稻2010024,琼审稻,2010024,七桂A,杨明汉水稻研究有限公司
广西,优Ⅰ402,优ⅠA×R402,籼型三系杂交稻,广西钟山县种子公司,桂审稻200042号,桂审稻,200042,优ⅠA,广西钟山县种子公司
海南,特优359,龙特甫A×神恢359,籼型三系杂交稻,海南神农大丰种业科技股份有限公司育种中心,琼审稻2008021,琼审稻,2008021,龙特甫A,海南神农大丰种业科技股份有限公司育种中心
广西,eK优18,K17eA×R18,籼型三系杂交稻,莫科生,桂审稻2006001号,桂审稻,2006001,K17eA,莫科生
海南,特优106,龙特浦A×海恢106,籼型三系杂交稻,海南大学等,琼审稻2017007,琼审稻,2017007,龙特浦A,海南大学
广西,惠A,金23A×惠B,籼型不育系,广西桂穗种业有限公司,桂审稻2005038号,桂审稻,2005038,金23A,广西桂穗种业有限公司
广西,丰田优泰香占,丰田1A×R9808,籼型三系杂交稻,广西金卡农业科技有限公司,桂审稻2018076号,桂审稻,2018076,丰田1A,广西金卡农业科技有限公司
广西,Y两优8866,Y58S×R8866,籼型两系杂交稻,湖南奥谱隆科技股份有限公司,桂审稻2014032号,桂审稻,2014032,Y58S,湖南奥谱隆科技股份有限公司
广西,汕优64,珍汕97A×测64-7,籼型三系杂交稻,浙江省种子公司等,桂审证字第048号,桂审稻,048,珍汕97A,浙江省种子公司
广西,早桂1号,双桂36×早香17,籼型常规稻,玉林市农业科学研究所,桂审稻200037号,桂审稻,200037,双桂36,玉林市农业科学研究所
广西,香两优68,香125S×D68,籼型两系杂交稻,湖南杂交水稻研究中心,桂审稻2001089号,桂审稻,2001089,香125S,湖南杂交水稻研究中心
广西,田东香,泰国稻×如意香稻,籼型常规稻,广西区农业技术推广总站等,桂审稻2001018号,桂审稻,2001018,泰国稻,广西区农业技术推广总站
广西,五丰优823,五丰A×R823,籼型三系杂交稻,广西万禾种业有限公司,桂审稻2013001号,桂审稻,2013001,五丰A,广西万禾种业有限公司
广西,博优云三,博A×茂恢云三,籼型三系杂交稻,广东华茂高科种业有限公司,桂审稻2011027号,桂审稻,2011027,博A,广东华茂高科种业有限公司
广西,粤优524,粤泰A×R524,籼型三系杂交稻,湖南隆平高科农平种业有限公司,桂审稻2007017号,桂审稻,2007017,粤泰A,湖南隆平高科农平种业有限公司
广西,Y两优5806,Y58S×R5806,籼型两系杂交稻,姚剑等,桂审稻2014031号,桂审稻,2014031,Y58S,姚剑
广西,优Ⅰ66,优ⅠA×R66,籼型三系杂交稻,中国水稻研究所,桂审稻200041号,桂审稻,200041,优ⅠA,中国水稻研究所
广西,特优233,龙特甫A×玉233,籼型三系杂交稻,广西玉林地区农科所,桂审稻200036号,桂审稻,200036,龙特甫A,广西玉林地区农科所
广西,特优837,龙特甫A×R837,籼型三系杂交稻,广西壮族自治区种子公司,桂审稻2007016号,桂审稻,2007016,龙特甫A,广西壮族自治区种子公司
广西,博优205,博A×测205,籼型三系杂交稻,广西大学,桂审稻2001017号,桂审稻,2001017,博A,广西大学
广西,中优679,中9A×测679,籼型三系杂交稻,广西大学,桂审稻2004014号,桂审稻,2004014,中9A,广西大学
海南,Ⅱ优328,Ⅱ-32A×神恢328,籼型三系杂交稻,海南神农大丰种业科技股份有限公司育种中心,琼审稻2008020,琼审稻,2008020,Ⅱ-32A,海南神农大丰种业科技股份有限公司育种中心
广西,玉美占,丰美占,籼型常规稻,玉林市农业科学研究所等,桂审稻2012028号,桂审稻,2012028,丰美占,玉林市农业科学研究所
广西,汕优桂34,珍汕97A×桂34,籼型三系杂交稻,广西农业科学院水稻研究所,桂审证字第047号,桂审稻,047,珍汕97A,广西农业科学院水稻研究所
广西,威优298,威20A×298,籼型三系杂交稻,湖南省安江农业学校,桂审稻2001088号,桂审稻,2001088,威20A,湖南省安江农业学校
广西,Y两优9683,Y58S×R9683,籼型两系杂交稻,广西万禾种业有限公司等,桂审稻2014030号,桂审稻,2014030,Y58S,广西万禾种业有限公司
海南,特优248,龙特甫A×弘恢248,籼型三系杂交稻,广东天弘种业有限公司,琼审稻2008019,琼审稻,2008019,龙特甫A,广东天弘种业有限公司
广西,两优培特,培矮64S×特青,籼型两系杂交稻,湖南杂交水稻研究中心,桂审稻2001082号,桂审稻,2001082,培矮64S,湖南杂交水稻研究中心
广西,力丰优8027,力丰A×R8027,籼型三系杂交稻,广西兆福农业科技有限公司,桂审稻2013031号,桂审稻,2013031,力丰A,广西兆福农业科技有限公司
广西,优Ⅰ207,优ⅠA×先恢207,籼型三系杂交稻,广西钟山县种子公司,桂审稻200040号,桂审稻,200040,优ⅠA,广西钟山县种子公司
广西,博Ⅱ优961,博ⅡA×R01,籼型三系杂交稻,广西博白县农业科学研究所,桂审稻200035号,桂审稻,200035,博ⅡA,广西博白县农业科学研究所
广西,和两优1号,和620S×丙4114,籼型两系杂交稻,广西恒茂农业科技有限公司等,桂审稻2014029号,桂审稻,2014029,和620S,广西恒茂农业科技有限公司
广西,优Ⅰ5759,优ⅠA×测5759,籼型三系杂交稻,广西大学,桂审稻2001016号,桂审稻,2001016,优ⅠA,广西大学
广西,鄂丰28,黄华占×SD-9,籼型常规稻,湖北省种子集团有限公司,桂审稻2012027号,桂审稻,2012027,黄华占,湖北省种子集团有限公司
广西,汕优桂32,珍汕97A×桂32,籼型三系杂交稻,广西农科院水稻所,桂审证字第046号,桂审稻,046,珍汕97A,广西农科院水稻所
广西,华两优香占,华68S×花香占,籼型两系杂交稻,华南农业大学农学院,桂审稻2013030号,桂审稻,2013030,华68S,华南农业大学农学院
广西,汕优974,珍汕97A×To974,籼型三系杂交稻,广西桂林地区种子公司,桂审稻2001087号,桂审稻,2001087,珍汕97A,广西桂林地区种子公司
广西,里A,博A×里占,籼型不育系,广西桂穗种业有限公司,桂审稻2005037号,桂审稻,2005037,博A,广西桂穗种业有限公司
广西,中Ⅰ优169,中1A×恢1694,籼型三系杂交稻,中国水稻研究所等,桂审稻2013029号,桂审稻,2013029,中1A,中国水稻研究所
广西,威优974,威20A×To974,籼型三系杂交稻,湖南省衡阳市农业科学研究所,桂审稻2001081号,桂审稻,2001081,威20A,湖南省衡阳市农业科学研究所
广西,桂花A,金23A×桂花B,籼型不育系,广西钟山县种子公司,桂审稻2005036号,桂审稻,2005036,金23A,广西钟山县种子公司
广西,汕优桂8,珍汕97A×桂8,籼型三系杂交稻,广西农科院水稻所,桂审证字第037号,桂审稻,037,珍汕97A,广西农科院水稻所
海南,川香优779,川香29A×澄恢779,籼型三系杂交稻,四川华丰种业有限责任公司,琼审稻2017006,琼审稻,2017006,川香29A,四川华丰种业有限责任公司
广西,裕优131,1013A×裕恢3401,籼型三系杂交稻,广西麟丰种业有限公司等,桂审稻2014028号,桂审稻,2014028,1013A,广西麟丰种业有限公司
广西,金优974,金23A×To974,籼型三系杂交稻,湖南省衡阳市农业科学研究所,桂审稻2001080号,桂审稻,2001080,金23A,湖南省衡阳市农业科学研究所
海南,谷优629,谷丰A×中种恢629,籼型三系杂交稻,三亚中种种业有限公司,琼审稻2008018,琼审稻,2008018,谷丰A,三亚中种种业有限公司
广西,群优3550,群A×广恢3550,籼型三系杂交稻,不详,桂审稻2014027号,桂审稻,2014027,群A,不详
广西,特优838,龙特甫A×辐恢838,籼型三系杂交稻,广西容县种子公司等,桂审稻200034号,桂审稻,200034,龙特甫A,广西容县种子公司
广西,神农糯1号,糯龙特A×糯恢1号,籼型三系杂交稻,海南神农大丰种业科技股份有限公司,桂审稻2005035号,桂审稻,2005035,糯龙特A,海南神农大丰种业科技股份有限公司
广西,威优647,威20A×R647,籼型三系杂交稻,湖南省安江农业学校等,桂审稻2001086号,桂审稻,2001086,威20A,湖南省安江农业学校
广西,特优1012,龙特甫A×测1012,籼型三系杂交稻,广西大学支农开发中心,桂审稻2001015号,桂审稻,2001015,龙特甫A,广西大学支农开发中心
广西,亚航金占,田东香×丰华占,籼型常规稻,广西亚航农业科技有限公司,桂审稻2012026号,桂审稻,2012026,田东香,广西亚航农业科技有限公司
广西,裕优641,裕1A×裕恢6414,籼型三系杂交稻,广西麟丰种业有限公司等,桂审稻2013028号,桂审稻,2013028,裕1A,广西麟丰种业有限公司
广西,准两优1202,准S×R1202,籼型两系杂交稻,南宁市沃德农作物研究所等,桂审稻2007015号,桂审稻,2007015,准S,南宁市沃德农作物研究所
海南,广陵优2585,IR58025A×广陵85,籼型三系杂交稻,海南广陵高科实业有限公司,琼审稻2008017,琼审稻,2008017,IR58025A,海南广陵高科实业有限公司
广西,优ⅠT80,优ⅠA×T80,籼型三系杂交稻,广西柳州地区农业科学研究所,桂审稻2001014号,桂审稻,2001014,优ⅠA,广西柳州地区农业科学研究所
广西,威优463,威20A×To463,籼型三系杂交稻,湖南省衡阳市农业科学研究所,桂审稻2001079号,桂审稻,2001079,威20A,湖南省衡阳市农业科学研究所
广西,软华优147,G软华A×优恢147,籼型三系杂交稻,广西壮族自治区农业科学院水稻研究所等,桂审稻2020091号,桂审稻,2020091,G软华A,广西壮族自治区农业科学院水稻研究所
海南,聚两优746,GD-7S×W746,籼型两系杂交稻,广东省农业科学院水稻研究所,琼审稻2010023,琼审稻,2010023,GD-7S,广东省农业科学院水稻研究所
广西,金优647,金23A×R647,籼型三系杂交稻,湖南杂交水稻研究中心,桂审稻2001085号,桂审稻,2001085,金23A,湖南杂交水稻研究中心
广西,秋长优3号,秋长A×3号,籼型三系杂交稻,广西博白县作物品种资源研究所,桂审稻2005034号,桂审稻,2005034,秋长A,广西博白县作物品种资源研究所
海南,Ⅱ优202,Ⅱ-32A×中种恢202,籼型三系杂交稻,中国种子集团有限公司三亚分公司,琼审稻2008016,琼审稻,2008016,Ⅱ-32A,中国种子集团有限公司三亚分公司
广西,中优82,中9A×明恢82,籼型三系杂交稻,广西贺州市种子公司,桂审稻2001013号,桂审稻,2001013,中9A,广西贺州市种子公司
广西,隆两优1377,隆科638S×R1377,籼型两系杂交稻,袁隆平农业高科技股份有限公司等,桂审稻2018075号,桂审稻,2018075,隆科638S,袁隆平农业高科技股份有限公司
海南,钱3优982,钱江3号A×R982,籼型三系杂交稻,中国农业科学院作物科学研究所等,琼审稻2017005,琼审稻,2017005,钱江3号A,中国农业科学院作物科学研究所
广西,两优638,广占63S×丰恢8号,籼型两系杂交稻,合肥丰乐种业股份有限公司,桂审稻2007014号,桂审稻,2007014,广占63S,合肥丰乐种业股份有限公司
广西,培两优288,培矮64S×R288,籼型两系杂交稻,湖南农业大学农学系,桂审稻2001084号,桂审稻,2001084,培矮64S,湖南农业大学农学系
广西,博Ⅲ优9611,博ⅢA×R9611,籼型三系杂交稻,王腾金,桂审稻2011026号,桂审稻,2011026,博ⅢA,王腾金
广西,中广优2号,丰矮占1号/原粳7号×丰矮占1号/广恢122,籼型常规稻,中国农业科学院作物科学研究所等,桂审稻2012025号,桂审稻,2012025,丰矮占1号/原粳7号,中国农业科学院作物科学研究所
广西,汕优82,珍汕97A×明恢82,籼型三系杂交稻,三明市农业科学研究所,桂审稻2001012号,桂审稻,2001012,珍汕97A,三明市农业科学研究所
海南,科优527,科金A×蜀恢527,籼型三系杂交稻,海南省农业科学院粮食作物研究所,琼审稻2010022,琼审稻,2010022,科金A,海南省农业科学院粮食作物研究所
广西,博Ⅲ优869,博ⅢA×R869,籼型三系杂交稻,广西万禾种业有限公司,桂审稻2011025号,桂审稻,2011025,博ⅢA,广西万禾种业有限公司
广西,裕优130,裕丰1032A×裕恢130,籼型三系杂交稻,广西麟丰种业有限公司等,桂审稻2012024号,桂审稻,2012024,裕丰1032A,广西麟丰种业有限公司
广西,安两优1号,安湘S×ZSP选1,籼型两系杂交稻,广西壮族自治区种子公司等,桂审稻2004013号,桂审稻,2004013,安湘S,广西壮族自治区种子公司
广西,特优晚3,龙特甫A×晚3,籼型三系杂交稻,广西容县种子公司,桂审稻200033号,桂审稻,200033,龙特甫A,广西容县种子公司
广西,八两优96,810S×怀96-1,籼型两系杂交稻,怀化市农业科学研究所,桂审稻2001078号,桂审稻,2001078,810S,怀化市农业科学研究所
广西,优Ⅰ838,优ⅠA×辐恢838,籼型三系杂交稻,广西钟山县种子公司,桂审稻200039号,桂审稻,200039,优ⅠA,广西钟山县种子公司
广西,汕优桂33,珍汕97A×桂33,籼型三系杂交稻,广西农业科学院水稻研究所,桂审证字第036号,桂审稻,036,珍汕97A,广西农业科学院水稻研究所
广西,乾两优9号,乾S×恒恢9号,籼型两系杂交稻,广西恒茂农业科技有限公司等,桂审稻2018074号,桂审稻,2018074,乾S,广西恒茂农业科技有限公司
海南,D奇宝优1688,D奇宝A×东菲1688,籼型三系杂交稻,福建省尤溪县良种生化研究所,琼审稻2010021,琼审稻,2010021,D奇宝A,福建省尤溪县良种生化研究所
海南,椰丰568,椰丰A×神恢568,籼型三系杂交稻,海南神农大丰种业科技股份有限公司育种中心,琼审稻2008015,琼审稻,2008015,椰丰A,海南神农大丰种业科技股份有限公司育种中心
广西,中9优974,中9A×To974,籼型三系杂交稻,中国水稻研究所,桂审稻2001077号,桂审稻,2001077,中9A,中国水稻研究所
海南,隆两优1988,隆科638S×R1988,籼型两系杂交稻,袁隆平农业高科技股份有限公司等,琼审稻2017004,琼审稻,2017004,隆科638S,袁隆平农业高科技股份有限公司
广西,培杂青珍,培矮64S×青珍8-2,籼型两系杂交稻,华南农业大学农学系,桂审稻2001083号,桂审稻,2001083,培矮64S,华南农业大学农学系
广西,红香110,红香2A×香恢10号,籼型三系杂交稻,湖北中香米业有限责任公司,桂审稻2012023号,桂审稻,2012023,红香2A,湖北中香米业有限责任公司
广西,亮优1606,亮A×R1606,籼型三系杂交稻,广西瑞特种子有限责任公司,桂审稻2011024号,桂审稻,2011024,亮A,广西瑞特种子有限责任公司
广西,G优3号,G203A×中农03,籼型三系杂交稻,北京中农种业有限公司等,桂审稻2007013号,桂审稻,2007013,G203A,北京中农种业有限公司
广西,威优404,威20A×R404,籼型三系杂交稻,湖南省安江农业学校,桂审稻2001076号,桂审稻,2001076,威20A,湖南省安江农业学校
广西,激青,广选早,籼型常规稻,广西农学院,桂审证字第035号,桂审稻,035,广选早,广西农学院
海南,天优806,天丰A×广恢806,籼型三系杂交稻,广东省农业科学院水稻研究所,琼审稻2008014,琼审稻,2008014,天丰A,广东省农业科学院水稻研究所
广西,河西2号,团结1号×西溪矮/67-160,籼型常规稻,广西河池地区农业科学研究所,桂审证字第023号,桂审稻,023,团结1号,广西河池地区农业科学研究所
广西,乾两优7号,乾S×恒恢7号,籼型两系杂交稻,广西恒茂农业科技有限公司等,桂审稻2018073号,桂审稻,2018073,乾S,广西恒茂农业科技有限公司
广西,特优广12,龙特甫A×广12,籼型三系杂交稻,广西大学农学院,桂审稻200032号,桂审稻,200032,龙特甫A,广西大学农学院
海南,天优826,天丰A×粤恢826,籼型三系杂交稻,广东省农业科学院水稻研究所等,琼审稻2010020,琼审稻,2010020,天丰A,广东省农业科学院水稻研究所
海南,Ⅱ优1259,Ⅱ-32A×明恢1259,籼型三系杂交稻,福建省三明市农业科学研究所,琼审稻2008013,琼审稻,2008013,Ⅱ-32A,福建省三明市农业科学研究所
海南,赣优9812,赣香A×中种恢9812,籼型三系杂交稻,肇庆学院等,琼审稻2017003,琼审稻,2017003,赣香A,肇庆学院
海南,谷优5138,谷丰A×福恢5138,籼型三系杂交稻,福建省农业科学院水稻研究所,琼审稻2010019,琼审稻,2010019,谷丰A,福建省农业科学院水稻研究所
广西,团黄占,南广占/团结1号×黄壳油占,籼型常规稻,广西博白县农业科学研究所,桂审证字第022号,桂审稻,022,南广占/团结1号,广西博白县农业科学研究所
广西,冈优607,冈46A×华恢007,籼型三系杂交稻,四川华丰种业有限责任公司,桂审稻2007012号,桂审稻,2007012,冈46A,四川华丰种业有限责任公司
广西,金优404,金23A×R404,籼型三系杂交稻,广西桂林地区种子公司,桂审稻2001075号,桂审稻,2001075,金23A,广西桂林地区种子公司
广西,特优524,龙特甫A×R524,籼型三系杂交稻,汕头市农业科学研究所,桂审稻200031号,桂审稻,200031,龙特甫A,汕头市农业科学研究所
广西,桂朝2号,桂阳矮49×朝阳早18,籼型常规稻,广东省农业科学院水稻研究所,桂审证字第019号,桂审稻,019,桂阳矮49,广东省农业科学院水稻研究所
广西,野香优9号,野香A×R9,籼型三系杂交稻,广西绿海种业有限公司,桂审稻2011023号,桂审稻,2011023,野香A,广西绿海种业有限公司
海南,D奇宝优527,D奇宝A×蜀恢527,籼型三系杂交稻,尤溪县良种生化研究所等,琼审稻2008012,琼审稻,2008012,D奇宝A,尤溪县良种生化研究所
海南,特优328,龙特甫A×神恢328,籼型三系杂交稻,海南神农大丰种业科技股份有限公司育种中心,琼审稻2010018,琼审稻,2010018,龙特甫A,海南神农大丰种业科技股份有限公司育种中心
海南,特优6788,龙特浦A×澄恢6788,籼型三系杂交稻,澄迈金丰种业有限责任公司,琼审稻2019008,琼审稻,2019008,龙特浦A,澄迈金丰种业有限责任公司
广西,博优晚3,博A×晚3,籼型三系杂交稻,广东省湛江杂优研究中心,桂审稻200030号,桂审稻,200030,博A,广东省湛江杂优研究中心
广西,博优352,博A×R352,籼型三系杂交稻,容县农业科学研究所,桂审稻2005033号,桂审稻,2005033,博A,容县农业科学研究所
广西,十优1025,十优A×桂1025,籼型三系杂交稻,广西农业科学院水稻研究所,桂审稻2007011号,桂审稻,2007011,十优A,广西农业科学院水稻研究所
广西,惠优6601,惠A×R6601,籼型三系杂交稻,广西桂穗种业有限公司,桂审稻2011022号,桂审稻,2011022,惠A,广西桂穗种业有限公司
海南,川优6621,川种66A×R21,籼型三系杂交稻,四川川种种业有限责任公司,琼审稻2010017,琼审稻,2010017,川种66A,四川川种种业有限责任公司
海南,旗1优276,旗1A×福恢276,籼型三系杂交稻,福建丰田种业有限公司等,琼审稻2017002,琼审稻,2017002,旗1A,福建丰田种业有限公司
广西,博优988,博A×R988,籼型三系杂交稻,广西博白县作物品资所,桂审稻200029号,桂审稻,200029,博A,广西博白县作物品资所
海南,谷优3207,谷丰A×R3207,籼型三系杂交稻,福建省农业科学院水稻研究所等,琼审稻2019007,琼审稻,2019007,谷丰A,福建省农业科学院水稻研究所
广西,泸优069,泸香078A×亚恢069,籼型三系杂交稻,福建亚丰种业有限公司,桂审稻2012022号,桂审稻,2012022,泸香078A,福建亚丰种业有限公司
广西,湘矮早9号,IR8×湘矮早4号,籼型常规稻,湖南省水稻研究所,桂审证字第018号,桂审稻,018,IR8,湖南省水稻研究所
广西,乾两优6号,乾S×恒恢6号,籼型两系杂交稻,广西恒茂农业科技有限公司等,桂审稻2018072号,桂审稻,2018072,乾S,广西恒茂农业科技有限公司
海南,特优506,龙特甫A×神恢506,籼型三系杂交稻,海南神农大丰种业科技股份有限公司育种中心,琼审稻2010016,琼审稻,2010016,龙特甫A,海南神农大丰种业科技股份有限公司育种中心
广西,博Ⅱ优213,博ⅡA×玉213,籼型三系杂交稻,广西玉林市农业科学研究所,桂审稻200028号,桂审稻,200028,博ⅡA,广西玉林市农业科学研究所
广西,里优6602,里A×R6602,籼型三系杂交稻,广西桂穗种业有限公司,桂审稻2007010号,桂审稻,2007010,里A,广西桂穗种业有限公司
广西,金优463,金23A×To463,籼型三系杂交稻,湖南省衡阳市农业科学研究所,桂审稻2001074号,桂审稻,2001074,金23A,湖南省衡阳市农业科学研究所
海南,中映优116,中映A×R7116,籼型三系杂交稻,广东现代耕耘种业有限公司,琼审稻2019006,琼审稻,2019006,中映A,广东现代耕耘种业有限公司
海南,广优18,丛广41A×金恢18,籼型三系杂交稻,广东省金稻种业有限公司,琼审稻2008011,琼审稻,2008011,丛广41A,广东省金稻种业有限公司
海南,特优458,龙特甫A×R458,籼型三系杂交稻,海南省农业科学院粮食作物研究所,琼审稻2010015,琼审稻,2010015,龙特甫A,海南省农业科学院粮食作物研究所
广西,博优290,博A×广恢290,籼型三系杂交稻,广东省农业科学院水稻研究所,桂审稻2005032号,桂审稻,2005032,博A,广东省农业科学院水稻研究所
广西,恒优6号,恒A×瑞恢6号,籼型三系杂交稻,广西瑞恒种业有限公司,桂审稻2012021号,桂审稻,2012021,恒A,广西瑞恒种业有限公司
海南,黄华占,黄新占×丰华占,籼型常规稻,广东省农业科学院水稻研究所,琼审稻2008010,琼审稻,2008010,黄新占,广东省农业科学院水稻研究所
广西,里优6601,里A×R6601,籼型三系杂交稻,广西桂穗种业有限公司,桂审稻2007009号,桂审稻,2007009,里A,广西桂穗种业有限公司
广西,金优298,金23A×298,籼型三系杂交稻,湖南省安江农业学校,桂审稻2001073号,桂审稻,2001073,金23A,湖南省安江农业学校
海南,特优5511,龙特浦A×粤良恢5511,籼型三系杂交稻,广东粤良种业有限公司,琼审稻2019005,琼审稻,2019005,龙特浦A,广东粤良种业有限公司
海南,博Ⅱ优26,博ⅡA×粤野占26,籼型三系杂交稻,海南省农业科学院水稻研究所,琼审稻2005002,琼审稻,2005002,博ⅡA,海南省农业科学院水稻研究所
广西,昌两优6号,昌S×恒恢6号,籼型两系杂交稻,广西恒茂农业科技有限公司等,桂审稻2018071号,桂审稻,2018071,昌S,广西恒茂农业科技有限公司
广西,金优402,金23A×R402,籼型三系杂交稻,湖南省安江农业学校等,桂审稻2001072号,桂审稻,2001072,金23A,湖南省安江农业学校
海南,特优1259,龙特甫A×明恢1259,籼型三系杂交稻,福建省三明市农业科学研究所等,琼审稻2008009,琼审稻,2008009,龙特甫A,福建省三明市农业科学研究所
海南,琼香两优08,琼香-1S×R08,籼型两系杂交稻,海南省农业科学院粮食作物研究所,琼审稻2008008,琼审稻,2008008,琼香-1S,海南省农业科学院粮食作物研究所
广西,深优9723,深97A×R4023,粳型三系杂交稻,广西百色兆农两系杂交水稻研发中心,桂审稻2007008号,桂审稻,2007008,深97A,广西百色兆农两系杂交水稻研发中心
广西,红410,珍龙410,籼型常规稻,福建省同安县良种场,桂审证字第017号,桂审稻,017,珍龙410,福建省同安县良种场
广西,博优212,博A×玉212,籼型三系杂交稻,广西玉林地区农科所,桂审稻200027号,桂审稻,200027,博A,广西玉林地区农科所
广西,汕优402,珍汕97A×R402,籼型三系杂交稻,湖南省耒阳市种子公司,桂审稻2001071号,桂审稻,2001071,珍汕97A,湖南省耒阳市种子公司
海南,双青优2008,双青A×弘恢2008,籼型三系杂交稻,广东海洋大学农业生物技术研究所,琼审稻2010014,琼审稻,2010014,双青A,广东海洋大学农业生物技术研究所
海南,粤泰优116,粤泰A×海恢116,籼型三系杂交稻,海南海亚南繁种业有限公司,琼审稻2010013,琼审稻,2010013,粤泰A,海南海亚南繁种业有限公司
广西,金优804,金23A×804,籼型三系杂交稻,湖南省安江农业学校,桂审稻2001070号,桂审稻,2001070,金23A,湖南省安江农业学校
广西,特优216,龙特甫A×玉216,籼型三系杂交稻,广西玉林地区农科所,桂审稻200026号,桂审稻,200026,龙特甫A,广西玉林地区农科所
广西,特优3550选,龙特甫A×89-9,籼型三系杂交稻,广西容县种子公司,桂审稻200025号,桂审稻,200025,龙特甫A,广西容县种子公司
广西,培杂茂三,培矮64S×茂3,籼型两系杂交稻,茂名市两系杂交稻研究发展中心,桂审稻200024号,桂审稻,200024,培矮64S,茂名市两系杂交稻研究发展中心
广西,培杂双七,培矮64S×双七占,籼型两系杂交稻,广东省农业科学院水稻研究所,桂审稻200023号,桂审稻,200023,培矮64S,广东省农业科学院水稻研究所
海南,中浙优394,中浙A×T394,籼型三系杂交稻,福建金山都种业发展有限公司等,琼审稻2019004,琼审稻,2019004,中浙A,福建金山都种业发展有限公司
海南,旗1优386,旗1A×福恢386,籼型三系杂交稻,福建省农业科学院水稻研究所等,琼审稻2017001,琼审稻,2017001,旗1A,福建省农业科学院水稻研究所
广西,美优998,美A×广恢998,籼型三系杂交稻,广西壮族自治区农业科学院水稻研究所,桂审稻2005031号,桂审稻,2005031,美A,广西壮族自治区农业科学院水稻研究所
海南,Y两优439,Y58S×海恢439,籼型两系杂交稻,海南绿金丰种子有限公司等,琼审稻2008007,琼审稻,2008007,Y58S,海南绿金丰种子有限公司
广西,昌两优1号,昌S×丙4114,籼型两系杂交稻,广西恒茂农业科技有限公司等,桂审稻2018070号,桂审稻,2018070,昌S,广西恒茂农业科技有限公司
海南,赣优明占,赣香A×双抗明占,籼型三系杂交稻,三明市农业科学研究院,琼审稻2010012,琼审稻,2010012,赣香A,三明市农业科学研究院
广西,优Ⅰ253,优ⅠA×测253,籼型三系杂交稻,广西大学,桂审稻200022号,桂审稻,200022,优ⅠA,广西大学
海南,特优382,龙特浦A×恒恢382,籼型三系杂交稻,广东现代耕耘种业有限公司,琼审稻2019003,琼审稻,2019003,龙特浦A,广东现代耕耘种业有限公司
广西,枝优253,枝A×测253,籼型三系杂交稻,广西大学,桂审稻200021号,桂审稻,200021,枝A,广西大学
广西,金优253,金23A×测253,籼型三系杂交稻,广西大学,桂审稻200020号,桂审稻,200020,金23A,广西大学
广西,特眉,矮齐眉5号,籼型常规稻,广西农业科学院,桂审证字第016号,桂审稻,016,矮齐眉5号,广西农业科学院
广西,威优804,威20A×804,籼型三系杂交稻,湖南省安江农业学校,桂审稻2001069号,桂审稻,2001069,威20A,湖南省安江农业学校
海南,Ⅱ优629,Ⅱ-32A×中种恢629,籼型三系杂交稻,中国种子集团公司三亚分公司,琼审稻2005001,琼审稻,2005001,Ⅱ-32A,中国种子集团公司三亚分公司
广西,天优3550,天A×广恢3550,籼型三系杂交稻,广西科泰种业有限公司,桂审稻2005030号,桂审稻,2005030,天A,广西科泰种业有限公司
海南,恒丰优5511,恒丰A×粤良恢5511,籼型三系杂交稻,广东粤良种业有限公司,琼审稻2019002,琼审稻,2019002,恒丰A,广东粤良种业有限公司
海南,深优9594,深95A×R1394,籼型三系杂交稻,深圳市兆农农业科技有限公司等,琼审稻2016024,琼审稻,2016024,深95A,深圳市兆农农业科技有限公司
广西,万香占1号,博香占3号/闻香占×粤香占,籼型常规稻,广西皓凯生物科技有限公司等,桂审稻2018069号,桂审稻,2018069,博香占3号/闻香占,广西皓凯生物科技有限公司
海南,博Ⅱ优901,博ⅡA×弘恢901,籼型三系杂交稻,广东天弘种业有限公司,琼审稻2013007,琼审稻,2013007,博ⅡA,广东天弘种业有限公司
海南,川种66A,Ⅱ-32A×川种66B,籼型不育系,四川川种种业有限责任公司,琼审稻2010011,琼审稻,2010011,Ⅱ-32A,四川川种种业有限责任公司
广西,培杂金康民,培矮64S×金康民,籼型两系杂交稻,广西科泰种业有限公司,桂审稻2007007号,桂审稻,2007007,培矮64S,广西科泰种业有限公司
海南,Ⅱ优588,Ⅱ-32A×神恢588,籼型三系杂交稻,海南神农大丰种业科技股份有限公司,琼审稻2008006,琼审稻,2008006,Ⅱ-32A,海南神农大丰种业科技股份有限公司
海南,隆两优143,隆科638S×P143,籼型两系杂交稻,湖南杂交水稻研究中心等,琼审稻2019001,琼审稻,2019001,隆科638S,湖南杂交水稻研究中心
广西,朝灵11号,朝阳矮1号×大灵矮,籼型常规稻,广西灵山县农业科学研究所,桂审证字第015号,桂审稻,015,朝阳矮1号,广西灵山县农业科学研究所
海南,丝优0848,丝苗A×R0848,籼型三系杂交稻,海南中海优质香稻研究开发所、黄发松,琼审稻2004008,琼审稻,2004008,丝苗A,海南中海优质香稻研究开发所、黄发松
广西,威优402,威20A×R402,籼型三系杂交稻,湖南省安江农业学校,桂审稻2001068号,桂审稻,2001068,威20A,湖南省安江农业学校
广西,美优198,美A×R198,籼型三系杂交稻,广西壮族自治区农业科学院水稻研究所,桂审稻2005029号,桂审稻,2005029,美A,广西壮族自治区农业科学院水稻研究所
广西,博优桂55,博A×桂55,籼型三系杂交稻,广西农科院水稻所,桂审稻200019号,桂审稻,200019,博A,广西农科院水稻所
海南,湖海537,引进国外优质稻,籼型常规稻,湖北省粮食作物育种中心等,琼审稻2004007,琼审稻,2004007,引进国外优质稻,湖北省粮食作物育种中心
广西,大灵矮,包胎红,籼型常规稻,广西灵山县农业科学研究所,桂审证字第014号,桂审稻,014,包胎红,广西灵山县农业科学研究所
海南,中科西陆2号,明恢63/陆引46×明恢63,籼型常规稻,中国科学院西双版纳热带植物园等,琼审稻2018033,琼审稻,2018033,明恢63/陆引46,中国科学院西双版纳热带植物园
广西,中优桂55,中9A×桂55,籼型三系杂交稻,广西南宁市郊区种子公司,桂审稻2001067号,桂审稻,2001067,中9A,广西南宁市郊区种子公司
广西,十优玉1号,十优A×玉恢1号,籼型三系杂交稻,李福忠、黄民波、谢熙明,桂审稻2007006号,桂审稻,2007006,十优A,李福忠、黄民波、谢熙明
海南,海丰6A,海丰1A×海丰6B,籼型不育系,海南省农业科学院粮食作物研究所,琼审稻2016038,琼审稻,2016038,海丰1A,海南省农业科学院粮食作物研究所
海南,博Ⅱ优328,博ⅡA×神恢328,籼型三系杂交稻,海南神农大丰种业科技股份有限公司,琼审稻2008005,琼审稻,2008005,博ⅡA,海南神农大丰种业科技股份有限公司
海南,万金优802,万金A×弘恢802,籼型三系杂交稻,广东海洋大学农业生物技术研究所等,琼审稻2010010,琼审稻,2010010,万金A,广东海洋大学农业生物技术研究所
广西,秋优桂168,秋A×桂168,籼型三系杂交稻,广西农科院水稻所,桂审稻200018号,桂审稻,200018,秋A,广西农科院水稻所
海南,琼香两优1号,琼香-1S×粤丰占,籼型两系杂交稻,海南省农业科学院水稻研究所,琼审稻2004006,琼审稻,2004006,琼香-1S,海南省农业科学院水稻研究所
海南,S1035,湘晚籼12号×R306,籼型常规稻,湖南省水稻研究所,琼审稻2018032,琼审稻,2018032,湘晚籼12号,湖南省水稻研究所
海南,中丰S3,H155S×香187,籼型不育系,中国种子集团有限公司等,琼审稻2016037,琼审稻,2016037,H155S,中国种子集团有限公司
广西,广协1号,广二石×协四115,籼型常规稻,广西河池地区农科所,桂审稻200003号,桂审稻,200003,广二石,广西河池地区农科所
广西,连优6118,连丰A×闽恢6118,籼型三系杂交稻,福建省农业科学院生物技术研究所等,桂审稻2007005号,桂审稻,2007005,连丰A,福建省农业科学院生物技术研究所
广西,岳优136,岳4A×T136,籼型三系杂交稻,湖南省衡阳市农业科学研究所,桂审稻2001066号,桂审稻,2001066,岳4A,湖南省衡阳市农业科学研究所
广西,T优207,T98A×先恢207,籼型三系杂交稻,湖南杂交水稻研究中心,桂审稻2001065号,桂审稻,2001065,T98A,湖南杂交水稻研究中心
广西,八两优353,810S×R353,籼型两系杂交稻,湖南省安江农业学校,桂审稻2001064号,桂审稻,2001064,810S,湖南省安江农业学校
广西,新香优63,新香A×明恢63,籼型三系杂交稻,湖南杂交水稻研究中心等,桂审稻2001063号,桂审稻,2001063,新香A,湖南杂交水稻研究中心
海南,中丰S2,凤S×C815S,籼型不育系,湖南农业大学,琼审稻2016036,琼审稻,2016036,凤S,湖南农业大学
海南,绿永优5128,绿永A×琼恢5128,籼型三系杂交稻,海南省农业科学院粮食作物研究所,琼审稻2013006,琼审稻,2013006,绿永A,海南省农业科学院粮食作物研究所
广西,博优航6号,博A×R623,籼型三系杂交稻,广西南宁三益新品农业有限公司等,桂审稻2005028号,桂审稻,2005028,博A,广西南宁三益新品农业有限公司
海南,博Ⅱ优138,博ⅡA×金恢138,籼型三系杂交稻,广东省金稻种业有限公司,琼审稻2008004,琼审稻,2008004,博ⅡA,广东省金稻种业有限公司
广西,荃香优美占,荃香9A×美占,籼型三系杂交稻,广西荃鸿农业科技有限公司等,桂审稻2018068号,桂审稻,2018068,荃香9A,广西荃鸿农业科技有限公司
海南,博Ⅱ优177,博ⅡA×成恢177,籼型三系杂交稻,澄迈金丰种业有限责任公司,琼审稻2010009,琼审稻,2010009,博ⅡA,澄迈金丰种业有限责任公司
海南,海农红1号,药用野生稻×R225/疣粒野生稻,籼型常规稻,海南省农业科学院粮食作物研究所,琼审稻2018031,琼审稻,2018031,药用野生稻,海南省农业科学院粮食作物研究所
海南,Ⅱ优101,Ⅱ-32A×澄恢101,籼型三系杂交稻,澄迈县金丰种业有限责任公司,琼审稻2013005,琼审稻,2013005,Ⅱ-32A,澄迈县金丰种业有限责任公司
海南,D优128,D62A×广恢128,籼型三系杂交稻,四川农业大学水稻研究所,琼审稻2004005,琼审稻,2004005,D62A,四川农业大学水稻研究所
广西,金优782,金23A×测782,籼型三系杂交稻,广西壮族自治区种子公司,桂审稻2007004号,桂审稻,2007004,金23A,广西壮族自治区种子公司
广西,博优1025,博A×桂1025,籼型三系杂交稻,广西农业科学院水稻研究所,桂审稻200017号,桂审稻,200017,博A,广西农业科学院水稻研究所
海南,天优128,天丰A×广恢128,籼型三系杂交稻,广东省农业科学院水稻研究所,琼审稻2004004,琼审稻,2004004,天丰A,广东省农业科学院水稻研究所
海南,博Ⅱ优316,博ⅡA×海恢316,籼型三系杂交稻,海南海亚南繁种业有限公司,琼审稻2008003,琼审稻,2008003,博ⅡA,海南海亚南繁种业有限公司
广西,团结1号,广二矮,籼型常规稻,博白县农业科学研究所,桂审证字第013号,桂审稻,013,广二矮,博白县农业科学研究所
海南,博优506,博A×神恢506,籼型三系杂交稻,海南神农大丰种业科技股份有限公司育种中心,琼审稻2010008,琼审稻,2010008,博A,海南神农大丰种业科技股份有限公司育种中心
广西,博优253,博A×测253,籼型三系杂交稻,广西大学,桂审稻200002号,桂审稻,200002,博A,广西大学
广西,68优华占,968A×华占,籼型三系杂交稻,广西皓凯生物科技有限公司等,桂审稻2018067号,桂审稻,2018067,968A,广西皓凯生物科技有限公司
广西,湘优207,湘8A×先恢207,籼型三系杂交稻,湖南杂交水稻研究中心,桂审稻2001062号,桂审稻,2001062,湘8A,湖南杂交水稻研究中心
广西,荆楚优201,荆楚814A×R201,籼型三系杂交稻,湖北省种子集团公司,桂审稻2007003号,桂审稻,2007003,荆楚814A,湖北省种子集团公司
海南,Y两优750,Y58S×中种恢750,籼型两系杂交稻,中国种子集团有限公司三亚分公司,琼审稻2013004,琼审稻,2013004,Y58S,中国种子集团有限公司三亚分公司
海南,中丰S1,H155S×香187,籼型不育系,湖南农业大学等,琼审稻2016035,琼审稻,2016035,H155S,湖南农业大学
海南,丛优9919,丛广41A×HR9919,籼型三系杂交稻,湛江海洋大学杂优水稻研究室等,琼审稻2004003,琼审稻,2004003,丛广41A,湛江海洋大学杂优水稻研究室
广西,青优119,青A×R119,籼型三系杂交稻,广西壮族自治区农业科学院水稻研究所,桂审稻2007002号,桂审稻,2007002,青A,广西壮族自治区农业科学院水稻研究所
广西,科德优香占,科德186A×香占,籼型三系杂交稻,广西皓凯生物科技有限公司,桂审稻2018066号,桂审稻,2018066,科德186A,广西皓凯生物科技有限公司
广西,包选2号,包胎白,籼型常规稻,广西玉林地区农业科学研究所,桂审证字第012号,桂审稻,012,包胎白,广西玉林地区农业科学研究所
广西,金优桂99,金23A×桂99,籼型三系杂交稻,常德市农业科学研究所,桂审证字第153号,桂审稻,153,金23A,常德市农业科学研究所
广西,优Ⅰ686,优ⅠA×R686,籼型三系杂交稻,广西博士园种业有限公司,桂审稻2007001号,桂审稻,2007001,优ⅠA,广西博士园种业有限公司
广西,福优974,福伊A×To974,籼型三系杂交稻,广西桂林市种子公司,桂审稻2001061号,桂审稻,2001061,福伊A,广西桂林市种子公司
海南,博Ⅱ优2011,博ⅡA×测2011,籼型三系杂交稻,海南天道种业有限公司等,琼审稻2013003,琼审稻,2013003,博ⅡA,海南天道种业有限公司
海南,粤杂922,GD-1S×广恢128,籼型两系杂交稻,广东省农业科学院水稻研究所,琼审稻2004002,琼审稻,2004002,GD-1S,广东省农业科学院水稻研究所
广西,特优多系1号,龙特甫A×多系1号,籼型三系杂交稻,漳州市农业科学研究所,桂审证字第152号,桂审稻,152,龙特甫A,漳州市农业科学研究所
海南,苏7A,五丰A×苏7B,籼型不育系,湖南正隆农业科技有限公司,琼审稻2016034,琼审稻,2016034,五丰A,湖南正隆农业科技有限公司
海南,露A,Ⅱ-32A×露B,籼型不育系,湖南正隆农业科技有限公司,琼审稻2016033,琼审稻,2016033,Ⅱ-32A,湖南正隆农业科技有限公司
广西,桂科-1S,培矮64S×KS-14/02428,籼型不育系,广西壮族自治区农业科学院水稻研究所,桂审稻2006065号,桂审稻,2006065,培矮64S,广西壮族自治区农业科学院水稻研究所
海南,博Ⅱ优6410,博ⅡA×R6410,籼型三系杂交稻,海南海亚南繁种业有限公司,琼审稻2004001,琼审稻,2004001,博ⅡA,海南海亚南繁种业有限公司
广西,福优402,福伊A×R402,籼型三系杂交稻,广西桂林市种子公司,桂审稻2001060号,桂审稻,2001060,福伊A,广西桂林市种子公司
海南,琦A,天丰A×琦B,籼型不育系,湖南正隆农业科技有限公司,琼审稻2016032,琼审稻,2016032,天丰A,湖南正隆农业科技有限公司
海南,龙两优506,龙S×R506,籼型两系杂交稻,海南大学等,琼审稻2013002,琼审稻,2013002,龙S,海南大学
广西,毅A,博A×Y19-3,籼型不育系,广西南繁种业有限公司,桂审稻2006064号,桂审稻,2006064,博A,广西南繁种业有限公司
广西,圣A,?×圣B,籼型不育系,博白县作物品种资源研究所,桂审稻2006063号,桂审稻,2006063,?,博白县作物品种资源研究所
广西,太A,金23A×太B,籼型不育系,广西博白县作物品种资源研究所,桂审稻2006062号,桂审稻,2006062,金23A,广西博白县作物品种资源研究所
广西,培杂山青,培矮64S×山青11,籼型两系杂交稻,茂名市两系杂交稻攻关协作组,桂审证字第151号,桂审稻,151,培矮64S,茂名市两系杂交稻攻关协作组
广西,特优4480,龙特甫A×R4480,籼型三系杂交稻,广西桂林市种子公司等,桂审稻2001059号,桂审稻,2001059,龙特甫A,广西桂林市种子公司
海南,湛优1018,湛A×HR1018,籼型三系杂交稻,湛江海洋大学杂交水稻研究室,琼审稻2003003,琼审稻,2003003,湛A,湛江海洋大学杂交水稻研究室
海南,28S,Y58S×蔡S/安农S-1,籼型不育系,常德市农林科学研究院等,琼审稻2016031,琼审稻,2016031,Y58S,常德市农林科学研究院
海南,特丰占2号,特籼占25×合丰占,籼型常规稻,海南农乐南繁科技有限公司等,琼审稻2018030,琼审稻,2018030,特籼占25,海南农乐南繁科技有限公司
海南,深两优5814,Y58S×丙4114,籼型两系杂交稻,国家杂交水稻工程技术研究中心清华深圳龙岗研究所,琼审稻2013001,琼审稻,2013001,Y58S,国家杂交水稻工程技术研究中心清华深圳龙岗研究所
广西,原香优361,原香39A×象香恢R361,籼型三系杂交稻,广西象州黄氏水稻研究所,桂审稻2018065号,桂审稻,2018065,原香39A,广西象州黄氏水稻研究所
广西,博Ⅱ优859,博ⅡA×R859,籼型三系杂交稻,博白县农业科学研究所,桂审稻2005027号,桂审稻,2005027,博ⅡA,博白县农业科学研究所
广西,威优4480,威20A×R4480,籼型三系杂交稻,广西桂林市种子公司,桂审稻2001058号,桂审稻,2001058,威20A,广西桂林市种子公司
海南,富优1号,Ⅱ-32A×R21,籼型三系杂交稻,西南农业大学,琼审稻2007007,琼审稻,2007007,Ⅱ-32A,西南农业大学
海南,卓201S,H155S×C815S/七桂B,籼型不育系,湖南希望种业科技股份有限公司,琼审稻2016030,琼审稻,2016030,H155S,湖南希望种业科技股份有限公司
海南,特优9301,龙特浦A×R9301,籼型三系杂交稻,海南海亚南繁种业有限公司,琼审稻2018029,琼审稻,2018029,龙特浦A,海南海亚南繁种业有限公司
广西,茉两优华占,茉01S×华占,籼型两系杂交稻,广西皓凯生物科技有限公司等,桂审稻2018064号,桂审稻,2018064,茉01S,广西皓凯生物科技有限公司
广西,威优96,威20A×96,籼型三系杂交稻,广西桂林市种子公司,桂审稻2001057号,桂审稻,2001057,威20A,广西桂林市种子公司
广西,博优302,博A×R302,籼型三系杂交稻,广西瑞恒种业有限公司,桂审稻2005026号,桂审稻,2005026,博A,广西瑞恒种业有限公司
广西,��优1068,��A×R1068,籼型三系杂交稻,广西百香高科种业有限公司,桂审稻2018063号,桂审稻,2018063,��A,广西百香高科种业有限公司
海南,中海香1号,80-66×矮黑,籼型常规稻,海南中海优质香稻研究开发所,琼审稻2003002,琼审稻,2003002,80-66,海南中海优质香稻研究开发所
广西,秋优1025,秋A×桂1025,籼型三系杂交稻,广西农业科学院水稻研究所,桂审稻200016号,桂审稻,200016,秋A,广西农业科学院水稻研究所
海南,博Ⅱ优588,博ⅡA×神恢588,籼型三系杂交稻,海南神农大丰种业科技股份有限公司,琼审稻2008002,琼审稻,2008002,博ⅡA,海南神农大丰种业科技股份有限公司
广西,培两优275,培矮64S×275,籼型两系杂交稻,广西杂交水稻中心,桂审证字第150号,桂审稻,150,培矮64S,广西杂交水稻中心
广西,科德优151,科德186A×R151,籼型三系杂交稻,广西仙德农业科技有限公司,桂审稻2018062号,桂审稻,2018062,科德186A,广西仙德农业科技有限公司
广西,红南,红梅早×广南1号,籼型常规稻,广西农业科学院,桂审证字第011号,桂审稻,011,红梅早,广西农业科学院
广西,博优桂168,博A×桂168,籼型三系杂交稻,广西农科院水稻所,桂审证字第149号,桂审稻,149,博A,广西农科院水稻所
海南,多集新3号,黔恢383/鄂香1号//野新占/桂丰6号×玉香油占/美香占/...,籼型,广州南国农业有限公司等,琼审稻2012021,琼审稻,2012021,黔恢383/鄂香1号//野新占/桂丰6号,广州南国农业有限公司
广西,十优A,龙特甫A×十优B,籼型不育系,广西壮族自治区农业科学院水稻研究所,桂审稻2006061号,桂审稻,2006061,龙特甫A,广西壮族自治区农业科学院水稻研究所
广西,秋优桂99,秋A×桂99,籼型三系杂交稻,广西杂交水稻研究中心,桂审稻200015号,桂审稻,200015,秋A,广西杂交水稻研究中心
广西,特优63-1,龙特甫A×63-1,籼型三系杂交稻,广西容县种子公司,桂审证字第148号,桂审稻,148,龙特甫A,广西容县种子公司
广西,银丰优187,银丰A×R187,籼型三系杂交稻,广西仙德农业科技有限公司,桂审稻2018061号,桂审稻,2018061,银丰A,广西仙德农业科技有限公司
海南,博Ⅱ优6636,博ⅡA×中种恢6636,籼型三系杂交稻,三亚中种种业有限公司,琼审稻2008001,琼审稻,2008001,博ⅡA,三亚中种种业有限公司
广西,特优5号,龙特甫A×象恢94-5,籼型三系杂交稻,广西象州县多胚水稻所,桂审证字第147号,桂审稻,147,龙特甫A,广西象州县多胚水稻所
海南,谷优5388,谷丰A×福恢5388,籼型三系杂交稻,福建省农业科学院水稻研究所,琼审稻2012020,琼审稻,2012020,谷丰A,福建省农业科学院水稻研究所
广西,05占,团黄占,籼型常规稻,广西博白县农科所,桂审证字第010号,桂审稻,010,团黄占,广西博白县农科所
海南,禾丰A,优ⅠA×金23B//021/优ⅠB,籼型不育系,海南神农大丰种业育种中心,琼审稻2007019,琼审稻,2007019,优ⅠA,海南神农大丰种业育种中心
广西,培杂桂旱1号,培矮64S×桂旱1号,籼型两系杂交稻,广西农业科学院水稻研究所,桂审稻2006060号,桂审稻,2006060,培矮64S,广西农业科学院水稻研究所
广西,Ⅱ优桂34,Ⅱ-32A×桂34,籼型三系杂交稻,广西桂林市种子公司,桂审稻2001056号,桂审稻,2001056,Ⅱ-32A,广西桂林市种子公司
海南,特优889,龙特浦A×R889,籼型三系杂交稻,海南金谷正丰农业科技有限公司,琼审稻2018028,琼审稻,2018028,龙特浦A,海南金谷正丰农业科技有限公司
广西,Ⅱ优桂99,Ⅱ-32A×桂99,籼型三系杂交稻,广西桂林市种子公司,桂审稻2001055号,桂审稻,2001055,Ⅱ-32A,广西桂林市种子公司
海南,特优249,龙特甫A×R249,籼型三系杂交稻,海南成丰种业有限公司,琼审稻2012019,琼审稻,2012019,龙特甫A,海南成丰种业有限公司
广西,绿海优油丝,绿海A×R油丝,籼型三系杂交稻,广西绿海种业有限公司,桂审稻2018060号,桂审稻,2018060,绿海A,广西绿海种业有限公司
海南,博优729,博A×中种恢729,籼型三系杂交稻,三亚中种种业有限公司,琼审稻2007006,琼审稻,2007006,博A,三亚中种种业有限公司
海南,三亚红28,28S×三亚红,籼型两系杂交稻,中国种子集团有限公司三亚分公司等,琼审稻2016029,琼审稻,2016029,28S,中国种子集团有限公司三亚分公司
广西,金优315,金23A×T315,籼型三系杂交稻,广西大学,桂审稻2004012号,桂审稻,2004012,金23A,广西大学
广西,安两优321,安湘S×321,籼型两系杂交稻,广西杂交水稻研究中心,桂审稻200014号,桂审稻,200014,安湘S,广西杂交水稻研究中心
海南,双丰A,V20A×IR58025B//V20B/005,籼型不育系,海南神农大丰种业育种中心,琼审稻2007018,琼审稻,2007018,V20A,海南神农大丰种业育种中心
广西,新两优821,新华S×YR821,籼型两系杂交稻,安微荃银农业高科技研究所,桂审稻2004011号,桂审稻,2004011,新华S,安微荃银农业高科技研究所
广西,雁两优9218,雁农S×92-18,籼型两系杂交稻,湖南省衡阳市农业科学研究所,桂审稻2004010号,桂审稻,2004010,雁农S,湖南省衡阳市农业科学研究所
海南,广九优青占,广九A×金青占,籼型三系杂交稻,广东鲜美种苗股份有限公司,琼审稻2018027,琼审稻,2018027,广九A,广东鲜美种苗股份有限公司
广西,枝优01,枝A×R01,籼型三系杂交稻,广西博白县农科所,桂审证字第146号,桂审稻,146,枝A,广西博白县农科所
海南,紫冠一号,桂黑1号/E3×SBX16,籼型常规稻,海南海亚南繁种业有限公司,琼审稻2016028,琼审稻,2016028,桂黑1号/E3,海南海亚南繁种业有限公司
广西,博Ⅱ优968,博ⅡA×968,籼型三系杂交稻,广西博白县农科所,桂审证字第145号,桂审稻,145,博ⅡA,广西博白县农科所
广西,绿海优丝苗,绿海A×R丝苗,籼型三系杂交稻,广西绿海种业有限公司,桂审稻2018059号,桂审稻,2018059,绿海A,广西绿海种业有限公司
广西,H28优207,H28A×先恢207,籼型三系杂交稻,衡阳市农业科学研究所,桂审稻2004009号,桂审稻,2004009,H28A,衡阳市农业科学研究所
海南,谷优259,谷丰A×光恢259,籼型三系杂交稻,三明市农业科学研究所等,琼审稻2012018,琼审稻,2012018,谷丰A,三明市农业科学研究所
海南,恒丰优298,恒丰A×R298,籼型三系杂交稻,广东粤良种业有限公司,琼审稻2012017,琼审稻,2012017,恒丰A,广东粤良种业有限公司
广西,78优185,T78A×明恢185,籼型三系杂交稻,福建省三明市农业科学研究所,桂审稻2004008号,桂审稻,2004008,T78A,福建省三明市农业科学研究所
广西,培两优99,培矮64S×桂99,籼型两系杂交稻,广西杂交水稻中心,桂审证字第144号,桂审稻,144,培矮64S,广西杂交水稻中心
海南,博Ⅱ优15,博ⅡA×HR15,籼型三系杂交稻,湛江海洋大学杂交水稻研究室,琼审稻2003001,琼审稻,2003001,博ⅡA,湛江海洋大学杂交水稻研究室
海南,野香优新华粘,野香A×新华粘,籼型三系杂交稻,广西绿海种业有限公司,琼审稻2018026,琼审稻,2018026,野香A,广西绿海种业有限公司
海南,特优红1256,龙特浦A×R1256,籼型三系杂交稻,海南海亚南繁种业有限公司,琼审稻2016027,琼审稻,2016027,龙特浦A,海南海亚南繁种业有限公司
广西,博优369,博A×测369,籼型三系杂交稻,南宁庆农科技开发有限公司等,桂审稻2005025号,桂审稻,2005025,博A,南宁庆农科技开发有限公司
广西,博优329,博A×T329,籼型三系杂交稻,广西大学,桂审证字第141号,桂审稻,141,博A,广西大学
广西,绿海优5号,绿海A×R5,籼型三系杂交稻,广西绿海种业有限公司,桂审稻2018058号,桂审稻,2018058,绿海A,广西绿海种业有限公司
海南,泸优0658,泸206A×泸恢8258,籼型三系杂交稻,四川省农业科学院水稻高梁研究所,琼审稻2012016,琼审稻,2012016,泸206A,四川省农业科学院水稻高梁研究所
海南,Ⅱ优128,Ⅱ-32A×广恢128,籼型三系杂交稻,广东省农业科学院水稻研究所,琼审稻1999004,琼审稻,1999004,Ⅱ-32A,广东省农业科学院水稻研究所
广西,博优680,博A×测680,籼型三系杂交稻,广西博士园种业有限公司,桂审稻2006059号,桂审稻,2006059,博A,广西博士园种业有限公司
海南,广8优5335,广8A×闽恢5335,籼型三系杂交稻,海南广陵高科实业有限公司等,琼审稻2018025,琼审稻,2018025,广8A,海南广陵高科实业有限公司
广西,金优2155,金23A×明恢2155,籼型三系杂交稻,福建省三明市农业科学研究所,桂审稻2004007号,桂审稻,2004007,金23A,福建省三明市农业科学研究所
海南,广星优青占,广星A×金星占,籼型三系杂交稻,广东鲜美种苗股份有限公司等,琼审稻2018024,琼审稻,2018024,广星A,广东鲜美种苗股份有限公司
海南,博Ⅱ优泰占,博ⅡA×泰占,籼型三系杂交稻,海南农乐南繁科技有限公司等,琼审稻2018023,琼审稻,2018023,博ⅡA,海南农乐南繁科技有限公司
广西,容两优7810,272S×容恢7810,籼型两系杂交稻,广西容县种子公司等,桂审稻2018057号,桂审稻,2018057,272S,广西容县种子公司
海南,谷优明占,谷丰A×双抗明占,籼型三系杂交稻,福建省三明市农业科学研究所等,琼审稻2012015,琼审稻,2012015,谷丰A,福建省三明市农业科学研究所
海南,珍桂占,珍桂矮1号×桂毕2号,籼型常规稻,海南省农科院水稻所,琼审稻1999003,琼审稻,1999003,珍桂矮1号,海南省农科院水稻所
海南,博Ⅱ优961,博ⅡA×R01,籼型三系杂交稻,广西博白县农业科学研究所,琼审稻1999002,琼审稻,1999002,博ⅡA,广西博白县农业科学研究所
广西,T优974,T98A×To974,籼型三系杂交稻,湖南省衡阳市农业科学研究所,桂审稻2004006号,桂审稻,2004006,T98A,湖南省衡阳市农业科学研究所
广西,Ⅱ优4480,Ⅱ-32A×R4480,籼型三系杂交稻,湖南杂交水稻研究中心,桂审稻2001054号,桂审稻,2001054,Ⅱ-32A,湖南杂交水稻研究中心
广西,博优228,博A×R228,籼型三系杂交稻,博白县作物品种资源研究所,桂审稻2006058号,桂审稻,2006058,博A,博白县作物品种资源研究所
广西,博优25,博A×测25,籼型三系杂交稻,广西大学农学院,桂审证字第140号,桂审稻,140,博A,广西大学农学院
海南,博Ⅱ优619,博ⅡA×隆恢619,籼型三系杂交稻,海南中农和盛科技有限公司,琼审稻2018022,琼审稻,2018022,博ⅡA,海南中农和盛科技有限公司
海南,广超丝苗,凤联5×两特占,籼型常规稻,广东省农业科学院水稻研究所,琼审稻2007005,琼审稻,2007005,凤联5,广东省农业科学院水稻研究所
广西,博优679,博A×测679,籼型三系杂交稻,广西博士园种业有限公司,桂审稻2005024号,桂审稻,2005024,博A,广西博士园种业有限公司
海南,Y两优143,Y58S×P143,籼型两系杂交稻,国家杂交水稻工程技术研究中心,琼审稻2012014,琼审稻,2012014,Y58S,国家杂交水稻工程技术研究中心
广西,T优463,T98A×To463,籼型三系杂交稻,袁隆平农业高科技股份有限公司江西种业分公司等,桂审稻2004005号,桂审稻,2004005,T98A,袁隆平农业高科技股份有限公司江西种业分公司
海南,特籼占25,特青2号×粳籼89,籼型常规稻,广东省佛山市农业科学研究所,琼审稻1999001,琼审稻,1999001,特青2号,广东省佛山市农业科学研究所
海南,Y两优3088,Y58S×弘恢3088,籼型两系杂交稻,广东海洋大学农学院等,琼审稻2016026,琼审稻,2016026,Y58S,广东海洋大学农学院
广西,特优1025,龙特甫A×桂1025,籼型三系杂交稻,广西杂交水稻研究中心,桂审稻200013号,桂审稻,200013,龙特甫A,广西杂交水稻研究中心
广西,秋优623,秋A×R623,籼型三系杂交稻,广西南宁三益新品农业有限公司,桂审稻2006057号,桂审稻,2006057,秋A,广西南宁三益新品农业有限公司
海南,广超521,丰美占×广超丝苗,籼型常规稻,广东省农业科学院水稻研究所,琼审稻2007004,琼审稻,2007004,丰美占,广东省农业科学院水稻研究所
广西,水辐17号,水芽156,籼型常规稻,广西柳州地区农业科学研究所,桂审证字第009号,桂审稻,009,水芽156,广西柳州地区农业科学研究所
广西,智优809,智A×屯恢809,籼型三系杂交稻,广西桂穗种业有限公司,桂审稻2018056号,桂审稻,2018056,智A,广西桂穗种业有限公司
广西,枝优25,枝A×测25,籼型三系杂交稻,广西大学,桂审证字第139号,桂审稻,139,枝A,广西大学
海南,椰丰A,优ⅠA×椰丰B,籼型不育系,海南神农大丰种业育种中心,琼审稻2007017,琼审稻,2007017,优ⅠA,海南神农大丰种业育种中心
海南,广优4号,丛广41A×青六矮1号,籼型三系杂交稻,广东省农业科学院水稻研究所,琼审稻1998004,琼审稻,1998004,丛广41A,广东省农业科学院水稻研究所
海南,Ⅱ优339,Ⅱ-32A×澄恢339,籼型三系杂交稻,澄迈金丰种业有限责任公司,琼审稻2016025,琼审稻,2016025,Ⅱ-32A,澄迈金丰种业有限责任公司
海南,博Ⅱ优3050,博ⅡA×R3050,籼型三系杂交稻,海南金谷正丰农业科技有限公司,琼审稻2018021,琼审稻,2018021,博ⅡA,海南金谷正丰农业科技有限公司
海南,博Ⅱ优珍丝苗,博ⅡA×珍丝苗,籼型三系杂交稻,广东粤良种业有限公司,琼审稻2018020,琼审稻,2018020,博ⅡA,广东粤良种业有限公司
海南,海丰糯1号,引自广西大学糯稻资源,籼型常规稻,海南省农业科学院粮食作物研究所,琼审稻2007016,琼审稻,2007016,引自广西大学糯稻资源,海南省农业科学院粮食作物研究所
广西,博优629,博A×中种恢629,籼型三系杂交稻,中国种子集团公司三亚分公司,桂审稻2006056号,桂审稻,2006056,博A,中国种子集团公司三亚分公司
广西,T优433,T98A×P433,籼型三系杂交稻,湖南省衡阳市农业科学研究所,桂审稻2004004号,桂审稻,2004004,T98A,湖南省衡阳市农业科学研究所
广西,桂优糯,SLK2-2-3,籼型常规稻,广西农科院水稻所,桂审稻200012号,桂审稻,200012,SLK2-2-3,广西农科院水稻所
广西,中优66,中9A×R66,籼型三系杂交稻,中国水稻研究所,桂审稻2001053号,桂审稻,2001053,中9A,中国水稻研究所
海南,川种7A,泸香618A×川种7B,籼型不育系,中国种子集团有限公司等,琼审稻2018019,琼审稻,2018019,泸香618A,中国种子集团有限公司
广西,湘优402,湘8A×R402,籼型三系杂交稻,湖南省洪江先丰种业有限公司等,桂审稻2004003号,桂审稻,2004003,湘8A,湖南省洪江先丰种业有限公司
广西,汕优905,珍汕97A×R905,籼型三系杂交稻,广西农业科学院水稻研究所,桂审稻200011号,桂审稻,200011,珍汕97A,广西农业科学院水稻研究所
广西,云国1号,云玉糯×IR36,籼型常规稻,广西玉林地区农科所,桂审证字第135号,桂审稻,135,云玉糯,广西玉林地区农科所
海南,博Ⅱ优668,博ⅡA×神恢668,籼型三系杂交稻,海南神农大丰种业科技股份有限公司,琼审稻2007003,琼审稻,2007003,博ⅡA,海南神农大丰种业科技股份有限公司
海南,中优117,中9A×常恢117,籼型三系杂交稻,湖南金健种业有限责任公司等,琼审稻2012013,琼审稻,2012013,中9A,湖南金健种业有限责任公司
广西,广二104,广二矮5号,籼型常规稻,广州市农业科学研究所,桂审证字第006号,桂审稻,006,广二矮5号,广州市农业科学研究所
海南,博Ⅱ优1618,博ⅡA×中种恢1618,籼型三系杂交稻,中国种子集团有限公司三亚分公司,琼审稻2016023,琼审稻,2016023,博ⅡA,中国种子集团有限公司三亚分公司
广西,博优175,博A×玉恢175,籼型三系杂交稻,广西玉林地区农科所,桂审证字第134号,桂审稻,134,博A,广西玉林地区农科所
广西,灵丰891,灵丰A×屯恢891,籼型三系杂交稻,广西桂穗种业有限公司,桂审稻2018055号,桂审稻,2018055,灵丰A,广西桂穗种业有限公司
广西,金优80,金23A×?,籼型三系杂交稻,湖南杂交水稻研究中心,桂审稻2001052号,桂审稻,2001052,金23A,湖南杂交水稻研究中心
广西,特优18,龙特甫A×玉18,籼型三系杂交稻,广西玉林市农业科学研究所,桂审证字第133号,桂审稻,133,龙特甫A,广西玉林市农业科学研究所
海南,中泰优116,中泰A×R7116,籼型三系杂交稻,东方欧兰德农业科技有限公司等,琼审稻2020017,琼审稻,2020017,中泰A,东方欧兰德农业科技有限公司
广西,陆两优28,陆18S×华28,籼型两系杂交稻,湖南亚华种业科学研究院,桂审稻2004002号,桂审稻,2004002,陆18S,湖南亚华种业科学研究院
广西,广二石,广二109×打爆石,籼型常规稻,广州市农业科学研究所,桂审证字第004号,桂审稻,004,广二109,广州市农业科学研究所
海南,博Ⅱ优1366,博ⅡA×R1366,籼型三系杂交稻,海南中农和盛科技有限公司,琼审稻2016022,琼审稻,2016022,博ⅡA,海南中农和盛科技有限公司
海南,博Ⅱ优629,博ⅡA×中种恢629,籼型三系杂交稻,三亚中种种业有限公司,琼审稻2007002,琼审稻,2007002,博ⅡA,三亚中种种业有限公司
广西,金优66,金23A×R66,籼型三系杂交稻,广西桂林市种子公司,桂审稻2001051号,桂审稻,2001051,金23A,广西桂林市种子公司
广西,闻香占,中繁21×桂青野,籼型常规稻,广西农科院水稻所,桂审稻200010号,桂审稻,200010,中繁21,广西农科院水稻所
海南,玉香油占,TY36/IR100×IR100,籼型常规稻,广东省农业科学院水稻研究所,琼审稻2007015,琼审稻,2007015,TY36/IR100,广东省农业科学院水稻研究所
海南,博Ⅱ优312,博ⅡA×广恢312,籼型三系杂交稻,广东省农业科学院水稻研究所等,琼审稻2007001,琼审稻,2007001,博ⅡA,广东省农业科学院水稻研究所
海南,琼香两优2号,琼香-1S×特籼占25,籼型两系杂交稻,海南省农业科学院粮食作物研究所,琼审稻2006015,琼审稻,2006015,琼香-1S,海南省农业科学院粮食作物研究所
海南,川绿优727,川绿389A×成恢727,籼型三系杂交稻,四川省农业科学院作物研究所,琼审稻2012012,琼审稻,2012012,川绿389A,四川省农业科学院作物研究所
广西,双桂1号,桂阳矮C17×桂朝2号,籼型常规稻,广东省农业科学院水稻研究所,桂审证字第003号,桂审稻,003,桂阳矮C17,广东省农业科学院水稻研究所
海南,赣优华宝占,赣73A×华宝占,籼型三系杂交稻,海南大学等,琼审稻2020016,琼审稻,2020016,赣73A,海南大学
海南,万两优香占,万金S×香占,籼型两系杂交稻,广东天弘种业有限公司等,琼审稻2012011,琼审稻,2012011,万金S,广东天弘种业有限公司
海南,京福1优128,京福1A×广恢128,籼型三系杂交稻,海南省农科院粮食作物研究所,琼审稻2006014,琼审稻,2006014,京福1A,海南省农科院粮食作物研究所
广西,金优4480,金23A×R4480,籼型三系杂交稻,广西桂林市种子公司,桂审稻2001050号,桂审稻,2001050,金23A,广西桂林市种子公司
广西,桂银占,粳籼89×湖南软米,籼型常规稻,广西壮族自治区农业科学院水稻研究所,桂审稻200009号,桂审稻,200009,粳籼89,广西壮族自治区农业科学院水稻研究所
海南,隆晶优华宝,隆晶4302A×华宝,籼型三系杂交稻,湖南亚华种业科学研究院等,琼审稻2020015,琼审稻,2020015,隆晶4302A,湖南亚华种业科学研究院
海南,嘉糯1优6号,嘉农wxA1×嘉糯恢6号,籼型三系杂交稻,福建农林大学作物遗传育种研究所,琼审稻2006013,琼审稻,2006013,嘉农wxA1,福建农林大学作物遗传育种研究所
海南,海文486S,湘陵628S×华占,籼型不育系,海南省农业科学院粮食作物研究所,琼审稻2020014,琼审稻,2020014,湘陵628S,海南省农业科学院粮食作物研究所
广西,马坝银占,七桂早25×银丝粘,籼型常规稻,广东省曲江县农业科学研究所,桂审稻2001049号,桂审稻,2001049,七桂早25,广东省曲江县农业科学研究所
海南,福龙两优1031,福龙S2×龙恢1031,籼型两系杂交稻,龙岩市农业科学研究所,琼审稻2012010,琼审稻,2012010,福龙S2,龙岩市农业科学研究所
广西,汕优36,珍汕97A×IR36,籼型三系杂交稻,广西平南县农科所,桂审证字第002号,桂审稻,002,珍汕97A,广西平南县农科所
海南,优Ⅰ红香优33,优ⅠA×R36M,籼型三系杂交稻,广西象州黄氏水稻研究所,琼审稻2006012,琼审稻,2006012,优ⅠA,广西象州黄氏水稻研究所
广西,桂丰6号,早丰2号,籼型常规稻,广西壮族自治区农业科学院水稻研究所,桂审稻2001048号,桂审稻,2001048,早丰2号,广西壮族自治区农业科学院水稻研究所
海南,博优64,博A×测64-7,籼型三系杂交稻,广西博白县农业科学研究所,琼审稻1990003,琼审稻,1990003,博A,广西博白县农业科学研究所
广西,汕优18,珍汕97A×玉18,籼型三系杂交稻,广西玉林地区农业科学研究所,桂审证字第132号,桂审稻,132,珍汕97A,广西玉林地区农业科学研究所
海南,明两优527,明香10S×蜀恢527,籼型两系杂交稻,福建省三明市农业科学研究所等,琼审稻2007014,琼审稻,2007014,明香10S,福建省三明市农业科学研究所
广西,联育2号,K15×紫稻,籼型常规稻,广西农科院水稻所,桂审稻200008号,桂审稻,200008,K15,广西农科院水稻所
广西,汕优30选,珍汕97A×30选,籼型三系杂交稻,广西农业科学院水稻研究所,桂审证字第001号,桂审稻,001,珍汕97A,广西农业科学院水稻研究所
海南,东丰A,炳1A×东丰B,籼型不育系,三亚永丰红南繁种业有限公司,琼审稻2018018,琼审稻,2018018,炳1A,三亚永丰红南繁种业有限公司
海南,特优明占,龙特甫A×双抗明占,籼型三系杂交稻,三明市农业科学研究所等,琼审稻2012009,琼审稻,2012009,龙特甫A,三明市农业科学研究所
广西,岳优华4,岳4A×华恢4号,籼型三系杂交稻,湖南亚华种业科学研究院,桂审稻2004001号,桂审稻,2004001,岳4A,湖南亚华种业科学研究院
广西,枝优桂99,枝A×桂99,籼型三系杂交稻,广西博白县农科所,桂审证字第131号,桂审稻,131,枝A,广西博白县农科所
海南,川106A,川香28A×川106B,籼型不育系,四川省农业科学院作物研究所,琼审稻2012008,琼审稻,2012008,川香28A,四川省农业科学院作物研究所
海南,科选19,科13,籼型常规稻,海南海亚南繁种业有限公司,琼审稻2018017,琼审稻,2018017,科13,海南海亚南繁种业有限公司
海南,天优2168,天丰A×广恢2168,籼型三系杂交稻,广东省农业科学院水稻研究所,琼审稻2006011,琼审稻,2006011,天丰A,广东省农业科学院水稻研究所
海南,海文483S,湘陵628S×湘陵628S/华占,籼型不育系,海南省农业科学院粮食作物研究所,琼审稻2020013,琼审稻,2020013,湘陵628S,海南省农业科学院粮食作物研究所
海南,特优209,龙特甫A×海恢209,籼型三系杂交稻,海南海亚南繁种业有限公司,琼审稻2007013,琼审稻,2007013,龙特甫A,海南海亚南繁种业有限公司
广西,博优128,博A×广恢128,籼型三系杂交稻,广西玉林市第二种子公司,桂审稻2003021号,桂审稻,2003021,博A,广西玉林市第二种子公司
海南,乐丰占,H56×海恢869,籼型常规稻,海南海亚南繁种业有限公司,琼审稻2018016,琼审稻,2018016,H56,海南海亚南繁种业有限公司
广西,河西3号,科团白×464,籼型常规稻,广西河池地区农科所,桂审证字第130号,桂审稻,130,科团白,广西河池地区农科所
海南,Ⅱ优129,Ⅱ-32A×镇恢129,籼型三系杂交稻,江苏丘陵地区镇江农业科学研究所,琼审稻2006010,琼审稻,2006010,Ⅱ-32A,江苏丘陵地区镇江农业科学研究所
广西,桂占4号,桂引901,籼型常规稻,广西农科院水稻所,桂审稻200007号,桂审稻,200007,桂引901,广西农科院水稻所
海南,川绿389A,川21A×川绿389B,籼型不育系,四川省农业科学院作物研究所,琼审稻2012007,琼审稻,2012007,川21A,四川省农业科学院作物研究所
海南,龙两优031,龙S×R031,籼型两系杂交稻,湖南农业大学等,琼审稻2012006,琼审稻,2012006,龙S,湖南农业大学
广西,博Ⅱ优270,博ⅡA×玉270,籼型三系杂交稻,玉林市农业科学研究所,桂审稻2003020号,桂审稻,2003020,博ⅡA,玉林市农业科学研究所
海南,金稻138,龙特甫A×金恢138,籼型三系杂交稻,广东省金稻种业有限公司,琼审稻2007012,琼审稻,2007012,龙特甫A,广东省金稻种业有限公司
广西,博优315,博A×T315,籼型三系杂交稻,广西大学,桂审稻2003019号,桂审稻,2003019,博A,广西大学
海南,特优5735,龙特甫A×中种恢5735,籼型三系杂交稻,三亚中种种业有限公司,琼审稻2007011,琼审稻,2007011,龙特甫A,三亚中种种业有限公司
海南,T优551,T55A×晚R-1,籼型三系杂交稻,福建农林大学作物科学学院等,琼审稻2006009,琼审稻,2006009,T55A,福建农林大学作物科学学院
海南,华优86,Y华农A×明恢86,籼型三系杂交稻,华南农业大学农学院等,琼审稻2006008,琼审稻,2006008,Y华农A,华南农业大学农学院
海南,博优778,博ⅡA×R778,籼型三系杂交稻,三亚市良种开发中心,琼审稻2012005,琼审稻,2012005,博ⅡA,三亚市良种开发中心
广西,博优258,博A×测258,籼型三系杂交稻,广西大学支农开发中心等,桂审稻2003018号,桂审稻,2003018,博A,广西大学支农开发中心
海南,中香黄占,鄂香1号×黄华占,籼型常规稻,海南波莲水稻基因科技有限公司,琼审稻2018015,琼审稻,2018015,鄂香1号,海南波莲水稻基因科技有限公司
海南,海丰黑稻3号,大丰糯×天道黑稻6号,籼型常规稻,海南省农业科学院粮食作物研究所,琼审稻2020012,琼审稻,2020012,大丰糯,海南省农业科学院粮食作物研究所
广西,联育3号,Calatocch02428×IR25907-43-3-3选...,籼型常规稻,广西农科院水稻所,桂审稻200006号,桂审稻,200006,Calatocch02428,广西农科院水稻所
海南,两优389,P88S×0389,籼型两系杂交稻,湖南杂交水稻研究中心,琼审稻2006007,琼审稻,2006007,P88S,湖南杂交水稻研究中心
海南,中浙优1号,中浙A×航恢570,籼型三系杂交稻,中国水稻研究所等,琼审稻2012004,琼审稻,2012004,中浙A,中国水稻研究所
海南,福龙两优3381,福龙S2×龙恢3381,籼型两系杂交稻,福建省龙岩市农业科学研究所等,琼审稻2012003,琼审稻,2012003,福龙S2,福建省龙岩市农业科学研究所
海南,天优10号,天丰A×金恢R10,籼型三系杂交稻,广东省农业科学院水稻研究所等,琼审稻2007010,琼审稻,2007010,天丰A,广东省农业科学院水稻研究所
广西,八桂香,桂713×中繁21,籼型常规稻,广西壮族自治区农业科学院水稻研究所,桂审稻200005号,桂审稻,200005,桂713,广西壮族自治区农业科学院水稻研究所
广西,玉桂占,桂99,籼型常规稻,玉林市农业科学研究所,桂审稻2003017号,桂审稻,2003017,桂99,玉林市农业科学研究所
海南,垦选9276,黄华占×旱128,籼型常规稻,安徽皖垦种业股份有限公司等,琼审稻2020011,琼审稻,2020011,黄华占,安徽皖垦种业股份有限公司
海南,永丰优华占,永丰A×华占,籼型三系杂交稻,广东粤良种业有限公司等,琼审稻2012002,琼审稻,2012002,永丰A,广东粤良种业有限公司
海南,优Ⅰ5759,优ⅠA×测5759,籼型三系杂交稻,广西大学,琼审稻2007009,琼审稻,2007009,优ⅠA,广西大学
海南,博Ⅱ优767,博ⅡA×中种恢767,籼型三系杂交稻,中国种子集团有限公司三亚分公司,琼审稻2012001,琼审稻,2012001,博ⅡA,中国种子集团有限公司三亚分公司
海南,培杂1303,培矮64S×中种恢1303,籼型两系杂交稻,三亚中种种业有限公司,琼审稻2007008,琼审稻,2007008,培矮64S,三亚中种种业有限公司
广西,七桂占,七丝占×桂引901,籼型常规稻,广西壮族自治区农业科学院水稻研究所,桂审稻200004号,桂审稻,200004,七丝占,广西壮族自治区农业科学院水稻研究所
广西,博优4480,博A×R4480,籼型三系杂交稻,广东省水稻所,桂审证字第129号,桂审稻,129,博A,广东省水稻所
广西,桂农占2号,七丝占×桂713,籼型常规稻,广西水稻研究所,桂审稻2003016号,桂审稻,2003016,七丝占,广西水稻研究所
广西,新香占,中繁21×桂占4号,籼型常规稻,广西壮族自治区农业科学院水稻研究所,桂审稻2003015号,桂审稻,2003015,中繁21,广西壮族自治区农业科学院水稻研究所
海南,绿稻Q7,黄华占×Basmati-superfine,籼型常规稻,湖北省种子集团有限公司,琼审稻2018014,琼审稻,2018014,黄华占,湖北省种子集团有限公司
广西,特优桂99,龙特甫A×桂99,籼型三系杂交稻,广西容县种子公司,桂审证字第128号,桂审稻,128,龙特甫A,广西容县种子公司
海南,博优629,博A×中种恢629,籼型三系杂交稻,中国种子集团公司三亚分公司,琼审稻2006006,琼审稻,2006006,博A,中国种子集团公司三亚分公司
海南,天道红稻2号,柳条红稻×0211,籼型常规稻,海南天道种业有限公司,琼审稻2014017,琼审稻,2014017,柳条红稻,海南天道种业有限公司
海南,绿金占1号,金稻香×hfc稻,籼型常规稻,海南省农业科学院粮食作物研究所,琼审稻2020010,琼审稻,2020010,金稻香,海南省农业科学院粮食作物研究所
海南,德丰A,博A×德丰B,籼型不育系,海南海亚南繁种业有限公司,琼审稻2011021,琼审稻,2011021,博A,海南海亚南繁种业有限公司
海南,天道黑稻6号,东兰黑稻×0601,籼型常规稻,海南天道种业有限公司,琼审稻2014016,琼审稻,2014016,东兰黑稻,海南天道种业有限公司
海南,博优225,博A×R225,籼型三系杂交稻,海南省农业科学院粮食作物研究所,琼审稻2006005,琼审稻,2006005,博A,海南省农业科学院粮食作物研究所
广西,桂花占,桂花占(同名地方品种),籼型常规稻,广西壮族自治区农业科学院水稻研究所,桂审稻2003014号,桂审稻,2003014,桂花占(同名地方品种),广西壮族自治区农业科学院水稻研究所
海南,热黑稻1号,五指山黑稻×儋州黑稻-3,籼型常规稻,中国热带农业科学院热带作物品种资源研究所,琼审稻2014015,琼审稻,2014015,五指山黑稻,中国热带农业科学院热带作物品种资源研究所
海南,博Ⅱ优290,博ⅡA×广恢290,籼型三系杂交稻,广东省农业科学院水稻研究所,琼审稻2006004,琼审稻,2006004,博ⅡA,广东省农业科学院水稻研究所
海南,爽两优1143,爽1S×爽恢1143,籼型两系杂交稻,湖南杂交水稻研究中心等,琼审稻2020009,琼审稻,2020009,爽1S,湖南杂交水稻研究中心
广西,绮优桂99,绮A×桂99,籼型三系杂交稻,广西壮族自治区农业科学院水稻研究所,桂审稻2003013号,桂审稻,2003013,绮A,广西壮族自治区农业科学院水稻研究所
海南,博Ⅱ优134,博ⅡA×IR134,籼型三系杂交稻,海口市琼山区种子公司,琼审稻2006003,琼审稻,2006003,博ⅡA,海口市琼山区种子公司
海南,德丰优869,德丰A×海恢869,籼型三系杂交稻,海南海亚南繁种业有限公司,琼审稻2011020,琼审稻,2011020,德丰A,海南海亚南繁种业有限公司
海南,吉丰优5522,吉丰A×粤良恢5522,籼型三系杂交稻,广东粤良种业有限公司等,琼审稻2020008,琼审稻,2020008,吉丰A,广东粤良种业有限公司
海南,合丰油占,玉香油占/合丝占×合丰占,籼型常规稻,广东省农业科学院水稻研究所,琼审稻2014014,琼审稻,2014014,玉香油占/合丝占,广东省农业科学院水稻研究所
海南,科优16,科丰A×南恢16,籼型三系杂交稻,南平市农业科学研究所,琼审稻2018013,琼审稻,2018013,科丰A,南平市农业科学研究所
广西,特优227,龙特甫A×R227,籼型三系杂交稻,广西壮族自治区农业科学院水稻研究所,桂审稻2003012号,桂审稻,2003012,龙特甫A,广西壮族自治区农业科学院水稻研究所
广西,白钢占,钢枝占,籼型常规稻,广西农学院,桂审证字第122号,桂审稻,122,钢枝占,广西农学院
海南,海亚黑稻2号,506×桂黑1号,籼型常规稻,海南海亚南繁种业有限公司,琼审稻2011019,琼审稻,2011019,506,海南海亚南繁种业有限公司
海南,嘉晚优1号,嘉晚36A×MH23,籼型三系杂交稻,中科院遗传发育所嘉兴农作物高新技术育种中心等,琼审稻2010007,琼审稻,2010007,嘉晚36A,中科院遗传发育所嘉兴农作物高新技术育种中心
海南,科珞优108,珞红5A×R1044,籼型三系杂交稻,中国科学院亚热带农业生态研究所等,琼审稻2020007,琼审稻,2020007,珞红5A,中国科学院亚热带农业生态研究所
海南,粤油丝苗,白壳粤秀占×粤油占,籼型常规稻,广东省农业科学院水稻研究所,琼审稻2014013,琼审稻,2014013,白壳粤秀占,广东省农业科学院水稻研究所
海南,博Ⅱ优235,博ⅡA×测235,籼型三系杂交稻,海南万穗谷种业有限公司,琼审稻2006002,琼审稻,2006002,博ⅡA,海南万穗谷种业有限公司
海南,绵5优128,绵5A×广恢128,籼型三系杂交稻,四川国豪种业股份有限公司,琼审稻2014012,琼审稻,2014012,绵5A,四川国豪种业股份有限公司
海南,吉丰优3301,吉丰A×闽恢3301,籼型三系杂交稻,广东省农业科学院水稻研究所等,琼审稻2018012,琼审稻,2018012,吉丰A,广东省农业科学院水稻研究所
海南,博Ⅱ优938,博ⅡA×钦恢9308,籼型三系杂交稻,海南神农大丰种业科技股份有限公司,琼审稻2006001,琼审稻,2006001,博ⅡA,海南神农大丰种业科技股份有限公司
海南,内10优7185,内香10A×福恢7185,籼型三系杂交稻,内江杂交水稻科技开发中心等,琼审稻2020006,琼审稻,2020006,内香10A,内江杂交水稻科技开发中心
广西,宜香优1577,宜香1A×宜恢1577,籼型三系杂交稻,宜宾市农业科学院,桂审稻2003011号,桂审稻,2003011,宜香1A,宜宾市农业科学院
海南,香龙优163,香龙A×中种恢163,籼型三系杂交稻,中种华南（广州）种业有限公司等,琼审稻2020005,琼审稻,2020005,香龙A,中种华南（广州）种业有限公司
海南,特优211,龙特浦A×神恢211,籼型三系杂交稻,安徽金培因科技有限公司,琼审稻2018011,琼审稻,2018011,龙特浦A,安徽金培因科技有限公司
海南,吉两优3885,吉S×R3885,籼型两系杂交稻,湖南恒大种业高科技有限公司,琼审稻2020004,琼审稻,2020004,吉S,湖南恒大种业高科技有限公司
海南,谷优3186,谷丰A×金恢3186,籼型三系杂交稻,福建农林大学等,琼审稻2020003,琼审稻,2020003,谷丰A,福建农林大学
海南,海丰1S,农垦58S×紫圭,籼型不育系,海南神农大丰种业科技股份有限公司,琼审稻2005015,琼审稻,2005015,农垦58S,海南神农大丰种业科技股份有限公司
广西,国粳4号,IR36×粳桂2号,粳型常规稻,广西南宁地区农科所,桂审证字第121号,桂审稻,121,IR36,广西南宁地区农科所
海南,兆两优7213,272S×R13,籼型两系杂交稻,广西兆和种业有限公司等,琼审稻2014011,琼审稻,2014011,272S,广西兆和种业有限公司
广西,桂青野,广西野生稻81-377/青华矮6号//双桂1号×双桂36,籼型常规稻,广西农业科学院水稻研究所,桂审证字第108号,桂审稻,108,广西野生稻81-377/青华矮6号//双桂1号,广西农业科学院水稻研究所
广西,博优501,博A×R501,籼型三系杂交稻,广西博白县种子种苗公司,桂审证字第107号,桂审稻,107,博A,广西博白县种子种苗公司
海南,特优7116,龙特浦A×R7116,籼型三系杂交稻,紫金兆农两系杂交水稻研发中心,琼审稻2014010,琼审稻,2014010,龙特浦A,紫金兆农两系杂交水稻研发中心
海南,谷优157,谷丰A×中种恢157,籼型三系杂交稻,中国种子集团有限公司等,琼审稻2014009,琼审稻,2014009,谷丰A,中国种子集团有限公司
海南,海亚黑稻1号,桂黑1号×0509,籼型常规稻,海南海亚南繁种业有限公司,琼审稻2011018,琼审稻,2011018,桂黑1号,海南海亚南繁种业有限公司
海南,润318S,Y58S×1892S/C815S,籼型不育系,湖南亚华种子有限公司,琼审稻2016021,琼审稻,2016021,Y58S,湖南亚华种子有限公司
海南,特优156,龙特甫A×亚恢156,籼型三系杂交稻,宁德市农业科学研究所等,琼审稻2018010,琼审稻,2018010,龙特甫A,宁德市农业科学研究所
海南,华优329,Y华农A×神恢329,籼型三系杂交稻,海南神农大丰种业科技股份有限公司育种中心,琼审稻2010006,琼审稻,2010006,Y华农A,海南神农大丰种业科技股份有限公司育种中心
广西,华优928,Y华农A×R928,籼型三系杂交稻,藤县种子公司,桂审稻2003010号,桂审稻,2003010,Y华农A,藤县种子公司
海南,正67S,培矮64S/粤香占×秀水47/培矮64S,籼型不育系,四川省嘉陵农作物品种研究中心,琼审稻2014008,琼审稻,2014008,培矮64S/粤香占,四川省嘉陵农作物品种研究中心
海南,特优386,龙特浦A×福恢386,籼型三系杂交稻,福建省农业科学院水稻研究所等,琼审稻2018009,琼审稻,2018009,龙特浦A,福建省农业科学院水稻研究所
广西,特优63,龙特甫A×明恢63,籼型三系杂交稻,漳州市农业科学研究所,桂审证字第089号,桂审稻,089,龙特甫A,漳州市农业科学研究所
广西,华优107,Y华农A×R107,籼型三系杂交稻,广东饶平县种子公司等,桂审稻2003009号,桂审稻,2003009,Y华农A,广东饶平县种子公司
海南,金福A,永6A×金福B,籼型不育系,萍乡市农业科学研究所等,琼审稻2014007,琼审稻,2014007,永6A,萍乡市农业科学研究所
海南,培杂191,培矮64S×航恢191,籼型两系杂交稻,国家植物航天育种工程技术研究中心,琼审稻2011017,琼审稻,2011017,培矮64S,国家植物航天育种工程技术研究中心
海南,双桂A,优ⅠA×双桂B,籼型不育系,湖南正隆农业科技有限公司,琼审稻2016020,琼审稻,2016020,优ⅠA,湖南正隆农业科技有限公司
海南,特优776,龙特浦A×福恢776,籼型三系杂交稻,福建省农业科学院水稻研究所等,琼审稻2020002,琼审稻,2020002,龙特浦A,福建省农业科学院水稻研究所
海南,特优1617,龙特甫A×海恢1617,籼型三系杂交稻,海南省农业科学院粮食作物研究所,琼审稻2018008,琼审稻,2018008,龙特甫A,海南省农业科学院粮食作物研究所
广西,中优317,中9A×钟恢317,籼型三系杂交稻,广西钟山县种子公司,桂审稻2003008号,桂审稻,2003008,中9A,广西钟山县种子公司
海南,特优366,龙特浦A×R366,籼型三系杂交稻,福建省农业科学院水稻研究所等,琼审稻2020001,琼审稻,2020001,龙特浦A,福建省农业科学院水稻研究所
广西,珍桂矮1号,珍叶矮×桂青3号,籼型常规稻,广东省农业科学院水稻研究所,桂审证字第088号,桂审稻,088,珍叶矮,广东省农业科学院水稻研究所
海南,莉晶A,金23A×莉晶B,籼型不育系,湖南民升种业科学研究院有限公司,琼审稻2019025,琼审稻,2019025,金23A,湖南民升种业科学研究院有限公司
海南,特优1658,龙特浦A×福丰恢1658,籼型三系杂交稻,海南神农大丰种业科技股份有限公司,琼审稻2011016,琼审稻,2011016,龙特浦A,海南神农大丰种业科技股份有限公司
海南,钧香A,协青早A×钧香B,籼型不育系,湖南正隆农业科技有限公司,琼审稻2016019,琼审稻,2016019,协青早A,湖南正隆农业科技有限公司
海南,靓S,隆科638S×繁18S,籼型不育系,湖南民升种业科学研究院有限公司,琼审稻2019024,琼审稻,2019024,隆科638S,湖南民升种业科学研究院有限公司
海南,平S,隆科638S×创5S,籼型不育系,袁隆平农业高科技股份有限公司等,琼审稻2019023,琼审稻,2019023,隆科638S,袁隆平农业高科技股份有限公司
海南,龙两优1303,龙S×中种恢1303,籼型两系杂交稻,中国种子集团有限公司三亚分公司等,琼审稻2014006,琼审稻,2014006,龙S,中国种子集团有限公司三亚分公司
海南,珍20S,福228S×和620S,籼型不育系,袁隆平农业高科技股份有限公司等,琼审稻2019022,琼审稻,2019022,福228S,袁隆平农业高科技股份有限公司
海南,展998S,卓201S×望S,籼型不育系,湖南农业大学等,琼审稻2019021,琼审稻,2019021,卓201S,湖南农业大学
海南,秀丰占5号,矮秀占×丰富占1号,籼型常规稻,海南省农业科学院水稻研究所,琼审稻2005014,琼审稻,2005014,矮秀占,海南省农业科学院水稻研究所
海南,卓234S,H155S×卓201S,籼型不育系,湖南农业大学等,琼审稻2019020,琼审稻,2019020,H155S,湖南农业大学
海南,中浙2优58,中浙2A×F58,籼型三系杂交稻,福建金山都发展有限公司,琼审稻2014005,琼审稻,2014005,中浙2A,福建金山都发展有限公司
海南,旺A,协青早A×旺B,籼型不育系,湖南正隆农业科技有限公司,琼审稻2016018,琼审稻,2016018,协青早A,湖南正隆农业科技有限公司
海南,爽1S,隆科638S×茉莉丝苗/N118S,籼型不育系,湖南杂交水稻研究中心等,琼审稻2019019,琼审稻,2019019,隆科638S,湖南杂交水稻研究中心
海南,陵两优182,湘陵628S×华恢182,籼型两系杂交稻,湖南亚华种业科学研究院等,琼审稻2014004,琼审稻,2014004,湘陵628S,湖南亚华种业科学研究院
广西,优Ⅰ315,优ⅠA×T315,籼型三系杂交稻,广西大学,桂审稻2003007号,桂审稻,2003007,优ⅠA,广西大学
海南,海野A,琼海突塘野生稻×海野B,籼型不育系,海南省农业科学院粮食作物研究所,琼审稻2016017,琼审稻,2016017,琼海突塘野生稻,海南省农业科学院粮食作物研究所
海南,海丰4A,秋A×海丰4B,籼型不育系,海南省农业科学院粮食作物研究所,琼审稻2016016,琼审稻,2016016,秋A,海南省农业科学院粮食作物研究所
海南,波莲8A,9311辐射诱变材料×荃9311B,籼型不育系,海南波莲科技有限公司,琼审稻（亲本）2024006,琼审稻,（）2024006,9311辐射诱变材料,海南波莲科技有限公司
海南,盐1S,岳4A,籼型不育系,海南大学等,琼审稻2019018,琼审稻,2019018,岳4A,海南大学
海南,丰美占,新广美×中二占,籼型常规稻,广东省农业科学院水稻研究所,琼审稻2005013,琼审稻,2005013,新广美,广东省农业科学院水稻研究所
海南,桂农占,广农占/新澳占×金桂占,籼型常规稻,广东省农业科学院水稻研究所,琼审稻2005012,琼审稻,2005012,广农占/新澳占,广东省农业科学院水稻研究所
广西,博优桂99,博A×桂99,籼型三系杂交稻,广西农业科学院水稻研究所,桂审证字第087号,桂审稻,087,博A,广西农业科学院水稻研究所
海南,波莲4A,9311辐射诱变材料×广8B,籼型不育系,海南波莲科技有限公司,琼审稻（亲本）2024005,琼审稻,（）2024005,9311辐射诱变材料,海南波莲科技有限公司
海南,谷优460,谷丰A×弘恢460,籼型三系杂交稻,广东天弘种业有限公司等,琼审稻2019017,琼审稻,2019017,谷丰A,广东天弘种业有限公司
海南,博Ⅱ优339,博ⅡA×R339,籼型三系杂交稻,澄迈金丰种业有限责任公司,琼审稻2018007,琼审稻,2018007,博ⅡA,澄迈金丰种业有限责任公司
海南,星火优206,星火A×R201,籼型三系杂交稻,海南天道种业有限公司,琼审稻2014003,琼审稻,2014003,星火A,海南天道种业有限公司
海南,红泰优996,珞红3A×RT996,籼型三系杂交稻,中国热带农业科学院热带作物品种资源研究所,琼审稻2005011,琼审稻,2005011,珞红3A,中国热带农业科学院热带作物品种资源研究所
海南,博Ⅱ优329,博ⅡA×神恢329,籼型三系杂交稻,海南神农大丰种业科技股份有限公司育种中心,琼审稻2010005,琼审稻,2010005,博ⅡA,海南神农大丰种业科技股份有限公司育种中心
广西,中优315,中9A×T315,籼型三系杂交稻,广西大学,桂审稻2003006号,桂审稻,2003006,中9A,广西大学
广西,汕优36辐,珍汕97A×IR36辐,籼型三系杂交稻,温州市农业科学研究所,桂审证字第086号,桂审稻,086,珍汕97A,温州市农业科学研究所
海南,山栏陆1号,HPCT1雄性不育株×乐东山栏稻,籼型常规稻,海南省农业科学院粮食作物研究所等,琼审稻2016015,琼审稻,2016015,HPCT1雄性不育株,海南省农业科学院粮食作物研究所
广西,新香优53,新香A×95-53,籼型三系杂交稻,象州县水稻研究所,桂审稻2003005号,桂审稻,2003005,新香A,象州县水稻研究所
海南,博Ⅱ优5128,博ⅡA×琼恢5128,籼型三系杂交稻,海南广陵高科实业有限公司等,琼审稻2014002,琼审稻,2014002,博ⅡA,海南广陵高科实业有限公司
海南,天目21,赣晚籼923×农家红米,籼型常规稻,安徽农业大学等,琼审稻2016014,琼审稻,2016014,赣晚籼923,安徽农业大学
海南,波莲2A,9311辐射诱变材料×1813B,籼型不育系,海南波莲科技有限公司,琼审稻（亲本）2024004,琼审稻,（）2024004,9311辐射诱变材料,海南波莲科技有限公司
海南,博Ⅱ优华占,博ⅡA×华占,籼型三系杂交稻,中国水稻研究所等,琼审稻2014001,琼审稻,2014001,博ⅡA,中国水稻研究所
海南,天目19,沈农8718×农家红米,粳型常规稻,安徽农业大学等,琼审稻2016013,琼审稻,2016013,沈农8718,安徽农业大学
广西,汕优49,珍汕97A×测64-49,籼型三系杂交稻,广西桂林地区种子公司,桂审证字第085号,桂审稻,085,珍汕97A,广西桂林地区种子公司
海南,天香黑糯1号,中科黑糯1号×湖南黑糯,籼型常规稻,海南天道种业有限公司,琼审稻2016012,琼审稻,2016012,中科黑糯1号,海南天道种业有限公司
海南,波莲1A,9311辐射诱变材料×C815S,籼型不育系,海南波莲科技有限公司,琼审稻（亲本）2024003,琼审稻,（）2024003,9311辐射诱变材料,海南波莲科技有限公司
海南,旗1优387,旗1A×福恢387,籼型三系杂交稻,福建农业科学院水稻研究所/厦门大学生命科学学院等,琼审稻2019016,琼审稻,2019016,旗1A,福建农业科学院水稻研究所/厦门大学生命科学学院
海南,热农1A,丰源A×热农1B,籼型不育系,中国热带农业科学院热带作物品种资源研究所,琼审稻2013024,琼审稻,2013024,丰源A,中国热带农业科学院热带作物品种资源研究所
海南,培杂629,培矮64S×中种恢629,籼型两系杂交稻,中国种子集团公司三亚分公司,琼审稻2005010,琼审稻,2005010,培矮64S,中国种子集团公司三亚分公司
海南,博Ⅱ优4671,博ⅡA×成恢4671,籼型三系杂交稻,四川省农业科学院作物研究所,琼审稻2010004,琼审稻,2010004,博ⅡA,四川省农业科学院作物研究所
海南,海丰黑糯2号,海丰糯1号,籼型常规稻,海南省农业科学院粮食作物研究所等,琼审稻2016011,琼审稻,2016011,海丰糯1号,海南省农业科学院粮食作物研究所
海南,�e06S,象牙香占,籼型不育系,中国种子集团有限公司,琼审稻（亲本）2024002,琼审稻,（）2024002,象牙香占,中国种子集团有限公司
海南,旗1优266,旗1A×R266,籼型三系杂交稻,福建省农业科学院水稻研究所等,琼审稻2016010,琼审稻,2016010,旗1A,福建省农业科学院水稻研究所
广西,河西香,黄壳香占,籼型常规稻,河池��农业科学研究所,桂审稻2003004号,桂审稻,2003004,黄壳香占,河池��农业科学研究所
广西,威优49,威20A×测64-7-49,籼型三系杂交稻,湖南省安江农业学校,桂审证字第084号,桂审稻,084,威20A,湖南省安江农业学校
海南,丽75S,938×Y58S,籼型不育系,不详,琼审稻2013023,琼审稻,2013023,938,不详
海南,国香113S,391S×IR58025/Ptb33,籼型不育系,中国种子集团有限公司,琼审稻（亲本）2024001,琼审稻,（）2024001,391S,中国种子集团有限公司
海南,特优1366,龙特浦A×R1366,籼型三系杂交稻,安徽金培因科技有限公司,琼审稻2016009,琼审稻,2016009,龙特浦A,安徽金培因科技有限公司
海南,佳101S,938×Y58S,籼型不育系,不详,琼审稻2013022,琼审稻,2013022,938,不详
广西,柳香占,具利拉特派/七桂早×黄壳香占,籼型常规稻,柳州市农业科学研究所,桂审稻2003003号,桂审稻,2003003,具利拉特派/七桂早,柳州市农业科学研究所
海南,特优108,龙特甫A×R108,籼型三系杂交稻,海南海亚南繁种业有限公司,琼审稻2005009,琼审稻,2005009,龙特甫A,海南海亚南繁种业有限公司
海南,博Ⅱ优2877,博ⅡA×中种恢2877,籼型三系杂交稻,中国种子集团有限公司三亚分公司等,琼审稻2019015,琼审稻,2019015,博ⅡA,中国种子集团有限公司三亚分公司
海南,Y两优865,Y58S×R865,籼型两系杂交稻,海南省农业科学院粮食作物研究所等,琼审稻2010003,琼审稻,2010003,Y58S,海南省农业科学院粮食作物研究所
海南,Ⅱ优1268,Ⅱ-32A×R1268,籼型三系杂交稻,安徽金培因科技有限公司,琼审稻2016008,琼审稻,2016008,Ⅱ-32A,安徽金培因科技有限公司
海南,宝红丝苗,粤红宝×黄广油占,籼型常规稻,中国种子集团有限公司,琼审稻2023015,琼审稻,2023015,粤红宝,中国种子集团有限公司
海南,万金优华抗3号,万金A×华抗3号,籼型三系杂交稻,广东天弘种业有限公司,琼审稻2023014,琼审稻,2023014,万金A,广东天弘种业有限公司
海南,Z236S,湘陵628S×C815S,籼型不育系,湖南农业大学等,琼审稻2013021,琼审稻,2013021,湘陵628S,湖南农业大学
海南,��两优农香占,徽晶S×农香占,籼型两系杂交稻,湖北中苗农业科技有限公司等,琼审稻2023013,琼审稻,2023013,徽晶S,湖北中苗农业科技有限公司
海南,创5S,GDS-1×C815S,籼型不育系,湖南农业大学等,琼审稻2013020,琼审稻,2013020,GDS-1,湖南农业大学
海南,瑞丰优616,瑞丰A×海恢616,籼型三系杂交稻,海南海亚南繁种业有限公司,琼审稻2010002,琼审稻,2010002,瑞丰A,海南海亚南繁种业有限公司
海南,博Ⅱ优华丽占,博ⅡA×华丽占,籼型三系杂交稻,广东天弘种业有限公司,琼审稻2023012,琼审稻,2023012,博ⅡA,广东天弘种业有限公司
海南,特优2013,龙特浦A×丰恢2013,籼型三系杂交稻,福建丰田种业有限公司,琼审稻2016007,琼审稻,2016007,龙特浦A,福建丰田种业有限公司
广西,金优808,金23A×T80,籼型三系杂交稻,广西柳州市农业科学研究所,桂审稻2003002号,桂审稻,2003002,金23A,广西柳州市农业科学研究所
海南,玖里香,南泰香占×南桂占,籼型常规稻,中国种子集团有限公司等,琼审稻2023011,琼审稻,2023011,南泰香占,中国种子集团有限公司
海南,特优730,龙特甫A×R730,籼型三系杂交稻,海南神农大丰种业科技股份有限公司,琼审稻2005008,琼审稻,2005008,龙特甫A,海南神农大丰种业科技股份有限公司
海南,金博优168,金博A×海恢168,籼型三系杂交稻,海南海亚南繁种业有限公司,琼审稻2010001,琼审稻,2010001,金博A,海南海亚南繁种业有限公司
广西,岳优360,岳4A×岳恢360,籼型三系杂交稻,岳阳市农业科学研究所,桂审稻2003001号,桂审稻,2003001,岳4A,岳阳市农业科学研究所
海南,晶两优1322,晶4155S×亚恢1322,籼型两系杂交稻,中国科学院亚热带农业生态研究所等,琼审稻2023010,琼审稻,2023010,晶4155S,中国科学院亚热带农业生态研究所
海南,博Ⅱ优2386,博ⅡA×福恢386,籼型三系杂交稻,福建农业科学院水稻研究所/福建师范大学等,琼审稻2019014,琼审稻,2019014,博ⅡA,福建农业科学院水稻研究所/福建师范大学
海南,隆望两优889,隆望S×望恢889,籼型两系杂交稻,湖南希望种业科技股份有限公司,琼审稻2023009,琼审稻,2023009,隆望S,湖南希望种业科技股份有限公司
海南,赣优157,赣香A×中种恢157,籼型三系杂交稻,中国种子集团有限公司三亚分公司等,琼审稻2016006,琼审稻,2016006,赣香A,中国种子集团有限公司三亚分公司
海南,特优128,龙特甫A×R128,籼型三系杂交稻,广西藤县种子公司等,琼审稻2005007,琼审稻,2005007,龙特甫A,广西藤县种子公司
广西,特优77,龙特甫A×明恢77,籼型三系杂交稻,福建省漳州市农业科学研究所,桂审稻2001119号,桂审稻,2001119,龙特甫A,福建省漳州市农业科学研究所
海南,香龙优726,香龙A×中种恢726,籼型三系杂交稻,中国种子集团有限公司,琼审稻2023008,琼审稻,2023008,香龙A,中国种子集团有限公司
海南,海两优7139,海文486S×海恢7139,籼型两系杂交稻,海南省农业科学院三亚研究院（海南省实验动物研究中心）等,琼审稻2023007,琼审稻,2023007,海文486S,海南省农业科学院三亚研究院（海南省实验动物研究中心）
海南,博优125,博A×HR125,籼型三系杂交稻,湛江海洋大学杂优水稻研究室,琼审稻2005006,琼审稻,2005006,博A,湛江海洋大学杂优水稻研究室
海南,黄华丝苗,五山油占×黄华占,籼型常规稻,深圳市金谷美香实业有限公司,琼审稻2023006,琼审稻,2023006,五山油占,深圳市金谷美香实业有限公司
海南,福田优1676,福田A×HR1676,籼型三系杂交稻,福建省农业科学院水稻研究所等,琼审稻2023005,琼审稻,2023005,福田A,福建省农业科学院水稻研究所
海南,神农糯1号,糯龙特A×糯恢1号,籼型三系杂交稻,海南神农大丰种业科技股份有限公司,琼审稻2005005,琼审稻,2005005,糯龙特A,海南神农大丰种业科技股份有限公司
海南,广泰优6号,广泰A×中种恢6号,籼型三系杂交稻,中国种子集团有限公司等,琼审稻2023004,琼审稻,2023004,广泰A,中国种子集团有限公司
海南,丽人紫,紫米132×优丰162,籼型常规稻,湖南省水稻研究所,琼审稻2013019,琼审稻,2013019,紫米132,湖南省水稻研究所
海南,特优131,龙特浦A×R131,籼型三系杂交稻,符致波等,琼审稻2019013,琼审稻,2019013,龙特浦A,符致波
海南,银花占2号,小银占×粤香占,籼型常规稻,广东省农业科学院水稻研究所,琼审稻2005004,琼审稻,2005004,小银占,广东省农业科学院水稻研究所
海南,美两优秋香,美香93S×优能秋香,籼型两系杂交稻,广州优能达稻米科技有限公司,琼审稻2023003,琼审稻,2023003,美香93S,广州优能达稻米科技有限公司
海南,东丰优208,东丰A×新恢208,籼型三系杂交稻,海南波莲水稻基因科技有限公司等,琼审稻2019012,琼审稻,2019012,东丰A,海南波莲水稻基因科技有限公司
海南,金糯6号,当地农家种×金6糯,籼型常规稻,三亚金稻谷南繁种业有限公司,琼审稻2013018,琼审稻,2013018,当地农家种,三亚金稻谷南繁种业有限公司
海南,特优089,龙特浦A×澄恢089,籼型三系杂交稻,澄迈金丰种业有限责任公司,琼审稻2016005,琼审稻,2016005,龙特浦A,澄迈金丰种业有限责任公司
海南,粤农丝苗,黄华占×粤泰13,籼型常规稻,广东省农业科学院水稻研究所,琼审稻2013017,琼审稻,2013017,黄华占,广东省农业科学院水稻研究所
海南,恒丰优7166,恒丰A×R7166,籼型三系杂交稻,广东粤良种业有限公司,琼审稻2016004,琼审稻,2016004,恒丰A,广东粤良种业有限公司
海南,青香优丝苗,青香A×金青占,籼型三系杂交稻,袁氏种业高科技有限公司,琼审稻2023002,琼审稻,2023002,青香A,袁氏种业高科技有限公司
海南,博Ⅱ优128,博ⅡA×广恢128,籼型三系杂交稻,海南省农业科学院水稻研究所,琼审稻2005003,琼审稻,2005003,博ⅡA,海南省农业科学院水稻研究所
海南,金博A,博A×金博B,籼型不育系,海南海亚南繁种业有限公司,琼审稻2009026,琼审稻,2009026,博A,海南海亚南繁种业有限公司
广西,优优122,优ⅠA×广恢122,籼型三系杂交稻,广东省农业科学院水稻研究所,桂审稻2001118号,桂审稻,2001118,优ⅠA,广东省农业科学院水稻研究所
海南,两优866,徽农S×R7116,籼型两系杂交稻,海南广陵高科实业有限公司等,琼审稻2019011,琼审稻,2019011,徽农S,海南广陵高科实业有限公司
海南,特优7166,龙特浦A×粤恢716,籼型三系杂交稻,广东粤良种业有限公司,琼审稻2016003,琼审稻,2016003,龙特浦A,广东粤良种业有限公司
海南,特优315,龙特甫A×FR315,籼型三系杂交稻,福建神农大丰种业科技有限公司,琼审稻2013016,琼审稻,2013016,龙特甫A,福建神农大丰种业科技有限公司
海南,甲A,博A×甲B,籼型不育系,海南海亚南繁种业有限公司,琼审稻2009025,琼审稻,2009025,博A,海南海亚南繁种业有限公司
海南,稆两优质美,稆S×华创质美,籼型两系杂交稻,福建旺穗种业有限公司等,琼审稻2023001,琼审稻,2023001,稆S,福建旺穗种业有限公司
海南,博优华占,博A×华占,籼型三系杂交稻,中国水稻研究所等,琼审稻2013015,琼审稻,2013015,博A,中国水稻研究所
海南,盐416S,C815S×泰丰B,籼型不育系,三亚市国家耐盐碱水稻技术创新中心等,琼审稻2022024,琼审稻,2022024,C815S,三亚市国家耐盐碱水稻技术创新中心
海南,福两优366,SE21S×R366,籼型两系杂交稻,福建省农业科学院福州国家水稻改良分中心等,琼审稻2019010,琼审稻,2019010,SE21S,福建省农业科学院福州国家水稻改良分中心
海南,晶两优华占,晶4155S×华占,籼型两系杂交稻,袁隆平农业高科技股份有限公司等,琼审稻2016002,琼审稻,2016002,晶4155S,袁隆平农业高科技股份有限公司
海南,Ⅱ优1288,Ⅱ-32A×R1288,籼型三系杂交稻,海南农业科学院粮食作物研究所,琼审稻2009024,琼审稻,2009024,Ⅱ-32A,海南农业科学院粮食作物研究所
海南,谷优3301,谷丰A×闽恢3301,籼型三系杂交稻,福建省农业科学院生物技术研究所,琼审稻2013014,琼审稻,2013014,谷丰A,福建省农业科学院生物技术研究所
海南,Ⅱ优3301,Ⅱ-32A×闽恢3301,籼型三系杂交稻,福建省农业科学院生物技术研究所,琼审稻2013013,琼审稻,2013013,Ⅱ-32A,福建省农业科学院生物技术研究所
海南,佳优长晶,华占×玉针香,籼型常规稻,湖南佳和种业股份有限公司等,琼审稻2022023,琼审稻,2022023,华占,湖南佳和种业股份有限公司
海南,旗1优759,旗1A×福恢759,籼型三系杂交稻,福建农业科学院水稻研究所等,琼审稻2019009,琼审稻,2019009,旗1A,福建农业科学院水稻研究所
海南,糯两优6191,糯56S×品糯R191,籼型两系杂交稻,福建农林大学农产品品质研究所等,琼审稻2022022,琼审稻,2022022,糯56S,福建农林大学农产品品质研究所
海南,T优108,T55A×R108,籼型三系杂交稻,四川国豪种业有限公司海南分公司等,琼审稻2009023,琼审稻,2009023,T55A,四川国豪种业有限公司海南分公司
海南,旗1优366,旗1A×R366,籼型三系杂交稻,福建省农业科学院水稻研究所等,琼审稻2016001,琼审稻,2016001,旗1A,福建省农业科学院水稻研究所
海南,海红21,粤禾丝苗×海稻86,籼型常规稻,湖南中种金耘水稻育种研究有限公司等,琼审稻2022021,琼审稻,2022021,粤禾丝苗,湖南中种金耘水稻育种研究有限公司
海南,特优1号,龙特甫A×多系1号,籼型三系杂交稻,海南省农业科学院粮食作物研究所,琼审稻2013012,琼审稻,2013012,龙特甫A,海南省农业科学院粮食作物研究所
海南,海丰3A,秋A×海丰3B,籼型不育系,海南省农业科学院粮食作物研究所,琼审稻2015011,琼审稻,2015011,秋A,海南省农业科学院粮食作物研究所
海南,Ⅱ优2008,Ⅱ-32A×弘恢2008,籼型三系杂交稻,广东海洋大学农业生物技术研究所等,琼审稻2009022,琼审稻,2009022,Ⅱ-32A,广东海洋大学农业生物技术研究所
海南,椰丰优28,椰丰A×神恢28,籼型三系杂交稻,海南神农大丰种业科技股份有限公司,琼审稻2009021,琼审稻,2009021,椰丰A,海南神农大丰种业科技股份有限公司
海南,金18S,湘陵628S×GDS-1/C815S,籼型不育系,湖南金健种业科技有限公司,琼审稻2015010,琼审稻,2015010,湘陵628S,湖南金健种业科技有限公司
海南,粤优589,粤泰A×RT589,籼型三系杂交稻,中国热带农业科学院热带作物品种资源研究所,琼审稻2009020,琼审稻,2009020,粤泰A,中国热带农业科学院热带作物品种资源研究所
海南,海亚香糯,万冲农家香糯×HN23,籼型常规稻,海南海亚南繁种业有限公司,琼审稻2015009,琼审稻,2015009,万冲农家香糯,海南海亚南繁种业有限公司
海南,特优863,龙特甫A×海恢863,籼型三系杂交稻,海南海亚南繁种业有限公司,琼审稻2009019,琼审稻,2009019,龙特甫A,海南海亚南繁种业有限公司
海南,野香优2998,野香A×R2998,籼型三系杂交稻,广西绿海种业有限公司,琼审稻2015008,琼审稻,2015008,野香A,广西绿海种业有限公司
海南,特优2011,龙特甫A×海恢2011,籼型三系杂交稻,海南省农业科学院粮食作物研究所,琼审稻2022020,琼审稻,2022020,龙特甫A,海南省农业科学院粮食作物研究所
海南,佳两优7813,378s×佳恢13,籼型两系杂交稻,福建农林大学作物科学学院等,琼审稻2013011,琼审稻,2013011,378s,福建农林大学作物科学学院
海南,粤优8306,粤泰A×R8306,籼型三系杂交稻,海南广陵高科实业有限公司,琼审稻2009018,琼审稻,2009018,粤泰A,海南广陵高科实业有限公司
海南,汉两优219,汉S×R219,籼型两系杂交稻,湖南佳和种业股份有限公司等,琼审稻2022019,琼审稻,2022019,汉S,湖南佳和种业股份有限公司
海南,华优008,Y华农A×佛恢008,籼型三系杂交稻,佛山市农业科学研究所等,琼审稻2013010,琼审稻,2013010,Y华农A,佛山市农业科学研究所
海南,禾丰优76,禾丰A×神恢76,籼型三系杂交稻,海南神农大丰种业科技股份有限公司,琼审稻2009017,琼审稻,2009017,禾丰A,海南神农大丰种业科技股份有限公司
海南,潢优808,潢达A×福恢808,籼型三系杂交稻,福建省农业科学院水稻研究所,琼审稻2022018,琼审稻,2022018,潢达A,福建省农业科学院水稻研究所
海南,旭98S,旭06-16×培矮64S,籼型不育系,益阳市农业科学研究所,琼审稻2013009,琼审稻,2013009,旭06-16,益阳市农业科学研究所
海南,华优香占,Y华农A×花香占,籼型三系杂交稻,华南农业大学农学院,琼审稻2009016,琼审稻,2009016,Y华农A,华南农业大学农学院
海南,鑫两优香8,鑫香81S×鑫香118,籼型两系杂交稻,合肥市友鑫生物技术研究中心,琼审稻2022017,琼审稻,2022017,鑫香81S,合肥市友鑫生物技术研究中心
海南,龙优486,龙A×泰486,籼型三系杂交稻,广东源泰农业科技有限公司,琼审稻2013008,琼审稻,2013008,龙A,广东源泰农业科技有限公司
海南,明两优143,明S×P143,籼型两系杂交稻,国家杂交水稻工程技术研究中心,琼审稻2015007,琼审稻,2015007,明S,国家杂交水稻工程技术研究中心
海南,禾丰优28,禾丰A×神恢28,籼型三系杂交稻,海南神农大丰种业科技股份有限公司,琼审稻2009015,琼审稻,2009015,禾丰A,海南神农大丰种业科技股份有限公司
海南,Y两优7号,Y58S×R163,籼型两系杂交稻,湖南杂交水稻研究中心,琼审稻2015006,琼审稻,2015006,Y58S,湖南杂交水稻研究中心
海南,金山优196,金山A-1×R196,籼型三系杂交稻,神州纳科农作物育种研究所等,琼审稻2009014,琼审稻,2009014,金山A-1,神州纳科农作物育种研究所
海南,特优716,龙特甫A×南恢716,籼型三系杂交稻,福建省南平市农业科学研究所,琼审稻2009013,琼审稻,2009013,龙特甫A,福建省南平市农业科学研究所
海南,花2优86,花2A×明恢86,籼型三系杂交稻,福建农林大学作物科学学院,琼审稻2015005,琼审稻,2015005,花2A,福建农林大学作物科学学院
海南,科珞优4302,珞红6A×亚恢43-02,籼型三系杂交稻,中国科学院亚热带农业生态研究所等,琼审稻2022016,琼审稻,2022016,珞红6A,中国科学院亚热带农业生态研究所
海南,莲香A,粤丰A×莲香B,籼型不育系,海南神农丰田种业有限公司,琼审稻2009012,琼审稻,2009012,粤丰A,海南神农丰田种业有限公司
海南,龙两优750,龙S×中恢750,籼型两系杂交稻,中国种子集团有限公司三亚分公司等,琼审稻2015004,琼审稻,2015004,龙S,中国种子集团有限公司三亚分公司
海南,科优8377,金科1A×R8377,籼型三系杂交稻,武汉金科生物技术有限公司,琼审稻2009011,琼审稻,2009011,金科1A,武汉金科生物技术有限公司
海南,瑞两优1053,瑞丰S×R1053,籼型两系杂交稻,长沙利诚种业有限公司等,琼审稻2022015,琼审稻,2022015,瑞丰S,长沙利诚种业有限公司
海南,博Ⅱ优818,博ⅡA×海恢818,籼型三系杂交稻,海南省农业科学院粮食作物研究所,琼审稻2015003,琼审稻,2015003,博ⅡA,海南省农业科学院粮食作物研究所
海南,谷优824,谷丰A×弘恢824,籼型三系杂交稻,广东天弘种业有限公司,琼审稻2022014,琼审稻,2022014,谷丰A,广东天弘种业有限公司
海南,博Ⅱ优33,博ⅡA×红恢SR33M,籼型三系杂交稻,海南海亚南繁种业有限公司,琼审稻2015002,琼审稻,2015002,博ⅡA,海南海亚南繁种业有限公司
海南,丰优6323,丰海A×MH6323,籼型三系杂交稻,中国科学院遗传与发育生物学研究所等,琼审稻2009010,琼审稻,2009010,丰海A,中国科学院遗传与发育生物学研究所
海南,深优95-669,深95A×R669,籼型三系杂交稻,中国科学院遗传与发育生物学研究所等,琼审稻2015001,琼审稻,2015001,深95A,中国科学院遗传与发育生物学研究所
海南,爽两优113,爽1S×爽恢113,籼型两系杂交稻,湖南杂交水稻研究中心等,琼审稻2022013,琼审稻,2022013,爽1S,湖南杂交水稻研究中心
海南,泷S,Y58S×培矮64S,籼型不育系,湖南正隆农业科技有限公司,琼审稻2014020,琼审稻,2014020,Y58S,湖南正隆农业科技有限公司
海南,葛68A,龙特浦A×葛68B,籼型不育系,湖南正隆农业科技有限公司,琼审稻2014019,琼审稻,2014019,龙特浦A,湖南正隆农业科技有限公司
海南,Ⅱ优798,Ⅱ-32A×海恢798,籼型三系杂交稻,海南海亚南繁种业有限公司,琼审稻2009009,琼审稻,2009009,Ⅱ-32A,海南海亚南繁种业有限公司
海南,热农2A,丰源A×热农2B,籼型不育系,中国热带农业科学院热带作物品种资源研究所,琼审稻2014018,琼审稻,2014018,丰源A,中国热带农业科学院热带作物品种资源研究所
海南,博优328,博A×神恢328,籼型三系杂交稻,海南神农大丰种业科技股份有限公司育种中心,琼审稻2009008,琼审稻,2009008,博A,海南神农大丰种业科技股份有限公司育种中心
海南,博Ⅱ优8166,博ⅡA×华恢8166,籼型三系杂交稻,华南农业大学农学院,琼审稻2009007,琼审稻,2009007,博ⅡA,华南农业大学农学院
海南,博Ⅱ优359,博ⅡA×神恢359,籼型三系杂交稻,海南神农大丰种业科技股份有限公司育种中心,琼审稻2009006,琼审稻,2009006,博ⅡA,海南神农大丰种业科技股份有限公司育种中心
海南,博Ⅱ优568,博ⅡA×神恢568,籼型三系杂交稻,海南神农大丰种业科技股份有限公司育种中心,琼审稻2009005,琼审稻,2009005,博ⅡA,海南神农大丰种业科技股份有限公司育种中心
海南,博Ⅱ优3618,博ⅡA×广恢3618,籼型三系杂交稻,广东省农业科学院水稻研究所,琼审稻2009004,琼审稻,2009004,博ⅡA,广东省农业科学院水稻研究所
海南,金龙优263,金龙A×中种恢263,籼型三系杂交稻,中国种子集团有限公司等,琼审稻2022012,琼审稻,2022012,金龙A,中国种子集团有限公司
海南,徽晶S,广占63-4S×Y58S,籼型不育系,潜江市潜丰种业有限公司等,琼审稻2022011,琼审稻,2022011,广占63-4S,潜江市潜丰种业有限公司
海南,万金优15,万金A×HR15,籼型三系杂交稻,广东海洋大学农业生物技术研究所,琼审稻2009003,琼审稻,2009003,万金A,广东海洋大学农业生物技术研究所
海南,博Ⅱ优1586,博ⅡA×R1586,籼型三系杂交稻,海南省农业科学院粮食作物研究所,琼审稻2009002,琼审稻,2009002,博ⅡA,海南省农业科学院粮食作物研究所
海南,椰丰优506,椰丰A×神恢506,籼型三系杂交稻,海南神农大丰种业科技股份有限公司育种中心,琼审稻2009001,琼审稻,2009001,椰丰A,海南神农大丰种业科技股份有限公司育种中心
海南,瑞丰A,枝A×瑞丰B,籼型不育系,海南海亚南繁种业有限公司,琼审稻2008025,琼审稻,2008025,枝A,海南海亚南繁种业有限公司
海南,海秀占9号,矮秀占×丰穗占5号,籼型常规稻,海南省农业科学院粮食作物研究所,琼审稻2008024,琼审稻,2008024,矮秀占,海南省农业科学院粮食作物研究所
